0 0.366081 0.452272 0.365974 0.436288 0.324275 0.436445 0.324382 0.452428
0 0.474553 0.477594 0.474787 0.457609 0.446093 0.45742 0.445859 0.477405
0 0.643758 0.131583 0.645325 0.113496 0.610531 0.111799 0.608963 0.129887
0 0.0529888 0.519087 0.0541848 0.498246 0.0227755 0.497232 0.0215795 0.518073
0 0.474393 0.300117 0.473714 0.284906 0.438236 0.285797 0.438915 0.301008
0 0.688783 0.155319 0.688361 0.13306 0.665121 0.133307 0.665542 0.155566
0 0.723224 0.702597 0.723521 0.68071 0.667627 0.680284 0.66733 0.70217
0 0.737629 0.174497 0.73932 0.14903 0.710863 0.147967 0.709172 0.173434
0 0.942238 0.416286 0.941638 0.396359 0.884715 0.397323 0.885315 0.417249
0 0.684631 0.0665737 0.683698 0.0399396 0.663402 0.0403394 0.664334 0.0669735
0 0.234672 0.455249 0.233985 0.438998 0.193224 0.439968 0.193911 0.456219
0 0.603934 0.39486 0.605015 0.370888 0.573497 0.370089 0.572416 0.39406
0 0.101153 0.543 0.100831 0.526857 0.0598185 0.527317 0.0601409 0.543461
0 0.341254 0.394118 0.345165 0.373245 0.305052 0.369017 0.301141 0.38989
0 0.317343 0.360375 0.319583 0.336075 0.291605 0.334624 0.289365 0.358925
0 0.336454 0.67619 0.336709 0.656706 0.289872 0.656362 0.289618 0.675845
0 0.533675 0.197167 0.534017 0.184618 0.508795 0.184232 0.508453 0.196781
0 0.952576 0.992145 0.953199 0.968944 0.900951 0.968154 0.900327 0.991355
0 0.418248 0.349953 0.418372 0.335351 0.378944 0.335163 0.378821 0.349765
0 0.143323 0.618284 0.143161 0.593412 0.112954 0.593523 0.113116 0.618395
0 0.284575 0.258993 0.285465 0.235092 0.255644 0.234468 0.254754 0.258368
0 0.32225 0.416306 0.327404 0.397686 0.291343 0.392071 0.286189 0.410692
0 0.0411454 0.610113 0.0414411 0.596216 0.00831479 0.59582 0.00801907 0.609716
0 0.732035 0.223615 0.732448 0.204345 0.703408 0.203996 0.702995 0.223265
0 0.295627 0.433573 0.299507 0.410596 0.264545 0.407275 0.260664 0.430252
0 0.376456 0.955875 0.375864 0.92161 0.333461 0.922022 0.334054 0.956288
0 0.386558 0.410485 0.388741 0.39248 0.353726 0.390091 0.351543 0.408097
0 0.871486 0.0515588 0.870199 0.0308208 0.82525 0.0323893 0.826537 0.0531273
0 0.75711 0.111449 0.757073 0.0952436 0.717454 0.0952948 0.717491 0.1115
0 0.482144 0.348042 0.482068 0.320043 0.460698 0.320076 0.460775 0.348075
0 0.671267 0.771912 0.671466 0.741988 0.645569 0.741892 0.645371 0.771815
0 0.402722 0.245571 0.402035 0.230252 0.363775 0.231217 0.364462 0.246536
0 0.365324 0.593246 0.36646 0.567416 0.331823 0.566559 0.330687 0.592389
0 0.517779 0.311004 0.516977 0.280516 0.489984 0.280915 0.490786 0.311403
0 0.494081 0.168871 0.493135 0.140395 0.460729 0.141001 0.461675 0.169476
0 0.923066 0.202809 0.924166 0.175515 0.881554 0.174549 0.880454 0.201844
0 0.524273 0.559378 0.524598 0.527305 0.488198 0.527098 0.487873 0.55917
0 0.418843 0.28521 0.419358 0.26891 0.40163 0.268595 0.401115 0.284895
0 0.81922 0.0451003 0.819541 0.0248648 0.796175 0.0246558 0.795854 0.0448914
0 0.703056 0.451982 0.703412 0.426011 0.677537 0.425812 0.677181 0.451783
0 0.677173 0.535768 0.676836 0.510447 0.646428 0.510675 0.646765 0.535996
0 0.534536 0.247181 0.533786 0.222614 0.51344 0.222963 0.514189 0.24753
0 0.481481 0.419548 0.482903 0.402476 0.445218 0.400711 0.443796 0.417783
0 0.773298 0.574628 0.773612 0.551559 0.731386 0.551235 0.731072 0.574305
0 0.368757 0.767766 0.368455 0.733819 0.334227 0.73399 0.334529 0.767937
0 0.601582 0.13376 0.602865 0.111246 0.569075 0.110163 0.567791 0.132676
0 0.705284 0.098645 0.706767 0.0771233 0.684764 0.0762707 0.683282 0.0977925
0 0.519493 0.966682 0.520035 0.940549 0.498501 0.940298 0.497959 0.966431
0 0.164927 0.475346 0.164379 0.453964 0.122028 0.454575 0.122576 0.475956
0 0.371152 0.220291 0.370647 0.203824 0.336805 0.204408 0.33731 0.220875
0 0.749047 0.197565 0.749814 0.181706 0.721998 0.18095 0.721231 0.196808
0 0.44285 0.388961 0.443873 0.364098 0.420201 0.363551 0.419178 0.388414
0 0.586429 0.480154 0.586997 0.460563 0.548572 0.459937 0.548004 0.479528
0 0.22807 0.341134 0.22866 0.31907 0.200841 0.318651 0.20025 0.340715
0 0.591479 0.211568 0.588554 0.180051 0.56239 0.181417 0.565314 0.212934
0 0.454858 0.432533 0.454657 0.409307 0.435425 0.409401 0.435626 0.432626
0 0.633993 0.58751 0.635498 0.562392 0.616773 0.561761 0.615268 0.586879
0 0.613202 0.547337 0.612011 0.507832 0.584552 0.508298 0.585744 0.547803
0 0.18491 0.93305 0.185639 0.914777 0.156883 0.914131 0.156154 0.932405
0 0.487118 0.273067 0.489182 0.25559 0.457021 0.253453 0.454957 0.27093
0 0.629323 0.212793 0.630617 0.173156 0.588702 0.172386 0.587408 0.212023
0 0.785907 0.0321902 0.786714 0.00770994 0.760163 0.00721757 0.759356 0.0316978
0 0.506718 0.241847 0.50674 0.226537 0.485127 0.22652 0.485105 0.241829
0 0.445774 0.33762 0.445655 0.31362 0.423168 0.313683 0.423287 0.337683
0 0.410623 0.313323 0.411933 0.298077 0.387005 0.296872 0.385694 0.312118
0 0.415386 0.371901 0.415049 0.35548 0.38707 0.355802 0.387406 0.372223
0 0.369507 0.340067 0.36973 0.31996 0.350173 0.319838 0.349949 0.339945
0 0.852125 0.00935701 0.851833 -0.000652742 0.824842 -0.000209895 0.825134 0.00979986
0 0.430759 0.312352 0.429078 0.293722 0.411234 0.294628 0.412915 0.313258
0 0.367041 0.348881 0.367541 0.329791 0.34769 0.329499 0.34719 0.348589
0 0.349606 0.353941 0.351445 0.334454 0.331392 0.333389 0.329554 0.352877
0 0.428331 0.306579 0.428202 0.288137 0.411015 0.288205 0.411145 0.306647
0 0.490523 0.251572 0.490722 0.238075 0.463368 0.237848 0.463169 0.251345
0 0.36161 0.346716 0.361964 0.325583 0.338324 0.32536 0.33797 0.346494
0 0.528829 0.360599 0.529145 0.347342 0.507243 0.347049 0.506928 0.360306
0 0.0110605 0.534284 0.010576 0.512365 0.000649795 0.512489 0.00113437 0.534407
0 0.385882 0.328144 0.387034 0.315073 0.365069 0.313984 0.363917 0.327055
0 0.498923 0.244546 0.500553 0.228726 0.470616 0.226991 0.468986 0.242812
