0 0.148007 0.211481 0.148295 0.203219 0.141162 0.203079 0.140875 0.211341
0 0.343415 0.0690075 0.34374 0.0616862 0.335503 0.06148 0.335177 0.0688013
0 0.762796 0.944525 0.763398 0.936234 0.756559 0.935955 0.755957 0.944246
0 0.955597 0.590921 0.955668 0.584834 0.949279 0.584791 0.949208 0.590878
0 0.443099 0.411605 0.443321 0.40584 0.436843 0.4057 0.436621 0.411465
0 0.764482 0.875066 0.764701 0.868233 0.757954 0.868111 0.757734 0.874944
0 0.941896 0.975517 0.942532 0.968567 0.93503 0.968181 0.934394 0.975131
0 0.717758 0.37461 0.717987 0.368752 0.708189 0.368537 0.70796 0.374394
0 0.216824 0.0611574 0.216779 0.055881 0.208019 0.0559231 0.208064 0.0611995
0 0.563513 0.0820612 0.563757 0.0774639 0.558126 0.0772958 0.557882 0.081893
0 0.333014 0.0864311 0.333366 0.0808214 0.324342 0.0805027 0.32399 0.0861124
0 0.741766 0.793955 0.742288 0.786373 0.732362 0.785988 0.73184 0.793571
0 0.626371 0.371531 0.626587 0.366153 0.620818 0.366022 0.620602 0.371401
0 0.225974 0.531542 0.226223 0.52604 0.220165 0.525886 0.219916 0.531388
0 0.90802 0.941167 0.909055 0.931211 0.900579 0.930716 0.899544 0.940672
0 0.718166 0.261155 0.718373 0.25548 0.70827 0.255273 0.708064 0.260948
0 0.629401 0.756494 0.629813 0.749538 0.62336 0.749322 0.622947 0.756279
0 0.925568 0.151833 0.925985 0.143743 0.916976 0.143481 0.916559 0.151572
0 0.914341 0.0518075 0.914726 0.0436119 0.908093 0.043437 0.907709 0.0516326
0 0.712282 0.576157 0.712587 0.568523 0.707677 0.568412 0.707372 0.576047
0 0.859899 0.244148 0.860132 0.238813 0.855052 0.238688 0.854819 0.244024
0 0.264164 0.722886 0.264144 0.718147 0.257874 0.718162 0.257894 0.722901
0 0.927422 0.543897 0.927739 0.536035 0.920088 0.535862 0.919772 0.543724
0 0.71745 0.26284 0.717576 0.256077 0.710583 0.256003 0.710456 0.262766
0 0.359811 0.168881 0.360146 0.162162 0.354573 0.162006 0.354238 0.168725
0 0.693902 0.845944 0.693982 0.840745 0.686501 0.84068 0.686422 0.84588
0 0.928816 0.431633 0.928925 0.426861 0.92264 0.426781 0.922531 0.431553
0 0.133502 0.47422 0.133783 0.467905 0.124898 0.467683 0.124617 0.473998
0 0.407743 0.338821 0.408593 0.330596 0.395413 0.32983 0.394563 0.338055
0 0.941815 0.581743 0.94213 0.575407 0.930887 0.575093 0.930572 0.581428
0 0.708957 0.468868 0.709335 0.462082 0.70279 0.461877 0.702412 0.468663
0 0.164539 0.361222 0.164596 0.355841 0.157999 0.355801 0.157942 0.361183
0 0.874639 0.65125 0.875255 0.643472 0.866048 0.643062 0.865432 0.65084
0 0.91167 0.456638 0.911769 0.451832 0.905015 0.451753 0.904916 0.456559
0 0.125619 0.390124 0.1262 0.381234 0.118785 0.380962 0.118204 0.389851
0 0.3685 0.56337 0.368812 0.555855 0.358294 0.555609 0.357982 0.563125
0 0.15008 0.114443 0.150181 0.109905 0.142284 0.109806 0.142183 0.114344
0 0.147079 0.116641 0.147655 0.105852 0.141022 0.105652 0.140446 0.116442
0 0.649924 0.612059 0.650088 0.606137 0.641409 0.606003 0.641245 0.611924
0 0.493182 0.182996 0.493382 0.178811 0.488059 0.178668 0.487859 0.182853
0 0.925105 0.3378 0.925591 0.330978 0.917795 0.330665 0.917309 0.337488
0 0.217662 0.0627268 0.217945 0.0561121 0.210738 0.0559388 0.210456 0.0625535
0 0.647862 0.256425 0.648086 0.249924 0.640767 0.249783 0.640543 0.256283
0 0.125474 0.390009 0.125609 0.383905 0.116418 0.383791 0.116282 0.389895
0 0.923502 0.338358 0.923614 0.333066 0.916354 0.33298 0.916243 0.338272
0 0.925575 0.156345 0.925924 0.147379 0.916833 0.147179 0.916483 0.156145
0 0.558306 0.646175 0.558571 0.641645 0.55032 0.641374 0.550055 0.645904
0 0.416785 0.590223 0.416892 0.585954 0.409367 0.585848 0.40926 0.590117
0 0.679898 0.995324 0.680025 0.990273 0.673371 0.990178 0.673244 0.995229
0 0.908463 0.944104 0.909331 0.933636 0.898843 0.933147 0.897976 0.943615
0 0.404318 0.338424 0.404696 0.329287 0.391647 0.328983 0.391269 0.338121
0 0.650356 0.61298 0.650445 0.607951 0.642688 0.607874 0.642599 0.612903
0 0.591621 0.249775 0.592056 0.24367 0.583913 0.243343 0.583478 0.249449
0 0.608159 0.688846 0.608787 0.681206 0.600657 0.68083 0.600028 0.68847
0 0.575783 0.163193 0.576268 0.156079 0.568314 0.155774 0.56783 0.162888
0 0.941611 0.483664 0.941934 0.478527 0.929322 0.478081 0.928999 0.483219
0 0.953871 0.122136 0.953996 0.117888 0.9416 0.117682 0.941474 0.12193
0 0.958394 0.59412 0.958941 0.584736 0.947236 0.584352 0.946689 0.593736
