0 0.9118 0.302069 0.91128 0.275633 0.872382 0.276995 0.872903 0.303431
0 0.307167 0.306686 0.307385 0.268972 0.281787 0.268709 0.28157 0.306423
0 0.447705 0.487085 0.448558 0.454569 0.417358 0.453115 0.416505 0.48563
0 0.809569 0.312224 0.81026 0.27762 0.764453 0.275994 0.763762 0.310598
0 0.367574 0.193182 0.368097 0.155792 0.340033 0.155094 0.33951 0.192484
0 0.233815 0.328268 0.234178 0.286007 0.210224 0.28564 0.209861 0.327901
0 0.483576 0.346708 0.48529 0.295611 0.457082 0.293929 0.455368 0.345025
0 0.21456 0.893068 0.214228 0.853594 0.169234 0.854267 0.169566 0.893742
0 0.617124 0.378937 0.617747 0.332296 0.592346 0.331692 0.591723 0.378333
0 0.962254 0.247816 0.962542 0.209479 0.935165 0.209112 0.934877 0.24745
0 0.232339 0.545278 0.232079 0.494398 0.204946 0.494644 0.205205 0.545524
0 0.294305 0.913763 0.293627 0.866853 0.261946 0.867667 0.262623 0.914577
0 0.636986 0.788581 0.636367 0.744775 0.592103 0.745887 0.592723 0.789693
0 0.262329 0.577785 0.262744 0.537495 0.239265 0.537065 0.23885 0.577356
0 0.338329 0.532471 0.340711 0.477466 0.314954 0.475483 0.312573 0.530488
0 0.176197 0.566835 0.175197 0.510507 0.143379 0.511511 0.144378 0.567838
0 0.73716 0.13873 0.737112 0.0904544 0.710741 0.090501 0.710789 0.138777
0 0.383598 0.549264 0.390339 0.483622 0.358326 0.477778 0.351585 0.54342
0 0.409316 0.484052 0.411334 0.441258 0.382407 0.438833 0.380389 0.481626
0 0.366023 0.406925 0.368024 0.365574 0.331462 0.362428 0.329461 0.403779
0 0.437138 0.574367 0.437223 0.517098 0.412352 0.517032 0.412267 0.574301
0 0.856677 0.424205 0.859012 0.370042 0.830978 0.367893 0.828643 0.422056
0 0.384518 0.441273 0.386099 0.407715 0.368501 0.406241 0.36692 0.439799
0 0.760956 0.773549 0.762084 0.73869 0.728593 0.736763 0.727464 0.771622
0 0.540942 0.884812 0.54206 0.845029 0.524401 0.844147 0.523283 0.88393
0 0.366119 0.433598 0.368098 0.404322 0.3464 0.401716 0.344422 0.430992
