0 0.704536 0.424798 0.725651 0.357246 0.644271 0.312026 0.623157 0.379578
0 0.204978 0.614136 0.204311 0.52961 0.160304 0.530227 0.160971 0.614753
0 0.617424 0.48951 0.617793 0.419871 0.574562 0.419464 0.574193 0.489103
0 0.235094 0.700653 0.237115 0.62529 0.201109 0.623573 0.199088 0.698936
0 0.863338 0.467398 0.86468 0.402634 0.832627 0.401453 0.831284 0.466217
0 0.351018 0.0973475 0.351937 0.0487595 0.314496 0.0475004 0.313577 0.0960884
0 0.160593 0.823715 0.160944 0.718402 0.127601 0.718204 0.12725 0.823518
0 0.144323 0.337771 0.144574 0.285226 0.113512 0.284962 0.113261 0.337507
0 0.0904988 0.444744 0.0903594 0.368449 0.0508917 0.368577 0.0510311 0.444872
0 0.290595 0.413751 0.291831 0.342042 0.246646 0.340658 0.245411 0.412367
0 0.604871 0.354323 0.606021 0.306557 0.56699 0.304887 0.56584 0.352653
0 0.740559 0.762395 0.743355 0.707728 0.709604 0.704659 0.706808 0.759326
0 0.777073 0.398165 0.778318 0.325873 0.72954 0.32438 0.728295 0.396671
0 0.493323 0.490176 0.492564 0.416285 0.410026 0.417792 0.410784 0.491683
0 0.728823 0.999193 0.728862 0.984001 0.668164 0.983727 0.668125 0.998919
0 0.5015 0.506099 0.497372 0.413663 0.462011 0.41647 0.466139 0.508907
0 0.453519 0.497311 0.455227 0.450242 0.41068 0.447367 0.408971 0.494436
