0 0.742352 0.183653 0.742998 0.172651 0.733599 0.17234 0.732952 0.183343
0 0.114173 0.706559 0.114457 0.697173 0.102102 0.696962 0.101817 0.706348
0 0.769261 0.439233 0.769341 0.431125 0.754362 0.431042 0.754283 0.43915
0 0.410306 0.745197 0.410659 0.737917 0.401972 0.737681 0.401619 0.744961
0 0.848341 0.869556 0.848216 0.862428 0.838618 0.862523 0.838743 0.86965
0 0.883859 0.86211 0.883668 0.855383 0.870336 0.855595 0.870526 0.862322
0 0.141925 0.857157 0.142098 0.850179 0.132433 0.850044 0.132259 0.857021
0 0.544228 0.481793 0.544255 0.476666 0.536461 0.476643 0.536434 0.48177
0 0.292011 0.531757 0.292287 0.524394 0.283937 0.524218 0.283662 0.531581
0 0.0650156 0.131756 0.0655405 0.122012 0.0564904 0.121738 0.0559655 0.131482
0 0.158978 0.119411 0.159182 0.112037 0.151926 0.111924 0.151722 0.119299
0 0.841505 0.0659641 0.8424 0.0560223 0.832003 0.0554961 0.831108 0.0654379
0 0.868162 0.861044 0.868111 0.855264 0.857258 0.855318 0.857309 0.861098
0 0.202428 0.119323 0.202635 0.11272 0.191113 0.112517 0.190906 0.11912
0 0.744928 0.0229589 0.744964 0.0178895 0.738182 0.0178622 0.738146 0.0229316
0 0.428201 0.894074 0.428461 0.88705 0.419375 0.886861 0.419115 0.893885
0 0.483785 0.739218 0.483868 0.733564 0.475315 0.733494 0.475233 0.739148
0 0.399331 0.597145 0.399485 0.592876 0.391394 0.592711 0.39124 0.596981
0 0.258866 0.083497 0.25914 0.0775075 0.25248 0.0773357 0.252205 0.0833252
0 0.175764 0.785573 0.175968 0.780313 0.167833 0.780136 0.167629 0.785396
0 0.128789 0.106433 0.129022 0.100025 0.122419 0.0998897 0.122186 0.106298
0 0.725221 0.247353 0.725412 0.242094 0.716084 0.241903 0.715893 0.247162
0 0.0115012 0.136046 0.0115125 0.128959 0.003132 0.128952 0.00312069 0.136039
0 0.116838 0.125568 0.116709 0.118038 0.10684 0.118133 0.106969 0.125663
0 0.559578 0.0563895 0.559622 0.0479956 0.551856 0.0479728 0.551812 0.0563666
0 0.72705 0.0788227 0.727499 0.0686405 0.719854 0.0684507 0.719405 0.0786329
0 0.225064 0.111967 0.225282 0.105749 0.214258 0.105532 0.21404 0.111749
0 0.658319 0.0463397 0.658757 0.0381323 0.648068 0.0378113 0.64763 0.0460187
0 0.510918 0.73144 0.510843 0.724213 0.495214 0.724304 0.495289 0.73153
0 0.861321 0.406381 0.861517 0.39768 0.846043 0.397485 0.845848 0.406185
0 0.614283 0.719338 0.614815 0.713913 0.607931 0.713533 0.607398 0.718958
0 0.809052 0.131396 0.809525 0.121858 0.801841 0.121644 0.801369 0.131181
0 0.264647 0.845935 0.264817 0.840653 0.256026 0.840494 0.255856 0.845776
0 0.105858 0.706835 0.105923 0.700435 0.0907917 0.700349 0.0907265 0.706749
0 0.24316 0.487886 0.243499 0.481204 0.236606 0.481008 0.236267 0.487689
0 0.0510914 0.297824 0.0515817 0.291423 0.0414869 0.290988 0.0409967 0.297389
0 0.133682 0.159358 0.134007 0.154886 0.124828 0.154511 0.124503 0.158983
0 0.221143 0.131654 0.221674 0.121127 0.20846 0.120752 0.207929 0.131279
0 0.758546 0.870127 0.758788 0.864319 0.745571 0.86401 0.745329 0.869817
0 0.585174 0.141725 0.585199 0.136688 0.579229 0.136671 0.579204 0.141708
0 0.225063 0.128375 0.225501 0.118646 0.212282 0.118312 0.211844 0.12804
0 0.127528 0.123435 0.127344 0.11592 0.118384 0.116043 0.118568 0.123558
