0 0.914199 0.549403 0.914248 0.542751 0.907752 0.542724 0.907703 0.549376
0 0.608544 0.123591 0.608822 0.117791 0.599888 0.11755 0.59961 0.12335
0 0.829123 0.84455 0.829475 0.838687 0.822819 0.838462 0.822467 0.844325
0 0.848032 0.212921 0.8482 0.205604 0.841254 0.205515 0.841086 0.212832
0 0.758641 0.544134 0.758975 0.53611 0.75067 0.535915 0.750337 0.54394
0 0.92497 0.835126 0.925274 0.829679 0.917053 0.829421 0.916749 0.834868
0 0.826111 0.815979 0.826859 0.806 0.817802 0.805618 0.817054 0.815597
0 0.275035 0.0843154 0.275218 0.0787617 0.265467 0.0785808 0.265284 0.0841345
0 0.958514 0.856946 0.958965 0.850464 0.949725 0.850102 0.949274 0.856584
0 0.908445 0.481963 0.908712 0.475981 0.899203 0.475742 0.898936 0.481724
0 0.910305 0.531524 0.91042 0.525744 0.904568 0.525678 0.904452 0.531458
0 0.626288 0.744215 0.626589 0.737228 0.619063 0.737045 0.618761 0.744032
0 0.776116 0.41887 0.776589 0.409106 0.768425 0.408884 0.767952 0.418648
0 0.664796 0.6201 0.664959 0.61514 0.657738 0.615007 0.657575 0.619967
0 0.345591 0.181991 0.345784 0.177885 0.341007 0.177759 0.340815 0.181865
0 0.403381 0.373838 0.403518 0.368148 0.391609 0.367988 0.391472 0.373677
0 0.60823 0.62529 0.608677 0.61545 0.595292 0.615109 0.594845 0.624949
0 0.500374 0.25752 0.50059 0.252562 0.491678 0.252343 0.491463 0.257302
0 0.776802 0.416091 0.77737 0.406294 0.768975 0.40602 0.768407 0.415816
0 0.835876 0.12654 0.836008 0.122535 0.831645 0.122455 0.831513 0.126459
0 0.4624 0.374307 0.462746 0.368508 0.457115 0.368319 0.456769 0.374118
0 0.710623 0.156373 0.711056 0.148435 0.703842 0.148213 0.703409 0.156151
0 0.203073 0.131885 0.203377 0.12659 0.191754 0.126214 0.19145 0.131509
0 0.426027 0.385583 0.426241 0.380943 0.420141 0.380784 0.419927 0.385424
0 0.649025 0.23151 0.649441 0.223363 0.641064 0.223123 0.640648 0.231269
0 0.627114 0.382002 0.627174 0.377736 0.621625 0.377693 0.621566 0.381958
0 0.274688 0.325076 0.275257 0.31863 0.265251 0.318133 0.264682 0.324579
0 0.922168 0.837709 0.922461 0.829058 0.915666 0.828929 0.915374 0.83758
0 0.531351 0.16547 0.531521 0.156247 0.524644 0.156175 0.524475 0.165398
0 0.453624 0.447844 0.45375 0.443345 0.4416 0.443153 0.441474 0.447652
0 0.558619 0.15913 0.558723 0.155291 0.551935 0.155188 0.551831 0.159027
0 0.220257 0.109651 0.220578 0.103596 0.208278 0.103229 0.207957 0.109284
0 0.924662 0.592334 0.924618 0.586223 0.915542 0.58626 0.915586 0.592371
0 0.218534 0.112626 0.219061 0.103135 0.213139 0.10295 0.212612 0.112441
0 0.224924 0.109627 0.225256 0.104052 0.211633 0.103596 0.211302 0.109171
