0 0.312206 0.594062 0.311575 0.507185 0.177369 0.508918 0.178 0.595795
0 0.797041 0.551106 0.795164 0.400122 0.722359 0.401731 0.724236 0.552716
0 0.448003 0.283097 0.448784 0.148491 0.39724 0.147959 0.396459 0.282565
0 0.0686397 0.568856 0.0714893 0.484101 -0.000137164 0.47982 -0.00298669 0.564575
0 0.683493 0.495923 0.683417 0.355903 0.54542 0.356036 0.545496 0.496055
0 0.26062 0.951242 0.259194 0.807443 0.192493 0.808619 0.193919 0.952419
0 0.370562 0.37834 0.373969 0.237515 0.280263 0.233485 0.276857 0.37431
0 0.120616 0.0356565 0.120718 -0.00313423 0.047937 -0.00347431 0.0478351 0.0353165
0 0.0215449 0.940794 0.0216601 0.86269 -0.00163334 0.862629 -0.00174859 0.940733
0 1.00039 0.543409 1.00079 0.465934 0.981448 0.46576 0.981056 0.543235
0 0.389332 0.271347 0.389151 0.241876 0.353429 0.242267 0.353611 0.271738
0 0.314759 0.587017 0.31445 0.526979 0.245504 0.52761 0.245813 0.587648
0 0.314688 0.370157 0.316725 0.307514 0.269919 0.304808 0.267882 0.367451
