0 0.862294 0.89855 0.862459 0.892042 0.854696 0.891931 0.854531 0.89844
0 0.442699 0.360058 0.442788 0.355353 0.435879 0.35528 0.43579 0.359984
0 0.901629 0.932494 0.902056 0.924827 0.891559 0.924499 0.891132 0.932166
0 0.765383 0.585353 0.765478 0.580068 0.758012 0.579992 0.757917 0.585277
0 0.686558 0.264598 0.68654 0.260387 0.679702 0.260403 0.679719 0.264614
0 0.55498 0.768847 0.555037 0.762033 0.547879 0.761999 0.547821 0.768813
0 0.735364 0.888748 0.735738 0.879397 0.724899 0.879153 0.724524 0.888504
0 0.882314 0.443963 0.882622 0.436406 0.874205 0.436213 0.873896 0.44377
0 0.592762 0.156435 0.593159 0.149881 0.587238 0.149679 0.586841 0.156234
0 0.90886 0.544229 0.909065 0.539707 0.902233 0.539533 0.902029 0.544055
0 0.479394 0.206388 0.479608 0.199785 0.47275 0.19966 0.472537 0.206264
0 0.65848 0.639494 0.658566 0.633928 0.649641 0.63385 0.649555 0.639416
0 0.535281 0.360121 0.535586 0.354913 0.524941 0.354563 0.524636 0.359771
0 0.626772 0.0899163 0.62725 0.0812276 0.620604 0.0810222 0.620126 0.0897108
0 0.408254 0.483498 0.408594 0.478344 0.399117 0.477992 0.398777 0.483146
0 0.430297 0.419054 0.430876 0.412354 0.424476 0.412043 0.423897 0.418743
0 0.883528 0.441689 0.883637 0.436985 0.874963 0.436872 0.874854 0.441576
0 0.9252 0.082582 0.925511 0.0765454 0.916609 0.0762876 0.916298 0.0823243
0 0.610504 0.658911 0.610658 0.654403 0.60413 0.654278 0.603977 0.658786
0 0.458902 0.281328 0.45928 0.274067 0.453011 0.273883 0.452632 0.281144
0 0.558382 0.769277 0.558739 0.763176 0.546757 0.762782 0.5464 0.768883
0 0.556649 0.663649 0.556657 0.65962 0.549401 0.659612 0.549393 0.663641
0 0.910533 0.502189 0.910881 0.493723 0.905018 0.493588 0.90467 0.502054
0 0.908907 0.451007 0.909299 0.443672 0.901069 0.443425 0.900678 0.450759
0 0.58102 0.521216 0.58108 0.515219 0.571865 0.515167 0.571805 0.521164
0 0.675438 0.781423 0.676021 0.773083 0.66893 0.772804 0.668346 0.781144
0 0.902397 0.932267 0.902523 0.924648 0.896588 0.924593 0.896462 0.932212
0 0.497785 0.0940537 0.498313 0.0861918 0.490525 0.0858975 0.489996 0.0937594
0 0.626639 0.0887512 0.626775 0.0832434 0.616561 0.0831023 0.616426 0.0886102
0 0.741627 0.860102 0.741953 0.852394 0.729237 0.852091 0.728911 0.859799
0 0.909067 0.031378 0.90965 0.0231071 0.90346 0.0228617 0.902877 0.0311326
0 0.233973 0.53243 0.234294 0.527375 0.225138 0.527048 0.224817 0.532103
0 0.239308 0.128313 0.239388 0.124267 0.232946 0.124196 0.232866 0.128241
0 0.243131 0.129141 0.24392 0.11879 0.236062 0.118453 0.235272 0.128804
0 0.325145 0.706458 0.325547 0.699757 0.317712 0.699492 0.31731 0.706193
0 0.642728 0.601245 0.64321 0.593743 0.635975 0.593481 0.635493 0.600983
0 0.600294 0.607116 0.601156 0.59987 0.591858 0.599248 0.590996 0.606494
0 0.214678 0.470786 0.215102 0.465159 0.208363 0.464874 0.20794 0.470501
