0 0.296007 0.929745 0.29555 0.911103 0.257431 0.911628 0.257888 0.93027
0 0.121378 0.137863 0.121926 0.118035 0.0990363 0.11768 0.0984885 0.137507
0 0.760605 0.196912 0.760594 0.173123 0.736106 0.173129 0.736116 0.196918
0 0.0427227 0.493002 0.041698 0.465478 0.0140907 0.466056 0.0151153 0.49358
0 0.198095 0.222815 0.19838 0.20161 0.174402 0.201429 0.174117 0.222634
0 0.0335802 0.837928 0.0332584 0.819331 0.0156223 0.819503 0.0159441 0.8381
0 0.164097 0.174358 0.16464 0.157988 0.137078 0.157474 0.136535 0.173844
0 0.347199 0.217107 0.347173 0.190263 0.325984 0.190275 0.32601 0.217118
0 0.111717 0.894773 0.113565 0.866817 0.083655 0.865704 0.0818068 0.893661
0 0.103939 0.322848 0.104492 0.297335 0.0799561 0.297036 0.0794029 0.322549
0 0.68478 0.225515 0.686995 0.197634 0.657529 0.196317 0.655314 0.224198
0 0.0632564 0.206198 0.0639901 0.183757 0.0377109 0.183274 0.0369772 0.205715
0 0.102892 0.277021 0.102651 0.264129 0.0713434 0.264459 0.0715846 0.277351
0 0.835607 0.124922 0.835885 0.0973556 0.812468 0.0972228 0.81219 0.124789
0 0.386464 0.21789 0.38532 0.184243 0.361624 0.184696 0.362768 0.218343
0 0.126195 0.295284 0.126944 0.274172 0.0977428 0.273589 0.0969938 0.294701
0 0.831039 0.209827 0.83137 0.197449 0.811584 0.197151 0.811253 0.209529
0 0.574126 0.19885 0.576062 0.178273 0.554366 0.177125 0.55243 0.197702
0 0.944848 0.229329 0.945301 0.204186 0.924856 0.203978 0.924402 0.229122
0 0.0149044 0.611106 0.0155406 0.593583 8.98268e-05 0.593268 -0.00054634 0.61079
0 0.250947 0.47056 0.251625 0.45419 0.232402 0.453742 0.231724 0.470112
0 0.87511 0.782901 0.875297 0.777884 0.866906 0.777709 0.866719 0.782725
