0 0.563162 0.268036 0.562801 0.251557 0.523109 0.252045 0.52347 0.268525
0 0.503788 0.388033 0.503086 0.366991 0.457469 0.367847 0.458171 0.388889
0 0.630788 0.30442 0.631204 0.269006 0.602311 0.268815 0.601896 0.30423
0 0.26447 0.684512 0.263772 0.668033 0.225839 0.668938 0.226537 0.685417
0 0.484082 0.706727 0.485147 0.689269 0.45216 0.688137 0.451095 0.705595
0 0.418454 0.601954 0.417902 0.588996 0.390875 0.589644 0.391427 0.602602
0 0.54152 0.722548 0.540446 0.705422 0.5092 0.706525 0.510274 0.723651
0 0.621019 0.933909 0.619147 0.905646 0.596756 0.90648 0.598627 0.934743
0 0.439564 0.5048 0.439085 0.490064 0.406511 0.490659 0.40699 0.505396
0 0.439917 0.473265 0.439607 0.458716 0.408692 0.459087 0.409002 0.473635
0 0.574631 0.971998 0.575097 0.945841 0.53714 0.945462 0.536674 0.971618
0 0.546373 0.469568 0.545864 0.454115 0.509719 0.454786 0.510229 0.470239
0 0.376448 0.660802 0.376391 0.647657 0.349469 0.647722 0.349526 0.660868
0 0.53354 0.634606 0.532582 0.621359 0.505134 0.622476 0.506092 0.635723
0 0.454965 0.20354 0.45519 0.177399 0.409375 0.177176 0.409149 0.203317
0 0.391515 0.531525 0.391188 0.511289 0.369267 0.511489 0.369594 0.531724
0 0.542395 0.612518 0.541775 0.600218 0.516778 0.600927 0.517398 0.613227
0 0.383035 0.554821 0.382536 0.540132 0.347661 0.540797 0.348159 0.555486
0 0.489915 0.728766 0.490433 0.712345 0.465021 0.711894 0.464503 0.728315
0 0.315528 0.436505 0.316139 0.41355 0.282494 0.413046 0.281883 0.436002
0 0.51457 0.67766 0.517303 0.655114 0.49051 0.653288 0.487777 0.675833
0 0.563568 0.690235 0.564235 0.673494 0.540947 0.672972 0.540279 0.689713
0 0.50983 0.56069 0.509396 0.543928 0.476783 0.544403 0.477218 0.561166
0 0.561839 0.631121 0.563705 0.610716 0.542228 0.609611 0.540362 0.630016
0 0.398961 0.498818 0.398919 0.4847 0.366887 0.484753 0.366929 0.49887
0 0.559427 0.572667 0.56029 0.55636 0.538588 0.555714 0.537724 0.572021
0 0.341775 0.546965 0.341997 0.533151 0.319038 0.532944 0.318816 0.546758
0 0.564334 0.742166 0.566851 0.718932 0.542791 0.717465 0.540273 0.740699
0 0.473625 0.511736 0.47394 0.499132 0.446692 0.498748 0.446376 0.511353
0 0.35775 0.509275 0.358352 0.493709 0.321776 0.492912 0.321173 0.508479
0 0.522962 0.757183 0.522319 0.741188 0.484752 0.742038 0.485395 0.758033
0 0.273726 0.440273 0.273616 0.426297 0.246483 0.426418 0.246594 0.440393
0 0.15905 0.448494 0.159293 0.433846 0.13672 0.433635 0.136477 0.448283
0 0.360501 0.444995 0.359883 0.430994 0.330435 0.431725 0.331053 0.445726
0 0.477171 0.533894 0.477378 0.517531 0.445359 0.517302 0.445151 0.533666
0 0.507294 0.83788 0.506691 0.810529 0.483767 0.810813 0.48437 0.838165
0 0.454159 0.595493 0.455144 0.577224 0.433164 0.576557 0.432178 0.594826
0 0.572975 0.754286 0.574058 0.739498 0.554012 0.738672 0.55293 0.75346
0 0.399528 0.46034 0.399731 0.446922 0.37144 0.446682 0.371237 0.4601
0 0.402197 0.479169 0.402357 0.462963 0.379772 0.462838 0.379612 0.479043
0 0.526094 0.583314 0.526279 0.571004 0.499831 0.57078 0.499646 0.583091
0 0.573697 0.845961 0.57381 0.821555 0.54862 0.821489 0.548508 0.845896
0 0.523725 0.529917 0.524364 0.517026 0.505666 0.516504 0.505027 0.529396
0 0.374805 0.727252 0.375261 0.701164 0.354526 0.70096 0.354069 0.727048
0 0.354297 0.474827 0.353549 0.460254 0.325203 0.461073 0.325952 0.475646
0 0.564403 0.856 0.564404 0.838635 0.53654 0.838634 0.536539 0.855999
0 0.242572 0.444127 0.242153 0.431367 0.217325 0.431826 0.217744 0.444586
0 0.421194 0.561507 0.422262 0.545363 0.406864 0.54479 0.405795 0.560934
0 0.425717 0.539531 0.425706 0.524406 0.406775 0.524414 0.406787 0.539539
0 0.333135 0.517403 0.333403 0.504265 0.305469 0.503945 0.305201 0.517083
0 0.540945 0.683932 0.541954 0.668737 0.522019 0.667993 0.521011 0.683188
0 0.0944861 0.0462965 0.0945526 0.0333022 0.0791385 0.0332578 0.079072 0.0462521
0 0.474551 0.57103 0.476515 0.55811 0.457642 0.556495 0.455678 0.569416
0 0.483547 0.51435 0.484128 0.501739 0.449119 0.500833 0.448538 0.513443
0 0.309289 0.462934 0.311385 0.443116 0.276319 0.441031 0.274223 0.460849
