0 0.744111 0.18299 0.744602 0.173592 0.736501 0.173354 0.73601 0.182752
0 0.862621 0.870035 0.862684 0.862825 0.851406 0.86277 0.851343 0.86998
0 0.126564 0.124896 0.126511 0.116284 0.117033 0.116317 0.117086 0.124929
0 0.131973 0.851247 0.132245 0.842071 0.123678 0.841929 0.123407 0.851105
0 0.109416 0.71177 0.110211 0.701085 0.0995719 0.70064 0.0987774 0.711325
0 0.432711 0.897392 0.432704 0.892557 0.423727 0.892564 0.423734 0.897399
0 0.749468 0.87372 0.749712 0.867959 0.74125 0.867758 0.741006 0.873519
0 0.770176 0.443879 0.770266 0.435915 0.755336 0.43582 0.755246 0.443784
0 0.408414 0.748457 0.408872 0.741529 0.399123 0.741166 0.398665 0.748094
0 0.200496 0.119612 0.200721 0.112729 0.191141 0.112553 0.190916 0.119435
0 0.861676 0.406751 0.861659 0.400942 0.850511 0.40096 0.850528 0.406769
0 0.882107 0.868987 0.882239 0.861603 0.872472 0.861505 0.872341 0.868889
0 0.841438 0.0666066 0.842407 0.0559598 0.831707 0.0554122 0.830739 0.0660591
0 0.658661 0.046143 0.658925 0.0396392 0.651371 0.0394666 0.651107 0.0459703
0 0.128141 0.100613 0.128239 0.0936365 0.120717 0.0935773 0.12062 0.100554
0 0.577771 0.0566698 0.577768 0.0504471 0.567878 0.0504498 0.567881 0.0566725
0 0.157359 0.116461 0.157433 0.11094 0.149222 0.110878 0.149148 0.116399
0 0.00872687 0.132628 0.00903223 0.124989 0.000714181 0.124802 0.000408827 0.132441
0 0.479035 0.74408 0.479182 0.736679 0.471219 0.73659 0.471072 0.743992
0 0.258702 0.0847415 0.259048 0.078686 0.251804 0.0784527 0.251457 0.0845082
0 0.509534 0.732249 0.509628 0.726089 0.495389 0.725967 0.495295 0.732126
0 0.728261 0.0816289 0.728858 0.0706502 0.721187 0.0704156 0.720591 0.0813943
0 0.132786 0.158027 0.13305 0.153108 0.124792 0.152859 0.124527 0.157777
0 0.72943 0.0790342 0.729818 0.0684797 0.72258 0.0683298 0.722191 0.0788842
0 0.0751039 0.128276 0.0755187 0.118727 0.0613614 0.118381 0.0609466 0.12793
0 0.219956 0.110634 0.220192 0.105582 0.208123 0.105265 0.207887 0.110317
0 0.045839 0.297809 0.0462711 0.292612 0.0398631 0.292312 0.039431 0.297509
0 0.291554 0.533788 0.292056 0.526839 0.280544 0.526371 0.280042 0.53332
0 0.758431 0.0316113 0.75894 0.0215945 0.748264 0.0212896 0.747755 0.0313065
0 0.219746 0.112662 0.220102 0.102489 0.21307 0.102351 0.212714 0.112524
0 0.61264 0.722404 0.612811 0.718392 0.607103 0.718255 0.606933 0.722268
0 0.396077 0.600846 0.396198 0.593473 0.390206 0.593418 0.390085 0.60079
0 0.531276 0.490853 0.531746 0.481354 0.524708 0.481158 0.524237 0.490657
0 0.170678 0.786022 0.170831 0.780217 0.158218 0.78003 0.158065 0.785835
0 0.213675 0.307903 0.213943 0.303153 0.207825 0.302958 0.207556 0.307708
0 0.558814 0.447837 0.559012 0.443381 0.551114 0.443184 0.550917 0.44764
0 0.225164 0.131434 0.225409 0.122276 0.211926 0.122073 0.211682 0.131231
0 0.724555 0.254141 0.725589 0.243714 0.714792 0.243112 0.713758 0.253538
0 0.601361 0.224454 0.601594 0.218527 0.59144 0.218302 0.591207 0.22423
0 0.0133025 0.712033 0.0135625 0.704689 0.0062676 0.704544 0.00600761 0.711888
0 0.72516 0.256634 0.725829 0.246625 0.713722 0.24617 0.713053 0.256179
0 0.0355814 0.291118 0.0361647 0.28146 0.0249342 0.281079 0.0243509 0.290736
0 0.758175 0.0293491 0.759106 0.0187295 0.749763 0.0182689 0.748833 0.0288885
0 0.811053 0.131424 0.811715 0.121341 0.804431 0.121072 0.803769 0.131155
0 0.251595 0.266812 0.251588 0.261746 0.245403 0.261751 0.24541 0.266817
0 0.710299 0.888802 0.71064 0.881027 0.703908 0.880861 0.703567 0.888636
0 0.776915 0.602133 0.777405 0.593798 0.771078 0.593589 0.770588 0.601924
