0 0.134104 0.415261 0.134198 0.393719 0.0911095 0.393613 0.0910152 0.415155
0 0.143067 0.523719 0.144523 0.503206 0.0874902 0.500929 0.0860339 0.521441
0 0.22152 0.497169 0.224436 0.475257 0.16983 0.471169 0.166914 0.493082
0 0.573673 0.244882 0.573214 0.225162 0.544821 0.225534 0.545281 0.245254
0 0.299543 0.467441 0.300534 0.443037 0.255211 0.442003 0.25422 0.466406
0 0.177173 0.691336 0.177409 0.668658 0.11665 0.668302 0.116414 0.69098
0 0.671332 0.491593 0.671008 0.463238 0.647482 0.46339 0.647806 0.491744
0 0.577538 0.285358 0.573791 0.252311 0.547596 0.253981 0.551343 0.287029
0 0.467375 0.345278 0.468342 0.327846 0.429823 0.326644 0.428856 0.344077
0 0.5039 0.27755 0.502665 0.252644 0.47775 0.253339 0.478985 0.278245
0 0.51967 0.240783 0.521419 0.207048 0.497966 0.206364 0.496216 0.240099
0 0.726197 0.203641 0.725362 0.170438 0.701641 0.170774 0.702476 0.203976
0 0.444968 0.449446 0.443762 0.427464 0.397634 0.428887 0.39884 0.450869
0 0.202805 0.277697 0.202432 0.253072 0.159497 0.253437 0.15987 0.278062
0 0.280013 0.692864 0.280479 0.663884 0.242222 0.663538 0.241756 0.692517
0 0.171676 0.595132 0.170628 0.558114 0.147555 0.558481 0.148604 0.5955
0 0.06334 0.543421 0.0628918 0.527709 0.0233332 0.528344 0.0237814 0.544056
0 0.441973 0.637873 0.441778 0.612214 0.405615 0.612369 0.40581 0.638028
0 0.794064 0.998786 0.79511 0.96335 0.763276 0.962821 0.76223 0.998257
0 0.260541 0.811041 0.25909 0.764857 0.210337 0.765719 0.211789 0.811903
0 0.599886 0.674127 0.600481 0.627543 0.564153 0.627282 0.563557 0.673866
0 0.56814 0.35563 0.569099 0.336769 0.529237 0.335628 0.528278 0.354489
0 0.768149 0.101188 0.768649 0.0778805 0.747852 0.0776296 0.747352 0.100937
0 0.357338 0.606413 0.357365 0.562737 0.330811 0.562728 0.330784 0.606404
0 0.233384 0.222512 0.233573 0.196592 0.174193 0.196348 0.174003 0.222268
0 0.135532 0.467696 0.135355 0.443713 0.0848729 0.443922 0.0850492 0.467905
0 0.161455 0.897672 0.161708 0.858917 0.135202 0.858819 0.134949 0.897575
0 0.362034 0.333449 0.362043 0.317316 0.322628 0.317304 0.322619 0.333437
0 0.9457 0.552921 0.945264 0.510632 0.915882 0.510802 0.916318 0.553092
0 0.0400325 0.584843 0.0398744 0.558182 0.00845573 0.558287 0.00861386 0.584948
0 0.292285 0.536991 0.292206 0.517807 0.245834 0.517915 0.245913 0.537099
0 0.480559 0.782386 0.482821 0.747072 0.455814 0.746098 0.453552 0.781412
0 0.404328 0.325783 0.404217 0.294552 0.381738 0.294597 0.381848 0.325828
0 0.262464 0.559887 0.262689 0.533436 0.231237 0.533286 0.231012 0.559736
0 0.198748 0.461896 0.202339 0.437399 0.161543 0.434035 0.157952 0.458533
0 0.745586 0.599807 0.746631 0.574674 0.72764 0.57423 0.726596 0.599363
0 0.53532 0.448322 0.536369 0.404586 0.50701 0.40419 0.505961 0.447926
0 0.133548 0.611941 0.137049 0.585466 0.1037 0.582985 0.100199 0.60946
0 0.651444 0.182011 0.653799 0.147847 0.623937 0.14669 0.621583 0.180853
0 0.780479 0.507675 0.780874 0.484404 0.751618 0.484125 0.751224 0.507396
0 0.608899 0.196643 0.608676 0.177087 0.574391 0.177307 0.574615 0.196863
0 0.0629026 0.562952 0.0646799 0.547331 0.0317637 0.545224 0.0299864 0.560845
0 0.657791 0.591549 0.65904 0.55483 0.638785 0.554442 0.637536 0.591162
0 0.92068 0.0586656 0.918083 0.0142715 0.880539 0.0155072 0.883137 0.0599013
0 0.446548 0.377194 0.444585 0.341516 0.418433 0.342325 0.420396 0.378004
0 0.382054 0.381082 0.382567 0.349161 0.351622 0.348881 0.351109 0.380803
0 0.553702 0.309433 0.555681 0.283108 0.528897 0.281975 0.526917 0.3083
0 0.494071 0.33997 0.492993 0.301942 0.467176 0.302354 0.468255 0.340382
0 0.540418 0.31476 0.542033 0.290166 0.514527 0.28915 0.512912 0.313744
0 0.1096 0.56154 0.112248 0.542711 0.0754656 0.539802 0.0728181 0.558631
0 0.137025 0.556663 0.145233 0.531693 0.0838672 0.520347 0.0756593 0.545317
0 0.351189 0.412542 0.351816 0.393191 0.314 0.392501 0.313372 0.411852
0 0.226461 0.4714 0.230161 0.45186 0.203395 0.44901 0.199695 0.468549
0 0.565059 0.447522 0.565028 0.419459 0.532743 0.419479 0.532774 0.447543
0 0.355844 0.405868 0.356014 0.378496 0.325065 0.378388 0.324895 0.40576
0 0.656137 0.999125 0.65663 0.980896 0.632851 0.980535 0.632358 0.998764
0 0.0159174 0.970265 0.0160665 0.932263 0.000975607 0.93223 0.00082651 0.970232
0 0.223166 0.470627 0.226907 0.4474 0.194882 0.444499 0.191141 0.467725
