0 0.175859 0.822437 0.176138 0.81689 0.16603 0.816604 0.165751 0.822151
0 0.896517 0.397431 0.896517 0.391694 0.88689 0.391694 0.88689 0.397431
0 0.548944 0.910129 0.548931 0.905472 0.539896 0.905487 0.539909 0.910144
0 0.797751 0.819111 0.798103 0.812032 0.789876 0.811802 0.789524 0.818881
0 0.898479 0.470477 0.898545 0.465257 0.890849 0.465202 0.890782 0.470422
0 0.328448 0.433596 0.328497 0.428359 0.320206 0.428316 0.320157 0.433552
0 0.288904 0.638515 0.289071 0.631437 0.282365 0.631348 0.282199 0.638426
0 0.242433 0.894961 0.242685 0.889401 0.237068 0.889258 0.236816 0.894818
0 0.816323 0.88659 0.816605 0.877878 0.807919 0.87772 0.807638 0.886432
0 0.899183 0.28743 0.899655 0.280958 0.890945 0.2806 0.890472 0.287072
0 0.527439 0.347064 0.527529 0.342078 0.521127 0.342013 0.521037 0.346999
0 0.167929 0.778426 0.168108 0.773721 0.162591 0.773603 0.162412 0.778308
0 0.883932 0.357045 0.884184 0.350213 0.874404 0.350011 0.874153 0.356843
0 0.915179 0.53551 0.915379 0.530134 0.907061 0.52996 0.906861 0.535336
0 0.975354 0.873827 0.975771 0.867537 0.967074 0.867213 0.966657 0.873502
0 0.844973 0.3359 0.84507 0.330804 0.836833 0.330715 0.836736 0.335812
0 0.910605 0.887737 0.910971 0.880799 0.904415 0.880605 0.904049 0.887543
0 0.23268 0.294128 0.233053 0.287613 0.224288 0.287331 0.223915 0.293845
0 0.34731 0.331695 0.347782 0.325444 0.341338 0.325171 0.340867 0.331421
0 0.624924 0.284654 0.625384 0.278015 0.616197 0.277657 0.615737 0.284296
0 0.81738 0.888609 0.817544 0.881269 0.809459 0.881167 0.809295 0.888508
0 0.848449 0.0974989 0.848751 0.0917506 0.841317 0.0915313 0.841016 0.0972796
0 0.952253 0.864101 0.952497 0.857532 0.946873 0.857414 0.946629 0.863983
0 0.165755 0.778362 0.16601 0.768635 0.157369 0.768508 0.157114 0.778235
0 0.908394 0.521261 0.908516 0.515447 0.898122 0.515324 0.898 0.521139
0 0.201296 0.275746 0.201534 0.268514 0.191533 0.268329 0.191295 0.27556
0 0.892275 0.432058 0.892831 0.425691 0.884377 0.425276 0.883821 0.431643
0 0.908308 0.421669 0.908648 0.415679 0.896927 0.415304 0.896587 0.421294
0 0.924859 0.659971 0.925167 0.654691 0.911842 0.654253 0.911534 0.659533
0 0.308405 0.170789 0.308637 0.165761 0.29987 0.165534 0.299639 0.170562
0 0.245788 0.156879 0.246124 0.151806 0.240747 0.151606 0.240412 0.156679
0 0.745812 0.0622502 0.745784 0.0559075 0.740806 0.0559194 0.740833 0.0622622
0 0.396022 0.835533 0.39613 0.830537 0.388234 0.830441 0.388126 0.835437
0 0.600997 0.47352 0.601275 0.468358 0.591582 0.468064 0.591304 0.473226
0 0.191818 0.494064 0.192296 0.486637 0.183536 0.48632 0.183058 0.493747
0 0.86691 0.119278 0.867527 0.112036 0.858306 0.111595 0.857689 0.118836
0 0.820741 0.137737 0.821067 0.128174 0.814142 0.128041 0.813816 0.137604
0 0.899359 0.483124 0.899539 0.477517 0.891203 0.477366 0.891023 0.482973
0 0.876808 0.265411 0.877386 0.256272 0.870292 0.25602 0.869713 0.265159
0 0.824801 0.135645 0.825179 0.129506 0.812714 0.129074 0.812336 0.135213
0 0.389941 0.363973 0.389982 0.358809 0.382524 0.358776 0.382483 0.36394
0 0.665241 0.181664 0.665789 0.174515 0.65806 0.174182 0.657513 0.181331
0 0.775667 0.0629346 0.776009 0.0561123 0.769288 0.0559228 0.768946 0.062745
0 0.713302 0.444374 0.713746 0.437684 0.707592 0.437454 0.707148 0.444144
0 0.291577 0.597804 0.29183 0.592882 0.27817 0.592488 0.277918 0.59741
0 0.920095 0.662645 0.920616 0.652341 0.914592 0.65217 0.914071 0.662474
0 0.395309 0.439825 0.39575 0.431291 0.388227 0.431072 0.387786 0.439606
0 0.893334 0.409438 0.893387 0.403432 0.884891 0.403389 0.884838 0.409395
0 0.680544 0.744276 0.681099 0.737796 0.674464 0.737476 0.673909 0.743956
0 0.242927 0.343902 0.243659 0.334119 0.237638 0.333866 0.236906 0.343648
0 0.1917 0.446545 0.19209 0.442151 0.184977 0.441795 0.184586 0.44619
0 0.924785 0.485815 0.92539 0.480011 0.914767 0.479388 0.914162 0.485192
0 0.321118 0.924034 0.3213 0.918086 0.308178 0.91786 0.307996 0.923809
0 0.875093 0.233014 0.875449 0.225346 0.864526 0.225061 0.864171 0.232729
0 0.764395 0.156504 0.764862 0.148154 0.757744 0.14793 0.757278 0.15628
0 0.881407 0.287869 0.881954 0.280094 0.873998 0.279779 0.873451 0.287554
0 0.580177 0.306642 0.581289 0.296943 0.574325 0.296494 0.573213 0.306193
0 0.188673 0.492438 0.18885 0.486634 0.182445 0.486525 0.182269 0.492329
0 0.265351 0.109886 0.265603 0.105177 0.257523 0.104935 0.257272 0.109644
0 0.875991 0.268957 0.876758 0.258869 0.869057 0.25854 0.86829 0.268628
0 0.874191 0.0904392 0.87527 0.0812079 0.863663 0.0804445 0.862584 0.0896758
0 0.324932 0.924388 0.325274 0.918036 0.311974 0.917633 0.311631 0.923984
0 0.47641 0.106451 0.476792 0.0997451 0.470404 0.0995407 0.470022 0.106246
0 0.914513 0.477731 0.914874 0.468587 0.907486 0.468423 0.907125 0.477567
0 0.761579 0.744137 0.761894 0.738121 0.754553 0.737904 0.754238 0.743921
0 0.170306 0.781647 0.170816 0.771698 0.158303 0.771337 0.157793 0.781286
0 0.575452 0.234085 0.57566 0.230247 0.56867 0.230035 0.568462 0.233873
0 0.894861 0.352113 0.895289 0.343764 0.887531 0.34354 0.887103 0.351889
