0 0.663906 0.357381 0.664076 0.352731 0.657652 0.352599 0.657482 0.357249
0 0.908351 0.921422 0.908691 0.915202 0.899426 0.914917 0.899086 0.921137
0 0.296184 0.0482438 0.296184 0.0432937 0.290227 0.0432936 0.290227 0.0482436
0 0.121191 0.464617 0.121423 0.457361 0.115395 0.457253 0.115163 0.464508
0 0.769536 0.874171 0.769614 0.867957 0.758114 0.867875 0.758035 0.874089
0 0.678873 0.544333 0.678932 0.539074 0.671517 0.539027 0.671458 0.544286
0 0.74153 0.736467 0.741962 0.730423 0.733645 0.730089 0.733213 0.736133
0 0.888742 0.0380677 0.889017 0.0319711 0.882825 0.0318138 0.88255 0.0379104
0 0.127266 0.186941 0.127583 0.180678 0.12112 0.180494 0.120803 0.186757
0 0.909693 0.133305 0.909878 0.126641 0.902534 0.126527 0.90235 0.13319
0 0.763142 0.928384 0.763561 0.9181 0.755591 0.917917 0.755172 0.928201
0 0.942957 0.95658 0.943438 0.948469 0.935478 0.948204 0.934997 0.956315
0 0.408497 0.406469 0.40889 0.399798 0.400382 0.399516 0.399988 0.406186
0 0.930925 0.568824 0.930948 0.563757 0.923071 0.563737 0.923048 0.568804
0 0.919838 0.438091 0.919872 0.434126 0.913212 0.434094 0.913177 0.438059
0 0.395164 0.573527 0.39518 0.568418 0.386574 0.568404 0.386558 0.573513
0 0.891255 0.0384324 0.891945 0.0311094 0.883302 0.0306508 0.882612 0.0379739
0 0.625145 0.735169 0.625444 0.730328 0.617827 0.730064 0.617529 0.734905
0 0.778104 0.981438 0.778383 0.97321 0.772024 0.973089 0.771744 0.981317
0 0.542055 0.63589 0.542436 0.630345 0.53581 0.630089 0.535429 0.635634
0 0.174653 0.537245 0.175128 0.531047 0.162128 0.530486 0.161653 0.536685
0 0.628953 0.794041 0.629241 0.788152 0.623487 0.787994 0.623199 0.793883
0 0.848851 0.619133 0.849211 0.612822 0.841057 0.61256 0.840697 0.618871
0 0.723671 0.790648 0.723732 0.786405 0.716024 0.786342 0.715963 0.790586
0 0.947543 0.606585 0.947881 0.601275 0.940733 0.601019 0.940395 0.606329
0 0.542178 0.0563389 0.542458 0.0490803 0.534672 0.048911 0.534392 0.0561696
0 0.124062 0.465432 0.125158 0.456076 0.114568 0.455378 0.113472 0.464735
0 0.925768 0.508321 0.925771 0.502641 0.914966 0.502638 0.914963 0.508317
0 0.678078 0.978262 0.678522 0.96875 0.671471 0.968565 0.671027 0.978077
0 0.935628 0.0978127 0.935749 0.0929774 0.924894 0.0928241 0.924772 0.0976594
0 0.415362 0.235459 0.415419 0.230932 0.407908 0.230879 0.40785 0.235405
0 0.610863 0.589439 0.611124 0.581253 0.604917 0.581142 0.604656 0.589328
0 0.630584 0.237281 0.6306 0.231059 0.624287 0.23105 0.624271 0.237273
0 0.924459 0.465796 0.924509 0.461582 0.915814 0.461524 0.915764 0.465738
0 0.918873 0.507733 0.918956 0.503211 0.908189 0.5031 0.908107 0.507623
0 0.580218 0.344055 0.580638 0.337968 0.574344 0.337724 0.573924 0.343811
0 0.499687 0.446485 0.499775 0.442286 0.491527 0.442188 0.491438 0.446387
0 0.370479 0.269369 0.371141 0.261286 0.358687 0.260713 0.358026 0.268796
0 0.458913 0.168851 0.459122 0.16275 0.451731 0.162608 0.451523 0.168709
0 0.92492 0.409007 0.925157 0.4043 0.913467 0.403969 0.91323 0.408676
0 0.191969 0.710673 0.192233 0.705887 0.185911 0.70569 0.185647 0.710477
0 0.725311 0.793805 0.725822 0.785537 0.717361 0.785242 0.716849 0.793511
0 0.675857 0.681329 0.676439 0.672066 0.66994 0.671837 0.669357 0.6811
0 0.25912 0.731329 0.259426 0.723853 0.253096 0.723707 0.25279 0.731183
0 0.925567 0.468814 0.925832 0.46146 0.917579 0.461293 0.917315 0.468647
0 0.458295 0.167336 0.45841 0.162173 0.449538 0.162062 0.449423 0.167226
0 0.11444 0.357125 0.114762 0.352856 0.108162 0.352576 0.10784 0.356845
0 0.913974 0.319055 0.914443 0.312285 0.907869 0.312029 0.9074 0.318799
0 0.541764 0.143939 0.542528 0.134383 0.53172 0.133896 0.530956 0.143453
0 0.564159 0.234382 0.564364 0.230929 0.558079 0.230718 0.557873 0.234171
0 0.942548 0.568841 0.942848 0.5615 0.934348 0.561305 0.934048 0.568645
0 0.674911 0.423051 0.675274 0.418444 0.667597 0.418103 0.667234 0.422711
0 0.485581 0.147301 0.485728 0.14289 0.474915 0.142687 0.474767 0.147097
