0 0.979594 0.0588156 0.979349 0.0524346 0.969215 0.0526537 0.969461 0.0590346
0 0.819207 0.687094 0.819644 0.675267 0.807216 0.675009 0.806779 0.686835
0 0.262318 0.831948 0.262746 0.823723 0.255173 0.823502 0.254746 0.831726
0 0.21669 0.089559 0.216997 0.0803332 0.207662 0.0801586 0.207355 0.0893844
0 0.766165 0.0582217 0.766526 0.0482712 0.757044 0.0480774 0.756682 0.0580279
0 0.0586919 0.156754 0.0588544 0.150345 0.0475259 0.150183 0.0473635 0.156593
0 0.378388 0.0585654 0.378483 0.0527528 0.369666 0.0526714 0.36957 0.058484
0 0.508538 0.362524 0.50918 0.354295 0.499178 0.353856 0.498536 0.362085
0 0.60996 0.057507 0.610242 0.0501082 0.603501 0.0499639 0.60322 0.0573627
0 0.529149 0.826394 0.529144 0.818542 0.516627 0.818546 0.516632 0.826399
0 0.817966 0.817374 0.817971 0.811184 0.807515 0.81118 0.80751 0.81737
0 0.177062 0.476407 0.17755 0.468163 0.167842 0.46784 0.167354 0.476084
0 0.15103 0.115065 0.151091 0.107953 0.141998 0.107909 0.141937 0.115021
0 0.950997 0.0643635 0.951202 0.0545047 0.943209 0.0544113 0.943004 0.0642702
0 0.566877 0.0741345 0.566969 0.0672254 0.557966 0.067158 0.557875 0.0740671
0 0.876515 0.0648151 0.877535 0.0541274 0.868449 0.0536393 0.867428 0.064327
0 0.215312 0.831915 0.215794 0.823338 0.205494 0.823013 0.205012 0.83159
0 0.826624 0.0445794 0.826822 0.0378223 0.81997 0.0377093 0.819771 0.0444664
0 0.575072 0.0332319 0.575407 0.0280369 0.567408 0.0277474 0.567074 0.0329424
0 0.342287 0.0578631 0.342364 0.0521767 0.334113 0.0521139 0.334037 0.0578004
0 0.795066 0.236156 0.795095 0.230621 0.787655 0.230599 0.787626 0.236134
0 0.194989 0.0849248 0.195464 0.0770792 0.186803 0.0767842 0.186328 0.0846298
0 0.451608 0.0832025 0.452127 0.075612 0.441592 0.0752064 0.441073 0.0827969
0 0.109198 0.0962588 0.10934 0.0893485 0.101123 0.0892535 0.100981 0.0961638
0 0.677246 0.821739 0.677458 0.813716 0.670151 0.813608 0.66994 0.821631
0 0.201702 0.0472484 0.201965 0.0406697 0.191565 0.0404363 0.191303 0.047015
0 0.777128 0.0818821 0.777634 0.0710844 0.768954 0.0708558 0.768448 0.0816535
0 0.693433 0.799265 0.693625 0.793312 0.685658 0.793167 0.685466 0.799121
0 0.383266 0.0820847 0.383592 0.074922 0.374435 0.0746878 0.374109 0.0818505
0 0.825104 0.771119 0.825398 0.762645 0.816045 0.762462 0.815751 0.770937
0 0.534372 0.0719674 0.534477 0.0667727 0.524661 0.0666613 0.524556 0.0718561
0 0.541516 0.285392 0.541998 0.279772 0.531768 0.279278 0.531285 0.284898
0 0.13568 0.094558 0.136543 0.0853273 0.125163 0.0847287 0.1243 0.0939594
0 0.136279 0.434424 0.136686 0.42691 0.124995 0.426553 0.124588 0.434068
0 0.916216 0.060051 0.916277 0.0545263 0.907594 0.0544725 0.907533 0.0599972
0 0.932746 0.0510302 0.933095 0.0436435 0.92462 0.0434185 0.924271 0.0508052
0 0.893365 0.0440436 0.894201 0.0348704 0.886063 0.0344529 0.885226 0.0436261
0 0.658703 0.070839 0.659023 0.0634952 0.649296 0.0632572 0.648976 0.070601
0 0.674588 0.0763708 0.675492 0.0682719 0.664562 0.0675856 0.663658 0.0756845
0 0.71173 0.0631883 0.71188 0.0560416 0.704964 0.05596 0.704814 0.0631067
0 0.969827 0.833926 0.97015 0.827746 0.958178 0.827394 0.957855 0.833574
0 0.191678 0.836173 0.192366 0.829694 0.181786 0.829061 0.181098 0.83554
0 0.67933 0.350988 0.679628 0.343432 0.673981 0.343307 0.673684 0.350863
0 0.492301 0.637699 0.492719 0.630779 0.485761 0.630542 0.485344 0.637463
0 0.125036 0.284684 0.125154 0.27935 0.111474 0.279179 0.111356 0.284513
0 0.575276 0.408347 0.575764 0.400342 0.568223 0.400083 0.567735 0.408088
0 0.476892 0.510544 0.477087 0.505735 0.471067 0.505598 0.470873 0.510407
0 0.251938 0.206689 0.252435 0.199057 0.241338 0.19865 0.24084 0.206282
0 0.158491 0.281964 0.158896 0.271678 0.14859 0.27145 0.148186 0.281736
0 0.625815 0.115642 0.626391 0.10598 0.617985 0.105698 0.61741 0.11536
0 0.858323 0.747682 0.858622 0.742659 0.847431 0.742284 0.847131 0.747306
0 0.277256 0.718971 0.277925 0.708258 0.270135 0.707984 0.269467 0.718698
0 0.536547 0.385715 0.536806 0.380048 0.524811 0.37974 0.524552 0.385407
0 0.275818 0.0753253 0.276192 0.068618 0.266287 0.0683073 0.265913 0.0750147
0 0.19163 0.0998363 0.192135 0.0931981 0.180475 0.0926992 0.17997 0.0993374
0 0.483642 0.356642 0.484318 0.34696 0.474188 0.346562 0.473512 0.356244
0 0.141912 0.369108 0.142486 0.359427 0.13102 0.359044 0.130446 0.368726
0 0.141701 0.367014 0.142589 0.356218 0.131731 0.355715 0.130842 0.366511
0 0.121047 0.284419 0.121272 0.279229 0.108335 0.278913 0.10811 0.284103
0 0.191583 0.075126 0.191999 0.0683753 0.179043 0.0679262 0.178627 0.0746768
0 0.893909 0.0403121 0.894087 0.0350651 0.882605 0.0348455 0.882426 0.0400925
0 0.444284 0.668923 0.444606 0.662313 0.437603 0.662121 0.43728 0.668731
0 0.48363 0.781708 0.484264 0.772415 0.474206 0.772029 0.473572 0.781322
0 0.627856 0.778238 0.628315 0.768815 0.618504 0.768546 0.618044 0.777969
0 0.204438 0.143028 0.204902 0.131322 0.191378 0.131021 0.190914 0.142727
0 0.508406 0.41911 0.508995 0.411475 0.495151 0.410874 0.494562 0.418509
0 0.120173 0.287641 0.120579 0.278163 0.113499 0.277992 0.113093 0.28747
0 0.187373 0.0743443 0.187771 0.0684401 0.174921 0.0679526 0.174522 0.0738569
0 0.625882 0.781362 0.626453 0.77212 0.617469 0.771808 0.616898 0.78105
0 0.864113 0.381702 0.864476 0.376261 0.857878 0.376013 0.857515 0.381455
0 0.187482 0.834041 0.188254 0.827162 0.175305 0.826345 0.174534 0.833224
0 0.44709 0.569626 0.447368 0.56412 0.441167 0.563944 0.440889 0.56945
0 0.201707 0.790509 0.202077 0.781301 0.191264 0.781057 0.190894 0.790265
0 0.540665 0.353518 0.542232 0.343474 0.52915 0.342326 0.527583 0.352371
