0 0.579778 0.595671 0.579707 0.558495 0.481296 0.5586 0.481367 0.595776
0 0.65738 0.403287 0.658457 0.367209 0.589301 0.366047 0.588224 0.402126
0 0.960446 0.370492 0.960219 0.318606 0.872977 0.31882 0.873204 0.370707
0 0.585069 0.33811 0.590196 0.292254 0.505928 0.286954 0.500801 0.332811
0 0.374457 0.506016 0.376418 0.451327 0.332957 0.45045 0.330996 0.50514
0 0.442128 0.471352 0.442053 0.423092 0.385216 0.423141 0.385291 0.471402
0 0.509016 0.383971 0.510081 0.320114 0.45046 0.319555 0.449395 0.383412
0 0.193142 0.397189 0.19363 0.333529 0.105387 0.333148 0.104898 0.396808
0 0.399202 0.578258 0.400693 0.531017 0.324693 0.529669 0.323203 0.576909
0 0.439319 0.550153 0.452412 0.506396 0.376034 0.49354 0.362941 0.537297
0 1.00229 0.307032 1.00254 0.256539 0.964248 0.25643 0.963993 0.306923
0 0.204344 0.401274 0.203846 0.367489 0.148633 0.367946 0.149131 0.401731
