0 0.985782 0.253409 0.984894 0.230526 0.962982 0.231005 0.96387 0.253888
0 0.869413 0.244696 0.870462 0.223331 0.851518 0.222807 0.850469 0.244173
0 0.821271 0.205782 0.822462 0.186617 0.784644 0.185295 0.783453 0.20446
0 0.757679 0.260328 0.758922 0.233167 0.729486 0.232409 0.728243 0.259571
0 0.179747 0.332738 0.181055 0.308173 0.159279 0.30752 0.15797 0.332085
0 0.132373 0.267759 0.132832 0.250514 0.107171 0.25013 0.106712 0.267375
0 0.420217 0.234456 0.42065 0.211478 0.400762 0.211267 0.400329 0.234245
0 0.632085 0.211521 0.633072 0.192309 0.607615 0.191574 0.606628 0.210786
0 0.0969912 0.64224 0.0969295 0.629182 0.0733333 0.629245 0.073395 0.642303
0 0.373152 0.959989 0.372949 0.93361 0.33523 0.933773 0.335432 0.960152
0 0.119805 0.485823 0.119966 0.45581 0.0929031 0.455728 0.0927421 0.485741
0 0.11044 0.86208 0.109741 0.840809 0.0935146 0.841109 0.0942138 0.86238
0 0.903281 0.137704 0.904109 0.113848 0.880312 0.113383 0.879483 0.137239
0 0.195381 0.365911 0.196153 0.346738 0.174921 0.346257 0.174149 0.36543
0 0.191959 0.160744 0.191966 0.131778 0.16749 0.131775 0.167483 0.160741
0 0.302425 0.278672 0.302695 0.246547 0.279121 0.246436 0.278852 0.278561
0 0.209118 0.220895 0.209533 0.205599 0.18237 0.205184 0.181954 0.22048
0 0.33532 0.283162 0.334837 0.253175 0.308008 0.253419 0.308492 0.283405
0 0.212001 0.883192 0.213179 0.854925 0.190657 0.854397 0.18948 0.882665
0 0.33209 0.498434 0.332343 0.483168 0.31471 0.483004 0.314457 0.498269
0 0.338551 0.289486 0.339018 0.268905 0.310054 0.268534 0.309586 0.289116
0 0.444413 0.648139 0.444463 0.637015 0.418348 0.636949 0.418298 0.648073
0 0.0769049 0.768332 0.0773491 0.756093 0.0577152 0.755692 0.057271 0.767931
0 0.303691 0.257873 0.303903 0.239209 0.285435 0.239091 0.285223 0.257755
