0 0.129512 0.666464 0.130869 0.618941 0.0219957 0.617192 0.0206388 0.664715
0 0.512779 0.553887 0.520039 0.509432 0.424506 0.500657 0.417246 0.545112
0 0.432266 0.492759 0.432557 0.46448 0.357184 0.464045 0.356893 0.492323
0 0.436982 0.460856 0.434926 0.404072 0.375973 0.405272 0.378029 0.462057
0 0.981459 0.348157 0.980024 0.296875 0.888766 0.298312 0.890201 0.349594
0 0.66556 0.379229 0.666595 0.333195 0.615673 0.33255 0.614637 0.378585
0 0.269922 0.38485 0.271895 0.344583 0.211701 0.342924 0.209728 0.383191
0 0.388414 0.565343 0.387284 0.510012 0.32966 0.510674 0.330789 0.566005
0 0.51817 0.463294 0.519427 0.406265 0.473505 0.405696 0.472247 0.462724
0 0.505088 0.376815 0.510132 0.314768 0.414036 0.310374 0.408993 0.372421
0 0.465315 0.371736 0.469029 0.310213 0.411569 0.308261 0.407855 0.369785
0 0.791777 0.999349 0.792177 0.968124 0.732807 0.967695 0.732406 0.998921
