0 0.580792 0.908173 0.580786 0.902912 0.571823 0.902918 0.57183 0.90818
0 0.810079 0.872824 0.810214 0.865279 0.802065 0.865197 0.801929 0.872742
0 0.726093 0.188673 0.726727 0.180273 0.718438 0.179921 0.717805 0.188321
0 0.265396 0.558132 0.265686 0.552265 0.257707 0.552043 0.257416 0.557909
0 0.810303 0.811037 0.810544 0.805259 0.801974 0.805058 0.801734 0.810836
0 0.631009 0.145359 0.631553 0.137782 0.623959 0.137476 0.623415 0.145052
0 0.722256 0.468957 0.722245 0.461949 0.711318 0.461958 0.711329 0.468967
0 0.576409 0.145629 0.576595 0.139017 0.569569 0.138906 0.569383 0.145518
0 0.0962945 0.731692 0.0968185 0.721143 0.087948 0.720895 0.087424 0.731445
0 0.0550662 0.267381 0.055147 0.261439 0.0485615 0.261389 0.0484807 0.26733
0 0.155696 0.16379 0.15596 0.156895 0.148949 0.156744 0.148685 0.163639
0 0.767291 0.872609 0.767384 0.866956 0.75738 0.866864 0.757287 0.872517
0 0.38566 0.7628 0.385814 0.756589 0.379899 0.756506 0.379744 0.762717
0 0.160714 0.133896 0.160827 0.128221 0.154724 0.128153 0.154611 0.133828
0 0.341237 0.590141 0.342103 0.581179 0.333156 0.580693 0.33229 0.589655
0 0.25848 0.149418 0.259096 0.142359 0.249882 0.141906 0.249266 0.148966
0 0.758275 0.122875 0.758537 0.117941 0.746385 0.117578 0.746123 0.122512
0 0.0496812 0.7861 0.0499323 0.779766 0.0415614 0.779579 0.0413103 0.785914
0 0.803817 0.438185 0.804137 0.430945 0.791506 0.430631 0.791186 0.43787
0 0.580803 0.734528 0.58101 0.730136 0.574309 0.729958 0.574102 0.73435
0 0.458386 0.756927 0.458706 0.749387 0.445849 0.749081 0.445529 0.756621
0 0.829134 0.868936 0.829501 0.858773 0.820173 0.858584 0.819806 0.868747
0 0.0584046 0.26899 0.0589616 0.260959 0.0481352 0.260537 0.0475782 0.268567
0 0.833685 0.150361 0.834279 0.142948 0.824836 0.142523 0.824242 0.149936
0 0.828426 0.86548 0.828849 0.856298 0.820705 0.856087 0.820282 0.865269
0 0.486745 0.719112 0.486843 0.711159 0.480033 0.711111 0.479935 0.719064
0 0.108605 0.169039 0.109167 0.160946 0.0998916 0.160583 0.0993295 0.168677
0 0.731193 0.619186 0.731498 0.614084 0.724684 0.613854 0.724378 0.618956
0 0.663884 0.169102 0.66451 0.161174 0.657524 0.160864 0.656898 0.168792
0 0.249455 0.157642 0.250037 0.150833 0.241653 0.150429 0.241071 0.157239
0 0.866938 0.1453 0.867273 0.140426 0.858217 0.140076 0.857882 0.14495
0 0.0692056 0.244684 0.0700774 0.236482 0.0588381 0.23581 0.0579663 0.244012
0 0.608419 0.581976 0.609091 0.570984 0.597928 0.5706 0.597256 0.581592
0 0.154301 0.787652 0.154471 0.78027 0.148369 0.780191 0.148199 0.787573
0 0.191907 0.178113 0.19272 0.168698 0.184344 0.168292 0.183531 0.177706
0 0.24199 0.862018 0.24224 0.856119 0.231805 0.855869 0.231554 0.861768
0 0.12666 0.151292 0.126951 0.143682 0.118912 0.143509 0.118621 0.151119
0 0.142266 0.450209 0.142717 0.443659 0.13599 0.443399 0.135539 0.449949
0 0.676416 0.887625 0.676772 0.88085 0.67035 0.880661 0.669994 0.887435
0 0.387139 0.762327 0.387409 0.755691 0.374976 0.755405 0.374705 0.762042
0 0.608752 0.33147 0.609113 0.322575 0.600817 0.322386 0.600456 0.331281
0 0.841833 0.19438 0.842333 0.187236 0.829652 0.186737 0.829151 0.193881
0 0.114181 0.159446 0.114483 0.152899 0.106035 0.15268 0.105732 0.159226
