0 0.712492 0.210688 0.712277 0.198071 0.679732 0.198382 0.679947 0.210999
0 0.814848 0.404352 0.815284 0.387836 0.772436 0.387199 0.771999 0.403715
0 0.616014 0.193148 0.617671 0.172758 0.593339 0.171645 0.591681 0.192036
0 0.710785 0.498922 0.709988 0.481209 0.679014 0.481993 0.679811 0.499705
0 0.668302 0.438639 0.668905 0.419184 0.647814 0.418816 0.647211 0.438271
0 0.718234 0.712606 0.717809 0.695959 0.67884 0.696518 0.679265 0.713165
0 0.842051 0.509578 0.841676 0.486538 0.804286 0.48688 0.804661 0.50992
0 0.750401 0.517231 0.749753 0.499443 0.711643 0.500225 0.712291 0.518012
0 0.608208 0.458872 0.60914 0.437062 0.578815 0.436333 0.577884 0.458143
0 0.536549 0.345649 0.537571 0.322636 0.516021 0.322098 0.514999 0.345111
0 0.73376 0.656877 0.734543 0.640221 0.699261 0.639288 0.698477 0.655943
0 0.56264 0.554318 0.56284 0.539368 0.530572 0.539125 0.530372 0.554075
0 0.703004 0.334203 0.704271 0.306592 0.674656 0.305827 0.673388 0.333439
0 0.427059 0.390446 0.427522 0.375952 0.394691 0.375362 0.394228 0.389856
0 0.721611 0.610976 0.721761 0.598285 0.696142 0.598114 0.695992 0.610804
0 0.798334 0.300633 0.798305 0.282186 0.770371 0.28221 0.7704 0.300657
0 0.557314 0.144214 0.557352 0.127589 0.536838 0.127563 0.536801 0.144188
0 0.635066 0.225869 0.63721 0.198378 0.612117 0.197278 0.609973 0.224768
0 0.511911 0.534728 0.512519 0.519114 0.493881 0.518706 0.493272 0.53432
0 0.765985 0.792472 0.765124 0.751161 0.743295 0.751417 0.744156 0.792728
0 0.379008 0.299404 0.3805 0.270465 0.3473 0.269503 0.345808 0.298442
0 0.220401 0.641701 0.222444 0.609827 0.194564 0.608822 0.192521 0.640696
0 0.573348 0.285276 0.573111 0.254634 0.551444 0.254728 0.551681 0.28537
0 0.669504 0.5317 0.66941 0.517542 0.631335 0.517683 0.631428 0.531841
0 0.552899 0.419755 0.552288 0.40243 0.516236 0.403145 0.516847 0.42047
0 0.708339 0.594777 0.708995 0.571028 0.674811 0.570497 0.674155 0.594246
0 0.737481 0.973223 0.738299 0.944029 0.707938 0.94355 0.70712 0.972744
0 0.744581 0.967729 0.746822 0.938459 0.714248 0.937056 0.712007 0.966326
