0 0.562592 0.906546 0.563105 0.889018 0.521903 0.88834 0.52139 0.905867
0 0.598676 0.224093 0.598671 0.206141 0.55723 0.206147 0.557235 0.224099
0 0.469085 0.31544 0.468866 0.300603 0.44315 0.300817 0.44337 0.315654
0 0.60835 0.488753 0.607993 0.475527 0.581011 0.475937 0.581368 0.489162
0 0.660526 0.901645 0.66044 0.885785 0.625154 0.885893 0.62524 0.901753
0 0.675737 0.617232 0.675329 0.602575 0.645724 0.603039 0.646132 0.617696
0 0.47606 0.403926 0.47545 0.388681 0.440294 0.389472 0.440904 0.404717
0 0.611307 0.960492 0.61093 0.944245 0.578058 0.944674 0.578435 0.960921
0 0.476902 0.365341 0.476754 0.351049 0.443404 0.351244 0.443552 0.365535
0 0.62004 0.914057 0.619655 0.894305 0.577183 0.89477 0.577569 0.914523
0 0.589565 0.531397 0.589581 0.514698 0.565574 0.514685 0.565559 0.531384
0 0.447752 0.422282 0.446622 0.406362 0.411243 0.407775 0.412374 0.423696
0 0.349164 0.295246 0.351754 0.27268 0.327725 0.271129 0.325135 0.293694
0 0.675026 0.873089 0.675884 0.851775 0.642539 0.85102 0.64168 0.872333
0 0.602843 0.638421 0.602309 0.621172 0.56554 0.621812 0.566073 0.639061
0 0.574265 0.557993 0.572937 0.539527 0.53588 0.541026 0.537208 0.559492
0 0.509562 0.335896 0.508311 0.318341 0.469825 0.319885 0.471077 0.33744
0 0.642868 0.54259 0.642798 0.529102 0.612208 0.529191 0.612278 0.542679
0 0.413747 0.295488 0.413315 0.281196 0.379839 0.281766 0.380271 0.296058
0 0.515188 0.18119 0.515575 0.155119 0.476637 0.154794 0.47625 0.180865
0 0.54735 0.36555 0.547502 0.350998 0.515805 0.350811 0.515652 0.365363
0 0.633586 0.460567 0.633616 0.442396 0.613716 0.442378 0.613686 0.460549
0 0.492427 0.0896834 0.49399 0.0635698 0.461042 0.0624604 0.459479 0.088574
0 0.556371 0.584437 0.556082 0.56913 0.518667 0.569527 0.518956 0.584834
0 0.424943 0.538506 0.425131 0.522013 0.40164 0.521863 0.401452 0.538355
0 0.32302 0.559489 0.322588 0.54269 0.284683 0.543237 0.285115 0.560037
0 0.399276 0.325319 0.400679 0.311774 0.372698 0.310143 0.371294 0.323688
0 0.577461 0.0823595 0.57752 0.0658259 0.538077 0.0657475 0.538018 0.0822811
0 0.439489 0.603492 0.438996 0.573904 0.41635 0.574116 0.416843 0.603704
0 0.566852 1.00069 0.567032 0.987228 0.526432 0.986923 0.526252 1.00039
0 0.483966 0.474686 0.483297 0.460898 0.45411 0.461695 0.45478 0.475483
0 0.580494 0.421872 0.581577 0.411024 0.562394 0.409946 0.561311 0.420794
0 0.640004 0.663275 0.644279 0.635012 0.6203 0.632972 0.616025 0.661235
0 0.39932 0.430452 0.398965 0.416666 0.369336 0.417095 0.36969 0.430881
0 0.415397 0.376959 0.416628 0.362851 0.381341 0.361118 0.38011 0.375227
0 0.316247 0.306285 0.316548 0.283579 0.289788 0.28338 0.289487 0.306085
0 0.748283 0.153159 0.75014 0.11154 0.713277 0.110615 0.711419 0.152233
0 0.593324 0.447373 0.593561 0.431884 0.566387 0.43165 0.56615 0.44714
0 0.629336 0.602297 0.629862 0.583616 0.611904 0.583332 0.611378 0.602012
0 0.561352 0.443137 0.563429 0.424811 0.545906 0.423694 0.543829 0.44202
0 0.391721 0.386906 0.39298 0.371151 0.364309 0.369863 0.363051 0.385618
0 0.552545 0.408666 0.552555 0.39491 0.520302 0.394896 0.520292 0.408653
0 0.639931 0.735014 0.639812 0.71726 0.606571 0.717386 0.606691 0.735139
0 0.369106 0.332844 0.369866 0.316834 0.340195 0.316042 0.339435 0.332052
0 0.575665 0.714795 0.576371 0.688888 0.551415 0.688505 0.550709 0.714413
0 0.645698 0.72375 0.645402 0.700214 0.617211 0.700412 0.617506 0.723949
0 0.436181 0.316516 0.435529 0.303321 0.406246 0.304135 0.406898 0.31733
0 0.620864 0.595326 0.620789 0.577768 0.58876 0.577845 0.588835 0.595403
0 0.622414 0.542353 0.62229 0.529963 0.588969 0.530151 0.589093 0.54254
0 0.588253 0.408789 0.588999 0.395169 0.569011 0.394554 0.568265 0.408173
0 0.513141 0.369022 0.5139 0.354189 0.486513 0.353401 0.485754 0.368234
0 0.550055 0.435503 0.551216 0.413604 0.52586 0.412847 0.524699 0.434747
0 0.49947 0.459647 0.499787 0.444367 0.480087 0.444137 0.47977 0.459417
0 0.564095 0.396299 0.564469 0.383693 0.539658 0.383279 0.539285 0.395885
0 0.438979 0.332286 0.439128 0.319656 0.415165 0.319498 0.415016 0.332128
0 0.63741 0.624197 0.638269 0.608685 0.622229 0.608185 0.621369 0.623697
0 0.42207 0.36213 0.422147 0.350014 0.397711 0.349926 0.397633 0.362042
0 0.634163 0.978625 0.634487 0.961752 0.607168 0.961457 0.606844 0.97833
0 0.524629 0.430217 0.524767 0.416714 0.505146 0.416601 0.505008 0.430104
0 0.643443 0.734477 0.643615 0.709947 0.61369 0.709828 0.613517 0.734359
0 0.215429 0.343053 0.215907 0.329632 0.194565 0.329204 0.194087 0.342625
0 0.639015 0.540793 0.638935 0.526497 0.600673 0.526617 0.600753 0.540913
0 0.618294 0.633478 0.618058 0.619222 0.603429 0.619358 0.603664 0.633614
0 0.562298 0.40222 0.561835 0.387435 0.525359 0.388078 0.525822 0.402863
