0 0.711808 0.909453 0.711969 0.9039 0.705047 0.903787 0.704886 0.90934
0 0.162545 0.185074 0.16274 0.179327 0.155829 0.179195 0.155634 0.184942
0 0.586322 0.162778 0.586516 0.155278 0.580133 0.155185 0.579939 0.162685
0 0.846095 0.261499 0.846136 0.255887 0.838859 0.255857 0.838818 0.261468
0 0.710408 0.88146 0.710874 0.874767 0.705516 0.874558 0.70505 0.881251
0 0.550273 0.239617 0.550354 0.2353 0.542686 0.235218 0.542605 0.239535
0 0.721833 0.763177 0.721992 0.757559 0.715917 0.757462 0.715758 0.76308
0 0.807713 0.913734 0.808537 0.90601 0.797979 0.905377 0.797155 0.9131
0 0.85322 0.467544 0.853311 0.461931 0.84736 0.461877 0.847269 0.467489
0 0.258838 0.268838 0.259193 0.262334 0.253246 0.262151 0.252891 0.268656
0 0.681356 0.2314 0.681622 0.223501 0.672513 0.223329 0.672248 0.231228
0 0.699856 0.764457 0.699924 0.756229 0.691141 0.756188 0.691073 0.764416
0 0.323238 0.465539 0.323336 0.461656 0.316164 0.461554 0.316065 0.465436
0 0.724119 0.263007 0.724241 0.258859 0.716316 0.258728 0.716194 0.262876
0 0.852116 0.157034 0.852936 0.149686 0.842259 0.149016 0.841439 0.156363
0 0.274941 0.135396 0.27519 0.130644 0.265677 0.130363 0.265428 0.135115
0 0.466861 0.344233 0.46748 0.337053 0.458698 0.336628 0.458079 0.343808
0 0.708504 0.461989 0.708899 0.456123 0.702541 0.455881 0.702145 0.461748
0 0.725255 0.262752 0.725655 0.256213 0.717809 0.255943 0.717409 0.262482
0 0.592514 0.531807 0.592728 0.527054 0.587628 0.526925 0.587414 0.531677
0 0.512366 0.657911 0.512465 0.654222 0.506929 0.654139 0.50683 0.657827
0 0.159331 0.164362 0.159957 0.156115 0.152951 0.155816 0.152326 0.164063
0 0.350483 0.547609 0.350652 0.542812 0.341636 0.542633 0.341467 0.54743
0 0.182528 0.181601 0.182896 0.174889 0.174696 0.174636 0.174329 0.181349
0 0.15854 0.163336 0.158678 0.158925 0.149665 0.158767 0.149528 0.163177
0 0.209205 0.143813 0.209439 0.135631 0.200557 0.135488 0.200323 0.143671
0 0.261322 0.382305 0.261446 0.378561 0.256271 0.378464 0.256147 0.382208
0 0.842166 0.933491 0.842754 0.92777 0.832834 0.927197 0.832247 0.932918
0 0.849396 0.387237 0.849644 0.380953 0.841574 0.380774 0.841327 0.387059
0 0.624911 0.658142 0.625194 0.654475 0.615814 0.654068 0.615531 0.657735
0 0.56327 0.306412 0.563515 0.300282 0.557631 0.300149 0.557386 0.30628
0 0.587021 0.163087 0.587362 0.154973 0.574956 0.15468 0.574616 0.162794
