0 0.882557 0.888475 0.882883 0.879722 0.874693 0.87955 0.874367 0.888304
0 0.880049 0.731362 0.880104 0.724305 0.870053 0.724261 0.869998 0.731318
0 0.77497 0.87947 0.775924 0.868681 0.765911 0.868183 0.764957 0.878972
0 0.32648 0.618875 0.326931 0.612332 0.321532 0.612123 0.321081 0.618665
0 0.696028 0.369055 0.696489 0.359211 0.689937 0.359038 0.689476 0.368882
0 0.301926 0.544217 0.302144 0.539935 0.291607 0.539632 0.291388 0.543915
0 0.64167 0.208702 0.641885 0.203521 0.632629 0.203305 0.632414 0.208485
0 0.7739 0.878632 0.774038 0.872131 0.766207 0.872037 0.766068 0.878538
0 0.481684 0.32297 0.481842 0.31828 0.474774 0.318146 0.474615 0.322836
0 0.586216 0.620149 0.586336 0.612247 0.580089 0.612194 0.579969 0.620096
0 0.855121 0.441157 0.855152 0.436547 0.84906 0.436524 0.849029 0.441134
0 0.287904 0.21404 0.287987 0.209461 0.28223 0.209402 0.282147 0.213981
0 0.775329 0.844019 0.775757 0.836842 0.765972 0.836515 0.765545 0.843692
0 0.876073 0.548514 0.876253 0.543026 0.869548 0.542903 0.869368 0.54839
0 0.575252 0.181324 0.575751 0.17308 0.568457 0.172831 0.567958 0.181076
0 0.929204 0.91683 0.929765 0.906048 0.922446 0.905834 0.921885 0.916616
0 0.92902 0.919064 0.929584 0.909335 0.922713 0.909111 0.922149 0.91884
0 0.815516 0.244481 0.815824 0.239258 0.808318 0.239009 0.808011 0.244232
0 0.569777 0.495351 0.570129 0.490378 0.558464 0.489914 0.558112 0.494887
0 0.63616 0.334671 0.636335 0.330136 0.624933 0.329889 0.624759 0.334424
0 0.474839 0.4093 0.475177 0.404724 0.465105 0.404306 0.464768 0.408882
0 0.647713 0.527818 0.648101 0.518745 0.641326 0.518582 0.640938 0.527655
0 0.54178 0.535532 0.542075 0.530618 0.533845 0.53034 0.53355 0.535255
0 0.836009 0.326583 0.836075 0.32255 0.831538 0.322508 0.831472 0.326541
0 0.808387 0.169113 0.808775 0.162702 0.797238 0.162309 0.79685 0.16872
0 0.241822 0.169142 0.241946 0.163097 0.232116 0.162983 0.231991 0.169028
0 0.858388 0.444084 0.858741 0.437292 0.84809 0.436981 0.847737 0.443773
0 0.775174 0.206655 0.775489 0.199834 0.767069 0.199615 0.766754 0.206436
