0 0.374386 0.935417 0.37362 0.920228 0.341737 0.921133 0.342503 0.936322
0 0.600608 0.762815 0.600961 0.744931 0.578097 0.744677 0.577744 0.762561
0 0.488872 0.351993 0.488007 0.33291 0.44041 0.334124 0.441275 0.353207
0 0.75786 0.662857 0.758173 0.644591 0.733767 0.644355 0.733454 0.662622
0 0.541172 0.279353 0.541367 0.261338 0.518592 0.2612 0.518398 0.279215
0 0.154397 0.606953 0.156311 0.578427 0.132698 0.577536 0.130784 0.606062
0 0.426012 0.521055 0.425465 0.495331 0.400577 0.495629 0.401124 0.521353
0 0.842907 0.701652 0.842222 0.666598 0.813849 0.66691 0.814533 0.701964
0 0.91517 0.790354 0.915096 0.767444 0.897758 0.767476 0.897833 0.790386
0 0.725496 0.0861968 0.725449 0.0536605 0.697867 0.0536828 0.697913 0.086219
0 0.526577 0.792921 0.52692 0.775057 0.508462 0.774857 0.508118 0.792721
0 0.517287 0.666066 0.517811 0.641738 0.485096 0.641342 0.484572 0.665669
0 0.64883 0.654874 0.649396 0.639756 0.63238 0.639397 0.631813 0.654515
0 0.276095 0.896246 0.276589 0.879984 0.245399 0.879451 0.244905 0.895713
0 0.616049 0.664547 0.616637 0.651297 0.57717 0.650311 0.576582 0.663561
0 0.647585 0.376873 0.648481 0.353956 0.623934 0.353416 0.623037 0.376333
0 0.0244494 0.89433 0.0251784 0.867752 0.00152509 0.867387 0.000796071 0.893965
0 0.211022 0.601529 0.211484 0.582968 0.191484 0.582688 0.191022 0.601249
0 0.926913 0.916072 0.927665 0.887451 0.894992 0.886968 0.89424 0.91559
0 0.598462 0.683242 0.599044 0.666689 0.574522 0.666204 0.57394 0.682757
0 0.559422 0.486437 0.560615 0.467399 0.537024 0.466568 0.535832 0.485606
0 0.146649 0.0946538 0.146899 0.0872909 0.138227 0.0871258 0.137978 0.0944887
0 0.914368 0.902103 0.916537 0.865427 0.872002 0.863945 0.869833 0.900621
0 0.212965 0.881224 0.214093 0.868048 0.199724 0.867356 0.198597 0.880532
