0 0.544493 0.335797 0.546511 0.304954 0.507109 0.303504 0.505091 0.334347
0 0.71156 0.260217 0.70858 0.226778 0.672704 0.228576 0.675684 0.262015
0 0.113479 0.468064 0.119979 0.443108 0.0734339 0.436288 0.0669336 0.461244
0 0.695237 0.124447 0.694923 0.105024 0.658346 0.105357 0.65866 0.12478
0 0.242972 0.393811 0.245701 0.366465 0.181531 0.362864 0.178802 0.390209
0 0.621183 0.205536 0.621181 0.185584 0.567722 0.185587 0.567725 0.205539
0 0.850487 0.186805 0.854885 0.148111 0.795685 0.144326 0.791288 0.183021
0 0.560535 0.213811 0.560104 0.196949 0.521187 0.197509 0.521618 0.21437
0 0.643592 0.520179 0.64172 0.480381 0.602566 0.481417 0.604439 0.521215
0 0.216479 0.539732 0.217964 0.515478 0.183893 0.514305 0.182408 0.538558
0 0.766829 0.261942 0.766997 0.227514 0.726041 0.227402 0.725873 0.26183
0 0.612054 0.132602 0.609666 0.0943179 0.57506 0.0955321 0.577448 0.133816
0 0.570208 0.676037 0.569881 0.631648 0.529739 0.631814 0.530066 0.676203
0 0.545972 0.501767 0.543356 0.450049 0.507519 0.451068 0.510135 0.502787
0 0.643361 0.93622 0.64451 0.902768 0.587882 0.901674 0.586733 0.935126
0 0.0936849 0.924651 0.093336 0.881465 0.0541282 0.881643 0.0544771 0.924829
0 0.568516 0.557502 0.570613 0.525763 0.521878 0.523951 0.51978 0.55569
0 0.88587 0.286358 0.884615 0.243299 0.842289 0.243993 0.843544 0.287052
0 0.526102 0.299731 0.541287 0.274264 0.497835 0.259691 0.48265 0.285158
0 0.290926 0.322349 0.290317 0.290799 0.252438 0.291211 0.253047 0.322761
0 0.561193 0.0581845 0.561034 0.0323908 0.48517 0.0326539 0.485329 0.0584476
0 0.651366 0.19015 0.653985 0.169017 0.60912 0.165889 0.606501 0.187023
0 0.523645 0.249017 0.523965 0.208859 0.492049 0.208716 0.491729 0.248873
0 0.998986 0.411872 0.999447 0.378185 0.955774 0.377849 0.955314 0.411536
0 0.145083 0.867774 0.144843 0.821609 0.101444 0.821736 0.101684 0.867901
0 0.718832 0.333174 0.718219 0.309528 0.637273 0.310709 0.637887 0.334356
0 0.46139 0.176867 0.460945 0.152263 0.40881 0.152793 0.409254 0.177397
0 0.83821 0.578645 0.83858 0.524919 0.794996 0.52475 0.794626 0.578476
0 0.69578 0.395519 0.69658 0.356731 0.668199 0.356402 0.6674 0.39519
0 0.163884 0.418249 0.162208 0.398584 0.114914 0.400851 0.11659 0.420516
0 0.62833 0.0943339 0.6282 0.059055 0.593622 0.0591268 0.593752 0.0944057
0 0.838751 0.0550078 0.83961 0.0209478 0.807621 0.020494 0.806762 0.054554
0 0.649288 0.154189 0.648156 0.1214 0.617009 0.122004 0.61814 0.154794
0 0.331387 0.403484 0.333852 0.366796 0.284963 0.364947 0.282497 0.401635
0 0.73026 0.164394 0.730829 0.120133 0.702708 0.119929 0.702139 0.164191
0 0.839934 0.0852257 0.842488 0.0665966 0.804777 0.0636889 0.802223 0.082318
0 0.0852507 0.621218 0.0848269 0.590315 0.0515254 0.590572 0.0519492 0.621475
0 0.558731 0.276755 0.558645 0.247973 0.528863 0.248023 0.528949 0.276806
0 0.456468 0.319604 0.46398 0.293886 0.399713 0.283327 0.392201 0.309045
0 0.293096 0.372892 0.291552 0.339717 0.265338 0.340403 0.266882 0.373578
0 0.469226 0.275009 0.468499 0.257358 0.429154 0.25827 0.429881 0.275921
0 0.147157 0.449033 0.145332 0.420461 0.112817 0.421629 0.114642 0.450201
0 0.0479748 0.667211 0.0511357 0.630094 0.00618185 0.627941 0.00302091 0.665058
0 0.45035 0.145823 0.450551 0.125842 0.422603 0.125684 0.422403 0.145665
0 0.442423 0.26533 0.441618 0.244486 0.403508 0.245313 0.404313 0.266157
0 0.0228127 0.534826 0.0223882 0.503374 -0.00158828 0.503556 -0.00116372 0.535008
0 0.456943 0.355083 0.461094 0.319253 0.418973 0.316508 0.414823 0.352339
0 0.371035 0.262862 0.371315 0.245063 0.347347 0.244851 0.347068 0.262651
0 0.870111 0.077613 0.872029 0.0529799 0.839355 0.0515486 0.837437 0.0761817
0 0.492654 0.165945 0.492887 0.147773 0.466298 0.147582 0.466066 0.165753
0 0.330576 0.279668 0.33769 0.237316 0.29656 0.23343 0.289446 0.275782
0 0.0261978 0.404763 0.0258925 0.36795 -0.00102385 0.368076 -0.000718547 0.404889
0 0.883428 0.0173838 0.883498 -0.000731384 0.829851 -0.000848144 0.829781 0.0172671
0 0.432635 0.283282 0.4324 0.266001 0.387468 0.266345 0.387704 0.283626
0 0.354667 0.696858 0.355347 0.672976 0.33515 0.672653 0.334471 0.696535
