0 0.275376 0.697675 0.275481 0.691424 0.263792 0.691313 0.263687 0.697564
0 0.775489 0.834019 0.775399 0.827577 0.760924 0.82769 0.761014 0.834132
0 0.250676 0.806656 0.250499 0.789753 0.237221 0.789831 0.237398 0.806735
0 0.646802 0.878986 0.647148 0.868307 0.63988 0.868174 0.639534 0.878853
0 0.841653 0.811824 0.842019 0.803469 0.829478 0.80316 0.829112 0.811515
0 0.652969 0.223515 0.653135 0.217375 0.641532 0.217198 0.641365 0.223338
0 0.977846 0.626377 0.97802 0.618631 0.969567 0.618524 0.969393 0.62627
0 0.40895 0.894481 0.409591 0.886584 0.395536 0.885942 0.394895 0.893839
0 0.758778 0.735466 0.758877 0.730276 0.750791 0.73019 0.750692 0.73538
0 0.743325 0.714423 0.743629 0.706227 0.735686 0.706061 0.735381 0.714257
0 0.324442 0.863087 0.325437 0.855429 0.313375 0.854548 0.31238 0.862205
0 0.543427 0.958461 0.543635 0.950879 0.530102 0.95067 0.529893 0.958252
0 0.405833 0.894826 0.406505 0.887211 0.391322 0.886458 0.39065 0.894073
0 0.859592 0.382868 0.859667 0.377175 0.852168 0.37712 0.852093 0.382813
0 0.854841 0.745062 0.854926 0.737117 0.847422 0.737072 0.847337 0.745017
0 0.44801 0.556861 0.448333 0.551292 0.441283 0.551062 0.440961 0.556632
0 0.553714 0.600035 0.553995 0.59369 0.541626 0.593382 0.541345 0.599727
0 0.527771 0.998745 0.527777 0.985996 0.513694 0.985992 0.513687 0.998741
0 0.810843 0.806507 0.811382 0.796789 0.802817 0.796521 0.802277 0.806239
