0 0.709299 0.484839 0.708352 0.455246 0.681684 0.455727 0.682631 0.485319
0 0.379229 0.490177 0.378763 0.470602 0.338492 0.47114 0.338958 0.490716
0 0.769716 0.115424 0.770627 0.0936217 0.75196 0.0931828 0.751048 0.114985
0 0.210559 0.583783 0.209779 0.55616 0.18295 0.556586 0.183731 0.584209
0 0.587015 0.257773 0.588673 0.234888 0.559479 0.233698 0.557821 0.256583
0 0.362111 0.337958 0.361934 0.324867 0.328575 0.32512 0.328752 0.338211
0 0.267904 0.474468 0.270265 0.455354 0.237276 0.453063 0.234915 0.472176
0 0.0813923 0.601798 0.085301 0.580702 0.0410609 0.576092 0.0371523 0.597188
0 0.275292 0.516485 0.275137 0.494959 0.209575 0.495225 0.209731 0.516751
0 0.726144 0.222694 0.725566 0.191128 0.702613 0.191364 0.703191 0.222931
0 0.110783 0.543247 0.109546 0.52458 0.062413 0.526337 0.0636501 0.545004
0 0.857325 0.504065 0.857343 0.479143 0.822695 0.479129 0.822678 0.504051
0 0.120283 0.481814 0.12052 0.46349 0.0691848 0.463118 0.0689483 0.481441
0 0.261275 0.572671 0.259752 0.541907 0.232505 0.542666 0.234028 0.57343
0 0.334787 0.457804 0.337254 0.435792 0.292023 0.432941 0.289557 0.454953
0 0.595864 0.696255 0.593699 0.651239 0.556517 0.652245 0.558682 0.697261
0 0.175899 0.25595 0.176121 0.232761 0.116376 0.232439 0.116154 0.255628
0 0.110533 0.445196 0.110974 0.419692 0.0719952 0.419313 0.0715542 0.444817
0 0.927995 0.0783279 0.926172 0.036944 0.896016 0.0376912 0.897839 0.0790751
0 0.473962 0.400972 0.476852 0.365382 0.435238 0.363482 0.432348 0.399072
0 0.374075 0.404705 0.381835 0.382745 0.349545 0.376327 0.341785 0.398286
0 0.785967 0.622849 0.786203 0.596695 0.763973 0.596582 0.763736 0.622736
0 0.0972829 0.576193 0.103297 0.550792 0.0595879 0.544971 0.0535736 0.570371
0 0.233648 0.475458 0.232859 0.453916 0.215426 0.454275 0.216215 0.475817
0 0.20174 0.29502 0.20128 0.272923 0.163017 0.273371 0.163477 0.295468
0 0.108748 0.956791 0.107952 0.927212 0.070899 0.927773 0.0716955 0.957353
0 0.705688 0.612495 0.704997 0.572649 0.682492 0.572869 0.683183 0.612714
0 0.226497 0.824583 0.228761 0.802323 0.172002 0.799075 0.169738 0.821336
0 0.272325 0.717413 0.27207 0.677684 0.244812 0.677782 0.245067 0.717511
0 0.123721 0.644305 0.124184 0.612792 0.0852262 0.61247 0.0847634 0.643984
0 0.345703 0.700475 0.346407 0.665603 0.301761 0.665096 0.301057 0.699968
0 0.574772 0.384895 0.576256 0.364266 0.532076 0.362478 0.530591 0.383107
0 0.189905 0.872385 0.188903 0.833619 0.160498 0.834032 0.1615 0.872798
0 0.566678 0.762434 0.566367 0.71956 0.538189 0.719675 0.538499 0.762549
0 0.525859 0.454387 0.523847 0.412071 0.497387 0.412778 0.499399 0.455095
0 0.050223 0.570032 0.0493963 0.548938 0.00183509 0.549986 0.00266176 0.57108
0 0.349464 0.630252 0.349029 0.588011 0.321329 0.588171 0.321764 0.630413
0 0.184779 0.555726 0.187387 0.531408 0.153007 0.529334 0.150399 0.553652
0 0.348856 0.424241 0.349134 0.39269 0.323379 0.392562 0.3231 0.424113
0 0.419839 0.649303 0.41999 0.62859 0.377965 0.628417 0.377813 0.64913
0 0.184865 0.481671 0.187264 0.459296 0.152975 0.457228 0.150576 0.479603
0 0.61139 0.269623 0.611358 0.252344 0.583453 0.252374 0.583485 0.269653
0 0.581879 0.308817 0.579191 0.269549 0.552376 0.270581 0.555064 0.309849
0 1.00143 0.368779 1.00164 0.337123 0.979619 0.33704 0.979408 0.368696
0 0.0446128 0.591951 0.047042 0.574722 0.0125962 0.57199 0.010167 0.589219
0 0.531415 0.326467 0.531966 0.304236 0.504841 0.303858 0.50429 0.326089
0 0.564448 0.34428 0.571383 0.322714 0.537701 0.316621 0.530766 0.338188
0 0.381835 0.381413 0.388888 0.35818 0.349053 0.351377 0.342 0.37461
0 0.521896 0.352361 0.526928 0.330142 0.501292 0.326876 0.49626 0.349095
0 0.157031 0.5705 0.15668 0.55171 0.123026 0.552064 0.123377 0.570854
0 0.429971 0.363325 0.434133 0.343547 0.398928 0.339379 0.394765 0.359157
0 0.656796 0.195019 0.66105 0.156006 0.625963 0.153854 0.621709 0.192867
0 0.512862 0.246517 0.510948 0.204462 0.478774 0.205286 0.480688 0.24734
0 0.550043 0.472671 0.550826 0.454673 0.518448 0.453881 0.517665 0.471879
0 0.0241908 0.608788 0.0244832 0.580253 -0.00263915 0.580096 -0.00293155 0.608632
0 0.147763 0.481187 0.148596 0.459854 0.123556 0.459304 0.122724 0.480637
0 0.506986 0.261385 0.508865 0.230005 0.485019 0.229201 0.483139 0.260582
0 0.145451 0.570321 0.145036 0.552051 0.103388 0.552582 0.103802 0.570852
0 0.203624 0.795786 0.203927 0.773277 0.185626 0.773139 0.185323 0.795647
0 0.0627615 0.59673 0.0667639 0.57802 0.0171946 0.572055 0.0131921 0.590765
