0 0.868012 0.23637 0.868118 0.227301 0.849342 0.227177 0.849236 0.236246
0 0.730489 0.226165 0.730548 0.211467 0.715164 0.211432 0.715106 0.22613
0 0.300948 0.157661 0.30092 0.14825 0.279804 0.148285 0.279832 0.157697
0 0.694382 0.148378 0.694913 0.135829 0.679925 0.135473 0.679394 0.148022
0 0.536993 0.170978 0.537437 0.157497 0.519432 0.157163 0.518988 0.170645
0 0.257698 0.137535 0.257593 0.126505 0.232881 0.126638 0.232987 0.137668
0 0.314768 0.225163 0.314676 0.210392 0.301054 0.21044 0.301145 0.22521
0 0.218625 0.289022 0.219217 0.272547 0.204767 0.272254 0.204174 0.28873
0 0.242043 0.26224 0.24304 0.25171 0.231337 0.251087 0.230341 0.261618
0 0.388194 0.209847 0.389166 0.197774 0.373646 0.19707 0.372673 0.209144
0 0.203111 0.63592 0.203779 0.620591 0.18974 0.620247 0.189071 0.635575
0 0.343478 0.662197 0.343349 0.652365 0.319595 0.652541 0.319725 0.662372
0 0.25582 0.402884 0.256554 0.386517 0.239734 0.386093 0.239 0.40246
0 0.521885 0.248323 0.522279 0.233027 0.508051 0.232821 0.507657 0.248117
0 0.778525 0.231466 0.778972 0.221584 0.760603 0.221117 0.760157 0.230999
0 0.522438 0.210781 0.523396 0.197723 0.506366 0.19702 0.505409 0.210078
0 0.284895 0.897895 0.285392 0.879962 0.262311 0.879602 0.261815 0.897536
0 0.340602 0.220528 0.341013 0.210044 0.32047 0.209591 0.320058 0.220074
0 0.188171 0.216965 0.1883 0.204932 0.175135 0.204853 0.175006 0.216886
0 0.86049 0.25212 0.860885 0.242353 0.841932 0.241922 0.841537 0.251689
0 0.166763 0.456465 0.167006 0.446631 0.153464 0.446443 0.153221 0.456276
0 0.239735 0.671297 0.241179 0.654163 0.223839 0.653341 0.222395 0.670475
0 0.632264 0.179286 0.632718 0.168747 0.619463 0.168426 0.619009 0.178965
0 0.0828731 0.550957 0.0831585 0.54317 0.0748602 0.542999 0.0745748 0.550786
0 0.460081 0.356635 0.460131 0.349183 0.443679 0.34912 0.443629 0.356573
0 0.775439 0.229749 0.775918 0.218968 0.755459 0.218456 0.75498 0.229238
0 0.243997 0.371524 0.244209 0.364713 0.230743 0.364477 0.23053 0.371287
0 0.31137 0.377503 0.311796 0.368617 0.30174 0.368346 0.301314 0.377232
0 0.545108 0.162282 0.545868 0.150109 0.527572 0.149466 0.526812 0.161639
