0 0.850395 0.200488 0.850337 0.19308 0.835511 0.193145 0.835569 0.200554
0 0.2344 0.744904 0.234774 0.737085 0.223748 0.736788 0.223373 0.744608
0 0.343227 0.234929 0.343291 0.22939 0.332561 0.22932 0.332498 0.234859
0 0.369834 0.184245 0.37021 0.176432 0.358078 0.176104 0.357702 0.183917
0 0.493093 0.125741 0.493097 0.11851 0.475577 0.118505 0.475574 0.125736
0 0.629672 0.777419 0.629837 0.768728 0.620147 0.768625 0.619982 0.777315
0 0.729836 0.75369 0.730104 0.743741 0.721998 0.743618 0.721731 0.753567
0 0.325495 0.168936 0.325755 0.161701 0.318117 0.161546 0.317856 0.168781
0 0.0514158 0.491313 0.0514759 0.486258 0.0417647 0.486194 0.0417047 0.491249
0 0.728672 0.163637 0.729154 0.156255 0.721629 0.155979 0.721146 0.163361
0 0.0518971 0.494164 0.052446 0.485357 0.0408972 0.484952 0.0403483 0.493759
0 0.0827688 0.582164 0.0831444 0.5776 0.0750785 0.577226 0.0747029 0.58179
0 0.552313 0.224134 0.552465 0.218758 0.541471 0.218582 0.541318 0.223958
0 0.896567 0.497431 0.896533 0.493125 0.889704 0.493156 0.889739 0.497461
0 0.708723 0.557512 0.708795 0.551878 0.696061 0.551787 0.69599 0.557421
0 0.628774 0.781362 0.629231 0.770291 0.620414 0.770086 0.619956 0.781157
