0 0.797527 0.334469 0.797512 0.301706 0.752964 0.301742 0.752978 0.334505
0 0.620793 0.430574 0.621851 0.384802 0.595724 0.383729 0.594666 0.4295
0 0.914707 0.261521 0.914841 0.222218 0.881918 0.222018 0.881784 0.261322
0 0.335513 0.482422 0.335384 0.443083 0.303748 0.443269 0.303878 0.482607
0 0.24816 0.926428 0.248432 0.887161 0.221338 0.886827 0.221066 0.926094
0 0.781606 0.404699 0.781041 0.376813 0.743101 0.378177 0.743665 0.406063
0 0.425703 0.532775 0.425899 0.475585 0.398697 0.475419 0.398502 0.53261
0 0.203487 0.596912 0.203718 0.559415 0.178725 0.559141 0.178494 0.596639
0 0.267402 0.434307 0.267921 0.394655 0.241053 0.39403 0.240535 0.433683
0 0.62301 0.827983 0.622672 0.783756 0.569824 0.784474 0.570161 0.828701
0 0.402411 0.65156 0.403248 0.617074 0.371011 0.615683 0.370175 0.65017
0 0.271475 0.648046 0.270301 0.585622 0.239463 0.586653 0.240637 0.649077
0 0.235841 0.750446 0.236456 0.718317 0.212325 0.717497 0.211711 0.749625
0 0.273715 0.725301 0.274312 0.663829 0.248963 0.663391 0.248366 0.724863
0 0.414751 0.379717 0.420749 0.304472 0.384182 0.29929 0.378185 0.374536
0 0.221025 0.370887 0.22066 0.307509 0.189905 0.307824 0.190271 0.371202
0 0.688277 0.156332 0.689345 0.111116 0.664079 0.110055 0.663011 0.155271
0 0.835438 0.459259 0.837473 0.400381 0.804353 0.398346 0.802318 0.457224
0 0.397713 0.187639 0.397803 0.159392 0.366407 0.159215 0.366318 0.187462
0 0.483553 0.478306 0.486312 0.435175 0.453404 0.431433 0.450646 0.474564
0 0.240914 0.381698 0.241723 0.345162 0.221922 0.344383 0.221113 0.380918
0 0.743048 0.813348 0.743236 0.771853 0.70093 0.771513 0.700742 0.813008
0 0.47452 0.493703 0.477723 0.458533 0.445116 0.453253 0.441913 0.488423
0 0.523027 0.922405 0.524276 0.880909 0.4994 0.879578 0.498152 0.921074
