0 0.259092 0.822914 0.259044 0.794843 0.231763 0.794925 0.231811 0.822996
0 0.180871 0.875468 0.180413 0.848525 0.150044 0.849443 0.150502 0.876386
0 0.29433 0.514431 0.293159 0.472494 0.272324 0.473528 0.273494 0.515464
0 0.208724 0.560969 0.208347 0.52381 0.182332 0.524279 0.182709 0.561438
0 0.193572 0.922803 0.19362 0.892874 0.173057 0.892815 0.173009 0.922744
0 0.430713 0.304917 0.430483 0.282637 0.397584 0.283241 0.397814 0.30552
0 0.308687 0.32963 0.308831 0.291293 0.2852 0.291136 0.285056 0.329473
0 0.447223 0.369333 0.447513 0.340047 0.407349 0.339339 0.407058 0.368625
0 0.407092 0.530488 0.407276 0.502014 0.371758 0.501606 0.371574 0.530079
0 0.259562 0.612111 0.258358 0.570264 0.235003 0.571459 0.236208 0.613306
0 0.353616 0.546085 0.355579 0.502784 0.333071 0.500971 0.331109 0.544271
0 0.223563 0.332375 0.223785 0.294721 0.202065 0.294493 0.201843 0.332147
0 0.960407 0.245816 0.96063 0.210759 0.928724 0.2104 0.928502 0.245457
0 0.478283 0.333984 0.477283 0.283847 0.453249 0.284699 0.454249 0.334836
0 0.581375 0.415319 0.58155 0.369476 0.558476 0.36932 0.558301 0.415163
0 0.792266 0.334733 0.793699 0.290677 0.747473 0.288006 0.746041 0.332061
0 0.929245 0.293767 0.928697 0.265904 0.892966 0.267152 0.893514 0.295015
0 0.340139 0.199209 0.340796 0.166366 0.3095 0.165254 0.308843 0.198097
0 0.627065 0.796784 0.625539 0.754412 0.577864 0.757464 0.57939 0.799836
0 0.846543 0.433004 0.849855 0.377871 0.815648 0.374218 0.812336 0.429351
0 0.301953 0.565162 0.302008 0.530411 0.277674 0.530343 0.27762 0.565094
0 0.752147 0.152261 0.753562 0.112592 0.720008 0.110464 0.718593 0.150134
0 0.379339 0.587398 0.378728 0.547444 0.340693 0.548477 0.341304 0.588432
0 0.152509 0.705699 0.152512 0.643288 0.130948 0.643286 0.130945 0.705697
0 0.272326 0.677757 0.272663 0.613113 0.249508 0.612898 0.24917 0.677542
0 0.529337 0.889408 0.530244 0.851947 0.510073 0.851079 0.509167 0.88854
0 0.214017 1 0.21401 0.988202 0.185342 0.988231 0.185349 1.00003
0 0.749434 0.781707 0.750995 0.750442 0.717669 0.747484 0.716109 0.77875
