0 0.731493 0.108726 0.731589 0.102582 0.723909 0.102514 0.723813 0.108659
0 0.0977234 0.721053 0.0981067 0.712981 0.0898109 0.712759 0.0894276 0.720832
0 0.724848 0.464955 0.724808 0.459047 0.713329 0.459091 0.71337 0.464999
0 0.715391 0.182786 0.716075 0.174689 0.707748 0.174294 0.707065 0.18239
0 0.749455 0.873168 0.749469 0.86635 0.740478 0.866339 0.740464 0.873157
0 0.264292 0.146123 0.264301 0.140331 0.257205 0.140325 0.257196 0.146116
0 0.230754 0.147113 0.230756 0.141641 0.224292 0.141639 0.224289 0.147112
0 0.833227 0.864637 0.833435 0.855754 0.824417 0.855636 0.824209 0.864518
0 0.765773 0.86914 0.766278 0.859453 0.755992 0.859151 0.755487 0.868839
0 0.0805557 0.223764 0.0807366 0.217348 0.0741913 0.217245 0.0740103 0.22366
0 0.813634 0.810006 0.813768 0.80514 0.807242 0.805039 0.807109 0.809905
0 0.808348 0.434081 0.80859 0.428219 0.796339 0.427935 0.796097 0.433796
0 0.165225 0.185006 0.1654 0.179843 0.157682 0.179695 0.157507 0.184858
0 0.225123 0.858863 0.225417 0.8531 0.215291 0.85281 0.214997 0.858572
0 0.613374 0.138952 0.613646 0.130516 0.607621 0.130407 0.607349 0.138843
0 0.0753821 0.808604 0.0757626 0.80327 0.0673696 0.802933 0.066989 0.808267
0 0.613283 0.319814 0.613366 0.315133 0.607245 0.315072 0.607162 0.319753
0 0.163495 0.158289 0.163534 0.153453 0.157003 0.153424 0.156965 0.15826
0 0.726426 0.465332 0.726704 0.456254 0.712449 0.456009 0.712172 0.465086
0 0.602183 0.626287 0.602589 0.618244 0.591584 0.617932 0.591179 0.625975
0 0.675664 0.159817 0.675932 0.155148 0.668333 0.154903 0.668065 0.159572
0 0.17639 0.148161 0.176653 0.142666 0.16883 0.142455 0.168566 0.14795
0 0.0706608 0.254404 0.0713534 0.243389 0.0581629 0.242923 0.0574703 0.253937
0 0.117697 0.142465 0.117798 0.137107 0.110247 0.137027 0.110147 0.142385
0 0.174865 0.128013 0.175608 0.118643 0.165439 0.118189 0.164696 0.127559
0 0.567751 0.904812 0.567958 0.893768 0.556838 0.893651 0.556631 0.904694
0 0.269625 0.553128 0.270079 0.543805 0.258245 0.543481 0.257792 0.552804
0 0.766078 0.866791 0.76634 0.856297 0.757729 0.856176 0.757467 0.86667
0 0.581707 0.731651 0.582277 0.72402 0.574452 0.723691 0.573883 0.731323
0 0.875107 0.132911 0.875466 0.128572 0.868579 0.128252 0.86822 0.132591
0 0.103691 0.156547 0.104056 0.146204 0.0912006 0.145949 0.0908356 0.156292
0 0.386829 0.757223 0.387718 0.748914 0.375557 0.748181 0.374668 0.756491
0 0.391627 0.75775 0.392144 0.750066 0.377764 0.749523 0.377248 0.757206
0 0.60848 0.0951278 0.6089 0.0882376 0.597812 0.0878578 0.597392 0.094748
0 0.458229 0.751208 0.458932 0.743606 0.447092 0.742989 0.446389 0.750592
0 0.668407 0.14417 0.669013 0.134335 0.658278 0.133963 0.657672 0.143798
0 0.171793 0.126914 0.171916 0.123076 0.166347 0.122975 0.166224 0.126814
0 0.342033 0.593926 0.34254 0.583557 0.334809 0.583345 0.334301 0.593713
0 0.115722 0.144045 0.116084 0.136724 0.10793 0.136497 0.107568 0.143818
0 0.125103 0.15713 0.125416 0.151474 0.115215 0.151156 0.114901 0.156811
0 0.341794 0.591124 0.342559 0.581243 0.335304 0.580927 0.334539 0.590808
0 0.14199 0.168949 0.142417 0.161288 0.134617 0.161044 0.13419 0.168705
0 0.725537 0.468817 0.726049 0.459112 0.711388 0.458677 0.710877 0.468382
0 0.146077 0.444196 0.146477 0.4393 0.141117 0.439053 0.140716 0.443949
