0 0.741583 0.93739 0.742073 0.930801 0.73185 0.930374 0.731361 0.936963
0 0.742734 0.85931 0.742963 0.853146 0.734051 0.85296 0.733822 0.859123
0 0.927063 0.760707 0.927282 0.755321 0.920163 0.755158 0.919943 0.760544
0 0.407974 0.400099 0.408582 0.393184 0.398623 0.392691 0.398014 0.399606
0 0.681738 0.856707 0.682269 0.849665 0.674313 0.849327 0.673783 0.85637
0 0.911767 0.0948151 0.911855 0.090429 0.905346 0.0903551 0.905257 0.0947412
0 0.908432 0.157786 0.908627 0.151385 0.895632 0.151161 0.895436 0.157563
0 0.145979 0.25227 0.146506 0.243851 0.138363 0.243564 0.137836 0.251983
0 0.918011 0.56422 0.918078 0.560004 0.912154 0.559951 0.912086 0.564167
0 0.350653 0.0603188 0.350694 0.054656 0.341545 0.0546189 0.341505 0.0602818
0 0.518168 0.438092 0.51833 0.433472 0.511316 0.433334 0.511155 0.437954
0 0.1598 0.357576 0.160036 0.352417 0.154756 0.352282 0.15452 0.35744
0 0.900921 0.928952 0.901008 0.922941 0.893514 0.92288 0.893428 0.928891
0 0.900648 0.93173 0.901471 0.921805 0.891425 0.921337 0.890602 0.931261
0 0.879916 0.685417 0.880057 0.680698 0.874412 0.680603 0.87427 0.685322
0 0.931356 0.964479 0.931866 0.955934 0.924261 0.955678 0.92375 0.964224
0 0.12911 0.465315 0.129492 0.456246 0.122663 0.456084 0.122281 0.465153
0 0.492535 0.133579 0.492692 0.128962 0.486481 0.128843 0.486323 0.13346
0 0.920735 0.444509 0.920782 0.437272 0.914474 0.437248 0.914427 0.444485
0 0.733688 0.389184 0.733812 0.381161 0.724813 0.381082 0.724689 0.389106
0 0.625513 0.269087 0.625799 0.262657 0.619118 0.26249 0.618832 0.26892
0 0.535437 0.095819 0.535598 0.0911785 0.524997 0.0909725 0.524836 0.0956131
0 0.320101 0.0880522 0.320384 0.0816752 0.314971 0.0815401 0.314689 0.0879172
0 0.658293 0.658273 0.658636 0.652388 0.649221 0.65208 0.648879 0.657965
0 0.6889 0.987818 0.688968 0.982082 0.682349 0.982038 0.682281 0.987774
0 0.909966 0.338686 0.910373 0.331055 0.903855 0.33086 0.903449 0.33849
0 0.350942 0.0625835 0.351341 0.0540123 0.346518 0.0538858 0.346118 0.062457
0 0.927493 0.149241 0.927574 0.143205 0.921192 0.143157 0.92111 0.149193
0 0.929671 0.509642 0.929776 0.505377 0.923351 0.505287 0.923245 0.509552
0 0.8914 0.451116 0.891987 0.443543 0.88259 0.443133 0.882002 0.450706
0 0.925551 0.581401 0.925968 0.572186 0.91809 0.571986 0.917673 0.581201
0 0.684269 0.712576 0.684437 0.705778 0.679094 0.705704 0.678926 0.712502
0 0.231388 0.369054 0.232138 0.35905 0.22436 0.358723 0.223611 0.368726
0 0.568031 0.719688 0.568255 0.715284 0.558399 0.715003 0.558176 0.719407
0 0.611066 0.756538 0.611226 0.752031 0.605601 0.751919 0.605441 0.756426
0 0.907826 0.0517014 0.908536 0.0436761 0.896526 0.0430781 0.895815 0.0511034
0 0.942347 0.593913 0.942769 0.586799 0.935863 0.586569 0.93544 0.593682
0 0.198443 0.0659923 0.198631 0.0562987 0.190256 0.056207 0.190068 0.0659007
0 0.275566 0.485308 0.275664 0.480919 0.268389 0.480828 0.268291 0.485217
0 0.359986 0.486877 0.3601 0.48108 0.354496 0.481018 0.354382 0.486815
0 0.482793 0.175007 0.483178 0.168743 0.474887 0.168456 0.474502 0.17472
0 0.397359 0.608493 0.397578 0.604239 0.391117 0.604053 0.390898 0.608306
0 0.608515 0.656665 0.60869 0.650232 0.5996 0.650092 0.599424 0.656525
0 0.729153 0.619162 0.729393 0.613229 0.723396 0.613093 0.723156 0.619025
0 0.685434 0.710601 0.685582 0.705829 0.674925 0.705643 0.674777 0.710415
0 0.196406 0.0688627 0.196697 0.0590621 0.187531 0.0589093 0.18724 0.0687098
0 0.674962 0.270098 0.675266 0.265236 0.665164 0.264881 0.66486 0.269743
0 0.842691 0.231429 0.843205 0.223782 0.837203 0.223556 0.836689 0.231203
0 0.353587 0.163012 0.353697 0.157791 0.348597 0.157731 0.348487 0.162952
0 0.424855 0.375815 0.425236 0.368594 0.410986 0.368172 0.410606 0.375393
0 0.117177 0.416809 0.117261 0.411707 0.110765 0.411646 0.110681 0.416749
0 0.4091 0.597256 0.409444 0.592151 0.403656 0.591932 0.403313 0.597037
0 0.14604 0.256514 0.147056 0.245747 0.138326 0.245283 0.137309 0.256051
0 0.519336 0.439296 0.519461 0.431293 0.508091 0.431194 0.507966 0.439197
0 0.195032 0.0644604 0.195163 0.0604448 0.183076 0.0602229 0.182945 0.0642385
