0 0.133959 0.432134 0.133884 0.414384 0.083841 0.414502 0.0839153 0.432252
0 0.784086 0.263502 0.785472 0.239857 0.730402 0.238042 0.729016 0.261687
0 0.102596 0.55805 0.102241 0.527562 0.0515248 0.527894 0.0518799 0.558382
0 0.185048 0.418838 0.187586 0.395875 0.142743 0.393087 0.140204 0.416049
0 0.165447 0.876295 0.163749 0.830203 0.120611 0.831097 0.122308 0.877188
0 0.625552 0.0944633 0.624493 0.0558898 0.592385 0.0563857 0.593444 0.0949592
0 0.559304 0.260163 0.558423 0.220272 0.530272 0.220622 0.531153 0.260513
0 0.840328 0.563993 0.839075 0.508871 0.796066 0.509421 0.797318 0.564543
0 0.673731 0.193066 0.675776 0.155342 0.634707 0.15409 0.632662 0.191814
0 0.784957 0.142518 0.785087 0.11652 0.742818 0.116401 0.742688 0.142399
0 0.428784 0.23758 0.427859 0.221781 0.392849 0.222934 0.393774 0.238732
0 0.558905 0.305144 0.567358 0.267481 0.516373 0.261045 0.507921 0.298708
0 0.549577 0.489933 0.547171 0.436488 0.510022 0.437429 0.512428 0.490873
0 0.578459 0.670776 0.57652 0.630627 0.537948 0.631675 0.539887 0.671824
0 0.718494 0.103769 0.718222 0.0863929 0.676451 0.0867614 0.676724 0.104137
0 0.583887 0.149189 0.582493 0.112429 0.548439 0.113155 0.549832 0.149915
0 0.0975215 0.501447 0.0946416 0.456886 0.0490748 0.458543 0.0519547 0.503103
0 0.678507 0.260967 0.676681 0.225627 0.641384 0.226653 0.64321 0.261993
0 0.667218 0.400394 0.666668 0.368797 0.6247 0.369208 0.62525 0.400805
0 0.501136 0.927254 0.502452 0.886859 0.449475 0.885888 0.448159 0.926283
0 0.554619 0.625324 0.553479 0.584902 0.505971 0.585656 0.507112 0.626078
0 0.885658 0.0780207 0.880471 0.0332336 0.833364 0.0363022 0.83855 0.0810893
0 0.451255 0.155806 0.452606 0.114531 0.412635 0.113795 0.411285 0.155071
0 0.904734 0.299322 0.905626 0.254361 0.862655 0.253881 0.861762 0.298842
0 0.250465 0.292557 0.251047 0.261878 0.211665 0.261458 0.211084 0.292137
0 0.15485 0.530398 0.154694 0.507022 0.131096 0.50711 0.131251 0.530486
0 0.478938 0.356741 0.478796 0.324768 0.445638 0.324851 0.445781 0.356824
0 0.233454 0.388443 0.235948 0.365991 0.177777 0.362356 0.175283 0.384809
0 0.804715 0.0557986 0.804702 0.00537526 0.772915 0.00538002 0.772929 0.0558033
0 0.290358 0.410134 0.3004 0.381767 0.260513 0.373825 0.250471 0.402192
0 0.632579 0.152495 0.633042 0.121348 0.606028 0.121122 0.605565 0.152269
0 0.0367495 0.515058 0.0373592 0.488965 -0.0011932 0.488458 -0.00180294 0.514551
0 0.60616 0.199192 0.611589 0.174441 0.559985 0.168074 0.554556 0.192825
0 0.438806 0.332226 0.439287 0.299247 0.405004 0.298965 0.404523 0.331944
0 0.939429 0.0932619 0.939516 0.0506553 0.899649 0.0506098 0.899562 0.0932164
0 0.462665 0.249707 0.463089 0.234406 0.42687 0.233841 0.426445 0.249142
0 0.654056 0.509566 0.652364 0.468339 0.617377 0.469147 0.619068 0.510373
0 0.522145 0.243201 0.523226 0.202179 0.494602 0.201755 0.493521 0.242777
0 0.0851638 0.905855 0.0849864 0.862781 0.0431939 0.862878 0.0433713 0.905952
0 0.261939 0.378532 0.265827 0.354827 0.222087 0.350792 0.218199 0.374497
0 0.726094 0.136318 0.726249 0.10736 0.6912 0.107255 0.691046 0.136213
0 0.999767 0.411192 1.0009 0.376223 0.960863 0.375491 0.959727 0.410461
0 0.692185 0.344835 0.69364 0.306054 0.630721 0.304726 0.629266 0.343506
0 0.0629845 0.657948 0.0667537 0.618824 0.0285172 0.616752 0.0247481 0.655876
0 0.368111 0.275621 0.370959 0.252032 0.343657 0.250177 0.340808 0.273766
0 0.332314 0.432741 0.342699 0.401521 0.293836 0.392378 0.283451 0.423599
0 0.454499 0.273114 0.456384 0.2507 0.418881 0.248927 0.416996 0.271341
0 0.416775 0.305214 0.427836 0.277322 0.370859 0.264612 0.359798 0.292503
0 0.563001 0.198824 0.563935 0.175943 0.538543 0.17536 0.537608 0.198241
0 0.298741 0.2802 0.302126 0.237645 0.258509 0.235693 0.255124 0.278249
0 0.497495 0.163404 0.497731 0.142426 0.471311 0.142258 0.471074 0.163237
0 0.363283 0.689837 0.363562 0.660946 0.340402 0.66082 0.340123 0.689711
0 0.581445 0.00808192 0.58137 0.000485988 0.545303 0.000686466 0.545378 0.0082824
0 0.835937 0.018701 0.836858 0.000218982 0.804934 -0.000676453 0.804012 0.0178056
