0 0.87904 0.735797 0.879091 0.730741 0.870883 0.730694 0.870832 0.73575
0 0.774979 0.884855 0.77533 0.877825 0.765423 0.877546 0.765071 0.884576
0 0.881783 0.894392 0.882273 0.887052 0.874931 0.886777 0.874441 0.894116
0 0.474977 0.420413 0.475212 0.416617 0.466528 0.416315 0.466293 0.42011
0 0.574869 0.5015 0.575675 0.493737 0.567402 0.493254 0.566596 0.501017
0 0.774925 0.849201 0.775285 0.843075 0.763222 0.842676 0.762862 0.848802
0 0.928988 0.922897 0.929308 0.916966 0.922492 0.916759 0.922172 0.92269
0 0.191406 0.348903 0.192041 0.34283 0.183715 0.34234 0.18308 0.348414
0 0.700547 0.377452 0.70071 0.368395 0.691541 0.368302 0.691378 0.377359
0 0.808516 0.173097 0.808904 0.16804 0.800714 0.167687 0.800327 0.172744
0 0.820738 0.249314 0.820944 0.242916 0.808305 0.242687 0.808099 0.249085
0 0.858078 0.448593 0.858506 0.443186 0.848833 0.442756 0.848406 0.448163
0 0.59146 0.285781 0.591889 0.280697 0.583889 0.280318 0.583461 0.285402
0 0.3083 0.545452 0.308582 0.541072 0.299784 0.540754 0.299503 0.545133
0 0.524705 0.19964 0.525187 0.193546 0.516164 0.193145 0.515683 0.199239
0 0.682567 0.159751 0.682815 0.154605 0.674741 0.154386 0.674493 0.159532
0 0.775116 0.325992 0.775692 0.318488 0.766447 0.318089 0.765871 0.325593
0 0.250188 0.169751 0.250295 0.166148 0.241549 0.166002 0.241442 0.169604
0 0.700578 0.376044 0.700636 0.370895 0.692702 0.370845 0.692645 0.375994
0 0.426589 0.206519 0.426817 0.202057 0.421856 0.201915 0.421629 0.206377
0 0.749339 0.932302 0.749548 0.926958 0.741195 0.926774 0.740986 0.932117
0 0.858303 0.385443 0.858633 0.380311 0.848863 0.379957 0.848533 0.38509
0 0.588503 0.287689 0.588782 0.280362 0.582723 0.280232 0.582444 0.287559
0 0.877322 0.535964 0.877574 0.530758 0.871621 0.530596 0.871369 0.535802
0 0.498479 0.606593 0.49897 0.599822 0.491387 0.599513 0.490897 0.606284
0 0.866448 0.544999 0.866617 0.540701 0.858304 0.540517 0.858135 0.544815
0 0.641352 0.341496 0.642263 0.33124 0.632612 0.330758 0.631701 0.341014
0 0.580038 0.181949 0.580208 0.177406 0.574021 0.177276 0.573852 0.18182
0 0.652437 0.221176 0.652608 0.212303 0.646565 0.212238 0.646394 0.221111
0 0.212732 0.197603 0.213007 0.193013 0.207081 0.192814 0.206807 0.197404
0 0.652325 0.220193 0.652658 0.215115 0.641828 0.214715 0.641495 0.219793
0 0.577464 0.631395 0.578104 0.623158 0.572384 0.622908 0.571744 0.631145
0 0.824735 0.250062 0.825281 0.243321 0.812652 0.242745 0.812106 0.249487
0 0.320948 0.619 0.321106 0.612182 0.315529 0.612109 0.315372 0.618928
0 0.692785 0.522153 0.692907 0.517932 0.687604 0.517846 0.687482 0.522067
0 0.830042 0.720281 0.830449 0.713914 0.824462 0.713698 0.824055 0.720066
0 0.391614 0.308516 0.391812 0.304118 0.379171 0.303797 0.378973 0.308196
