0 0.457461 0.439431 0.458317 0.42123 0.426434 0.420386 0.425578 0.438588
0 0.563706 0.432455 0.565639 0.410217 0.545334 0.409224 0.543401 0.431462
0 0.612498 0.604447 0.612179 0.590032 0.573217 0.590517 0.573536 0.604931
0 0.518393 0.18004 0.519421 0.15748 0.491845 0.156773 0.490817 0.179333
0 0.594163 0.517275 0.594145 0.496516 0.567174 0.49653 0.567192 0.517288
0 0.559088 0.568167 0.559047 0.553821 0.522021 0.55388 0.522061 0.568225
0 0.639356 0.688551 0.639279 0.673603 0.601878 0.673711 0.601954 0.688659
0 0.533317 0.267489 0.534451 0.240714 0.507612 0.240074 0.506477 0.26685
0 0.658245 0.928416 0.658423 0.908518 0.629675 0.908374 0.629498 0.928271
0 0.673783 0.371735 0.672956 0.35434 0.62584 0.355599 0.626666 0.372994
0 0.271538 0.553409 0.271476 0.539844 0.248015 0.539903 0.248076 0.553469
0 0.458072 0.559576 0.458024 0.543571 0.414673 0.543644 0.414721 0.559649
0 0.609696 0.721815 0.608169 0.701808 0.564377 0.703688 0.565905 0.723695
0 0.526594 0.447121 0.526577 0.422367 0.507067 0.422375 0.507084 0.447128
0 0.598348 0.32201 0.598628 0.290399 0.570606 0.290259 0.570326 0.32187
0 0.665587 0.78607 0.667144 0.751803 0.624781 0.750721 0.623224 0.784987
0 0.359646 0.288498 0.36029 0.257536 0.329541 0.257176 0.328897 0.288139
0 0.641684 0.957862 0.641531 0.938036 0.614375 0.938154 0.614528 0.95798
0 0.319733 0.398127 0.320191 0.381395 0.282831 0.380819 0.282373 0.397551
0 0.440617 0.168147 0.440835 0.150363 0.419393 0.150215 0.419175 0.167999
0 0.434124 0.349917 0.434426 0.333476 0.411042 0.333234 0.41074 0.349675
0 0.121227 0.652218 0.122204 0.621293 0.0898158 0.620717 0.0888388 0.651643
0 0.73906 0.487605 0.738927 0.457729 0.690263 0.457851 0.690396 0.487727
0 0.667173 0.336092 0.666791 0.322169 0.636254 0.32264 0.636636 0.336563
0 0.47414 0.346472 0.473601 0.31399 0.449625 0.314214 0.450165 0.346696
0 0.603027 0.980915 0.604414 0.9625 0.569753 0.96103 0.568365 0.979446
0 0.606309 0.563242 0.608637 0.539733 0.562881 0.537184 0.560553 0.560694
0 0.610634 0.954593 0.610205 0.934595 0.584041 0.934911 0.58447 0.954908
0 0.691687 0.475992 0.692175 0.441506 0.6694 0.441325 0.668913 0.475811
0 0.578156 0.285963 0.578668 0.273104 0.558079 0.272642 0.557567 0.285502
0 0.334059 0.605872 0.333711 0.580836 0.312613 0.581001 0.31296 0.606037
0 0.259992 0.608077 0.260425 0.59473 0.22948 0.594166 0.229048 0.607513
0 0.380145 0.721279 0.380131 0.706967 0.334344 0.706993 0.334358 0.721305
0 0.61166 0.963186 0.612251 0.944031 0.585746 0.943571 0.585155 0.962726
