0 0.780433 0.421709 0.780413 0.41606 0.771106 0.416078 0.771126 0.421727
0 0.454348 0.440639 0.454385 0.435639 0.447603 0.435611 0.447567 0.440611
0 0.28097 0.081844 0.281318 0.0751331 0.272786 0.0748841 0.272438 0.081595
0 0.91591 0.832396 0.916127 0.827323 0.908188 0.827132 0.907971 0.832205
0 0.848719 0.207757 0.848867 0.202764 0.841344 0.202638 0.841195 0.207631
0 0.911886 0.550971 0.912149 0.54329 0.904062 0.543134 0.903799 0.550815
0 0.458799 0.444054 0.459188 0.435888 0.448622 0.435604 0.448233 0.44377
0 0.821706 0.841177 0.821808 0.834609 0.815362 0.834553 0.81526 0.841121
0 0.225025 0.108681 0.225265 0.10462 0.21607 0.104313 0.215829 0.108374
0 0.49635 0.2507 0.496516 0.243697 0.490607 0.243618 0.490441 0.250621
0 0.758711 0.543936 0.758902 0.53667 0.750658 0.536548 0.750466 0.543814
0 0.275071 0.319181 0.275357 0.31296 0.265042 0.312693 0.264756 0.318914
0 0.908616 0.531391 0.90889 0.524551 0.901 0.524373 0.900725 0.531213
0 0.908489 0.481462 0.908777 0.474407 0.898222 0.474165 0.897934 0.481219
0 0.21593 0.122626 0.21606 0.118385 0.207355 0.118235 0.207225 0.122476
0 0.415657 0.370403 0.415881 0.365918 0.408253 0.365703 0.408028 0.370188
0 0.686644 0.166688 0.686702 0.161675 0.680622 0.161635 0.680564 0.166648
0 0.608789 0.120094 0.609146 0.113866 0.602634 0.113657 0.602277 0.119884
0 0.908835 0.479506 0.909085 0.473237 0.899453 0.473021 0.899204 0.47929
0 0.818135 0.811621 0.818407 0.805149 0.8082 0.804908 0.807928 0.81138
0 0.691641 0.148309 0.691867 0.143272 0.678635 0.142939 0.678409 0.147976
0 0.949991 0.856926 0.950863 0.849109 0.941789 0.84854 0.940917 0.856356
0 0.846835 0.458084 0.847012 0.453647 0.840711 0.453505 0.840533 0.457942
0 0.757278 0.541884 0.757288 0.536388 0.749323 0.53638 0.749313 0.541876
0 0.65872 0.593903 0.658885 0.587111 0.65141 0.587009 0.651245 0.593801
0 0.535148 0.163325 0.535328 0.156123 0.524869 0.155977 0.524689 0.163178
0 0.574783 0.587451 0.575191 0.580672 0.563065 0.580262 0.562656 0.58704
0 0.435596 0.385472 0.435838 0.380726 0.424965 0.380414 0.424723 0.38516
0 0.642439 0.621545 0.642554 0.617187 0.635506 0.617083 0.635391 0.621441
0 0.767117 0.559117 0.767278 0.553851 0.75809 0.553693 0.757929 0.558959
0 0.578138 0.418923 0.578735 0.41033 0.57365 0.410132 0.573053 0.418725
0 0.868316 0.282845 0.86868 0.277029 0.858437 0.276669 0.858074 0.282485
0 0.2751 0.0969359 0.275423 0.092237 0.265627 0.0918582 0.265304 0.0965572
0 0.674858 0.225027 0.675329 0.218663 0.666158 0.218282 0.665687 0.224645
0 0.351282 0.170394 0.351492 0.166095 0.341693 0.165825 0.341483 0.170124
0 0.458494 0.443196 0.459277 0.431254 0.448285 0.430848 0.447502 0.442791
