0 0.150782 0.442754 0.154474 0.419311 0.105923 0.41501 0.102231 0.438453
0 0.789361 0.738334 0.789233 0.719813 0.747735 0.719974 0.747863 0.738495
0 0.531607 0.353557 0.536583 0.335124 0.486024 0.327447 0.481048 0.34588
0 0.192055 0.366311 0.191346 0.347071 0.141485 0.348105 0.142195 0.367345
0 0.757592 0.141685 0.756534 0.113495 0.725629 0.114147 0.726687 0.142337
0 0.0922596 0.430188 0.0923791 0.414281 0.0622604 0.414154 0.0621409 0.430061
0 0.466458 0.498206 0.466519 0.469379 0.431297 0.469337 0.431235 0.498164
0 0.809354 0.371329 0.809201 0.357015 0.774248 0.357227 0.774402 0.37154
0 0.650934 0.346054 0.652345 0.319504 0.629778 0.318829 0.628366 0.345379
0 0.498927 0.974775 0.500435 0.946718 0.47722 0.946016 0.475712 0.974073
0 0.41093 0.348735 0.410481 0.333379 0.371896 0.334014 0.372345 0.349369
0 0.89144 0.200845 0.891536 0.182394 0.867459 0.182324 0.867363 0.200775
0 0.340168 0.391824 0.344346 0.371766 0.301428 0.366737 0.29725 0.386795
0 0.734446 0.354505 0.735625 0.336827 0.698798 0.335446 0.69762 0.353125
0 0.632521 0.518958 0.632903 0.501185 0.575251 0.500488 0.574869 0.518261
0 0.512443 0.222971 0.5126 0.205403 0.47127 0.205195 0.471112 0.222763
0 0.889169 0.376088 0.889446 0.354443 0.861679 0.354243 0.861403 0.375889
0 0.988433 0.265809 0.989458 0.241877 0.968323 0.241369 0.967299 0.2653
0 0.973292 0.135875 0.971868 0.119216 0.942289 0.120637 0.943712 0.137296
0 0.445892 0.204159 0.446403 0.181576 0.397275 0.18095 0.396763 0.203532
0 0.519258 0.367691 0.524213 0.349905 0.481872 0.343269 0.476917 0.361055
0 0.758149 0.330183 0.757704 0.299369 0.7224 0.299656 0.722844 0.330469
0 0.902815 0.271213 0.903777 0.244363 0.882127 0.243926 0.881164 0.270776
0 0.580783 0.394213 0.581054 0.366566 0.550307 0.366397 0.550036 0.394044
0 0.622759 0.789213 0.623236 0.759129 0.578882 0.758733 0.578404 0.788816
0 0.060377 0.40651 0.0595198 0.387494 0.0139122 0.388651 0.0147694 0.407666
0 0.624456 0.299025 0.624899 0.284096 0.59374 0.283576 0.593298 0.298505
0 0.759707 0.868933 0.759135 0.849336 0.704537 0.850232 0.705109 0.869829
0 0.136053 0.516179 0.13556 0.48462 0.110758 0.484838 0.11125 0.516396
0 0.321399 0.52759 0.324767 0.499527 0.285738 0.496892 0.282369 0.524955
0 0.128418 0.384974 0.126737 0.368773 0.0794953 0.37153 0.0811762 0.387731
0 0.990735 0.173015 0.989288 0.154452 0.94365 0.156453 0.945097 0.175016
0 0.833215 0.278459 0.832539 0.251139 0.805242 0.251519 0.805918 0.278839
0 0.78746 0.435495 0.787747 0.419243 0.762008 0.418988 0.761721 0.435239
0 0.6925 0.464526 0.690468 0.427406 0.657907 0.428408 0.659939 0.465528
0 0.129016 0.891315 0.129712 0.855409 0.0968458 0.855051 0.0961505 0.890957
0 0.93269 0.365266 0.932207 0.334952 0.90265 0.335217 0.903133 0.36553
0 0.360599 0.261814 0.361228 0.239109 0.310836 0.238324 0.310207 0.261029
0 0.551608 0.687508 0.549678 0.639186 0.505839 0.640171 0.507769 0.688493
0 0.421519 0.407005 0.421018 0.391089 0.376475 0.391878 0.376976 0.407794
0 0.75744 0.190729 0.760447 0.1587 0.72261 0.156702 0.719603 0.188731
0 0.984216 0.99511 0.982918 0.957983 0.953748 0.958556 0.955046 0.995684
0 0.55585 0.867017 0.5577 0.834479 0.528003 0.83353 0.526153 0.866067
0 0.283719 0.957298 0.283133 0.915693 0.256414 0.915905 0.257 0.95751
0 0.867926 0.24047 0.867502 0.207199 0.844876 0.207361 0.8453 0.240632
0 0.95786 0.288301 0.959573 0.26189 0.938441 0.261119 0.936729 0.28753
0 0.734773 0.278155 0.734661 0.245987 0.709514 0.246037 0.709626 0.278205
0 0.883728 0.554447 0.886965 0.52657 0.851399 0.524247 0.848162 0.552124
0 0.551803 0.290176 0.553102 0.272785 0.525157 0.271611 0.523858 0.289002
0 0.408371 0.805881 0.410329 0.769507 0.379005 0.768558 0.377047 0.804933
0 0.835057 0.501721 0.836835 0.480721 0.799035 0.47892 0.797256 0.49992
0 0.57258 0.28636 0.576664 0.26676 0.549263 0.263548 0.545179 0.283149
0 0.806822 0.518641 0.806779 0.494718 0.788187 0.494737 0.788231 0.51866
0 0.805309 0.260555 0.8084 0.234382 0.777799 0.23235 0.774708 0.258523
0 0.657072 0.30066 0.657819 0.273279 0.632412 0.27289 0.631666 0.30027
0 0.758005 0.266867 0.759401 0.236227 0.736987 0.235653 0.73559 0.266292
0 0.437362 0.326333 0.437428 0.304639 0.411741 0.304595 0.411675 0.326289
0 0.384889 0.674441 0.383445 0.63358 0.351919 0.634206 0.353363 0.675068
0 0.112477 0.371452 0.110956 0.35225 0.0646052 0.354314 0.0661257 0.373516
0 0.37159 0.376841 0.37357 0.362057 0.340314 0.359553 0.338335 0.374336
0 0.469926 0.342487 0.47133 0.325336 0.451998 0.324446 0.450594 0.341597
0 0.765849 0.29104 0.766117 0.274869 0.746215 0.274683 0.745948 0.290855
0 0.622037 0.27559 0.621268 0.259053 0.583173 0.260049 0.583942 0.276586
0 0.999434 0.14687 1.00004 0.121851 0.981385 0.121599 0.980783 0.146618
0 0.371016 0.356863 0.369837 0.336955 0.34445 0.337801 0.345629 0.357709
0 0.822064 0.219083 0.821345 0.201908 0.783685 0.202795 0.784405 0.21997
0 0.77582 0.232846 0.776143 0.212688 0.751674 0.212468 0.751351 0.232626
0 0.569404 0.333723 0.573227 0.299268 0.536056 0.296948 0.532233 0.331403
0 0.885813 0.530822 0.886197 0.502648 0.854453 0.502405 0.854069 0.530579
0 0.816508 0.22381 0.814431 0.203381 0.776984 0.205523 0.779061 0.225951
0 0.553863 0.326874 0.555833 0.297688 0.52705 0.296595 0.52508 0.325781
0 0.44537 0.33093 0.445169 0.310221 0.419045 0.310363 0.419246 0.331072
0 0.825837 0.448934 0.825782 0.433547 0.808094 0.433582 0.808149 0.44897
0 0.5436 0.273563 0.544219 0.261478 0.521627 0.260827 0.521009 0.272913
0 0.404676 0.814638 0.407873 0.782037 0.380545 0.78053 0.377348 0.813131
