0 0.962364 0.189703 0.961545 0.174491 0.927944 0.175508 0.928762 0.190719
0 0.109365 0.391624 0.109326 0.374625 0.0692504 0.374677 0.0692898 0.391676
0 0.436428 0.413744 0.436677 0.397003 0.385301 0.396573 0.385052 0.413314
0 0.888288 0.270629 0.889938 0.244151 0.866141 0.243317 0.864491 0.269795
0 0.610704 0.538837 0.610982 0.519591 0.561444 0.519188 0.561166 0.538434
0 0.143445 0.521475 0.142918 0.491911 0.116212 0.492178 0.116738 0.521743
0 0.380647 0.292369 0.380101 0.273533 0.326999 0.2744 0.327546 0.293236
0 0.589939 0.330185 0.590123 0.304953 0.564388 0.304848 0.564204 0.330079
0 0.883361 0.228374 0.884218 0.208748 0.862256 0.208209 0.861399 0.227835
0 0.708548 0.819776 0.710498 0.788998 0.684277 0.788064 0.682327 0.818842
0 0.522093 0.996434 0.522983 0.966972 0.496152 0.966516 0.495262 0.995978
0 0.466575 0.384772 0.474221 0.367823 0.441694 0.359569 0.434048 0.376518
0 0.63717 0.210763 0.637114 0.182048 0.607857 0.18208 0.607913 0.210795
0 0.344001 0.4015 0.347873 0.383612 0.306902 0.378623 0.30303 0.396512
0 0.312025 0.418012 0.319087 0.397697 0.270481 0.388193 0.263419 0.408507
0 0.300795 0.549332 0.300122 0.516487 0.266167 0.516878 0.266841 0.549724
0 0.4714 0.761842 0.472547 0.727128 0.440178 0.726526 0.43903 0.76124
0 0.41187 0.518542 0.41209 0.492338 0.383209 0.492202 0.382989 0.518406
0 0.0555991 0.422451 0.054743 0.402513 0.00448959 0.403727 0.00534567 0.423665
0 0.834009 0.400295 0.833377 0.384295 0.795716 0.38513 0.796347 0.401131
0 0.350003 0.379204 0.350595 0.362181 0.301564 0.361221 0.300972 0.378245
0 0.112101 0.911419 0.111204 0.870968 0.0741229 0.87143 0.0750202 0.911882
0 0.699234 0.347287 0.699636 0.332015 0.668745 0.331558 0.668342 0.346829
0 0.740659 0.28418 0.738334 0.254294 0.716067 0.255269 0.718393 0.285154
0 0.806308 0.793294 0.806435 0.777866 0.768703 0.777692 0.768577 0.79312
0 0.850637 0.260342 0.851967 0.223986 0.824616 0.223423 0.823286 0.259779
0 0.720641 0.902146 0.72103 0.882283 0.668931 0.881708 0.668542 0.901572
0 0.775055 0.292898 0.776533 0.265591 0.749786 0.264777 0.748308 0.292084
0 0.931452 0.530935 0.931309 0.498841 0.907327 0.498901 0.907471 0.530996
0 0.829011 0.374907 0.826613 0.3386 0.797014 0.3397 0.799413 0.376007
0 0.874782 0.567561 0.873382 0.528197 0.840547 0.528854 0.841947 0.568217
0 0.981045 0.142601 0.980399 0.126858 0.943261 0.127717 0.943908 0.143459
0 0.985435 0.407051 0.986789 0.375472 0.954421 0.374691 0.953067 0.40627
0 0.657937 0.37514 0.658967 0.342739 0.625611 0.342143 0.624582 0.374544
0 0.117268 0.455759 0.120622 0.431969 0.0734272 0.428227 0.0700738 0.452017
0 0.385462 0.246306 0.385694 0.227636 0.34282 0.227337 0.342589 0.246007
0 0.150048 0.393838 0.149754 0.37761 0.110575 0.378009 0.110869 0.394238
0 0.968319 0.274896 0.970229 0.251468 0.948984 0.250494 0.947074 0.273922
0 0.961709 0.99514 0.960455 0.961019 0.922815 0.961797 0.924069 0.995918
0 0.756078 0.2386 0.756524 0.214723 0.734486 0.214492 0.73404 0.238368
0 0.820867 0.475942 0.821317 0.461518 0.797812 0.461105 0.797362 0.475529
0 0.534612 0.303672 0.533794 0.288936 0.513242 0.289578 0.51406 0.304314
0 0.296714 0.958399 0.295114 0.925609 0.255287 0.926702 0.256887 0.959492
0 0.674165 0.464864 0.674187 0.422149 0.64458 0.42214 0.644557 0.464855
0 0.999236 0.220482 0.999556 0.199046 0.968207 0.198784 0.967887 0.22022
0 0.0408666 0.444498 0.0401609 0.428345 0.00105109 0.429306 0.00175674 0.445459
0 0.504808 0.378438 0.515597 0.357815 0.46187 0.342004 0.451081 0.362627
0 0.222185 0.450267 0.222701 0.429508 0.185235 0.428984 0.184718 0.449743
0 0.733186 0.140246 0.732365 0.110852 0.701344 0.11134 0.702165 0.140733
0 0.820857 0.275686 0.821861 0.258102 0.801247 0.257441 0.800243 0.275025
0 0.374863 0.702646 0.376293 0.663104 0.346358 0.662495 0.344928 0.702037
0 0.523003 0.689988 0.521271 0.644691 0.47782 0.645626 0.479552 0.690922
0 0.980291 0.169907 0.982192 0.147672 0.960946 0.14665 0.959045 0.168885
0 0.549436 0.884943 0.55031 0.852029 0.509978 0.851426 0.509104 0.884341
0 0.402977 0.268485 0.404447 0.246866 0.372788 0.245654 0.371317 0.267274
0 0.939105 0.308693 0.939197 0.271369 0.916276 0.271337 0.916184 0.308661
0 0.384703 0.350568 0.385617 0.331874 0.359273 0.33115 0.358359 0.349844
0 0.6576 0.327659 0.662686 0.301829 0.635186 0.298784 0.630101 0.324613
0 0.567779 0.297619 0.567354 0.279386 0.530308 0.279871 0.530732 0.298104
0 0.626533 0.337262 0.629271 0.302265 0.602327 0.301079 0.599589 0.336077
0 0.810883 0.523715 0.811693 0.504239 0.772644 0.503326 0.771834 0.522802
0 0.800393 0.266764 0.799968 0.247499 0.766634 0.247913 0.767059 0.267178
0 0.711152 0.2978 0.709763 0.264886 0.685717 0.265456 0.687105 0.298371
0 1.00016 0.868421 0.999734 0.846429 0.966291 0.846797 0.966722 0.868789
0 0.775171 0.510326 0.7759 0.478384 0.754171 0.478105 0.753442 0.510047
0 0.431481 0.351454 0.432778 0.336158 0.405001 0.334833 0.403704 0.350128
0 0.37896 0.377056 0.381929 0.354397 0.357174 0.352573 0.354205 0.375231
0 0.735216 0.197736 0.73515 0.186211 0.714727 0.186277 0.714793 0.197802
0 0.535808 0.347795 0.538807 0.325305 0.503508 0.322658 0.50051 0.345148
0 0.560667 0.359398 0.563831 0.334884 0.543318 0.333395 0.540154 0.357909
0 1.00216 0.0333405 1.00179 0.00693527 0.978962 0.00711385 0.979329 0.0335191
0 0.541665 0.342377 0.54486 0.320403 0.508324 0.317414 0.505129 0.339389
0 0.445165 0.366562 0.449346 0.349619 0.425443 0.346301 0.421262 0.363244
0 0.861964 0.480541 0.862004 0.466135 0.831148 0.466088 0.831108 0.480493
0 0.761796 0.265898 0.761947 0.250622 0.745737 0.250532 0.745585 0.265807
