0 0.816744 0.87626 0.817082 0.849297 0.792493 0.84875 0.792156 0.875713
0 0.310246 0.323942 0.310235 0.295989 0.296167 0.295999 0.296179 0.323952
0 0.857718 0.830509 0.857196 0.794191 0.835701 0.79474 0.836223 0.831058
0 0.425658 0.923584 0.425952 0.902216 0.41294 0.901899 0.412647 0.923266
0 0.693134 0.598563 0.693355 0.567031 0.672161 0.566767 0.67194 0.598299
0 0.386838 0.244643 0.387176 0.216948 0.374422 0.216671 0.374084 0.244366
0 0.643663 0.237937 0.643672 0.21574 0.622121 0.215725 0.622112 0.237921
0 0.477052 0.526912 0.476772 0.508723 0.455833 0.509296 0.456113 0.527486
0 0.431912 0.129303 0.432024 0.102829 0.414621 0.102698 0.414509 0.129172
0 0.84141 0.71578 0.841416 0.699002 0.822888 0.698991 0.822882 0.715769
0 0.394468 0.2041 0.395542 0.185798 0.384258 0.184621 0.383184 0.202923
0 0.601226 0.995588 0.601149 0.974934 0.58304 0.975053 0.583116 0.995708
0 0.594617 0.222356 0.595632 0.18901 0.58034 0.188183 0.579326 0.221529
0 0.457061 0.228831 0.457615 0.209221 0.444272 0.20855 0.443718 0.22816
