0 0.586578 0.164786 0.586638 0.158355 0.58014 0.158321 0.58008 0.164752
0 0.847421 0.156616 0.847998 0.150095 0.840817 0.149738 0.84024 0.156259
0 0.80838 0.920181 0.808806 0.910553 0.798883 0.910307 0.798457 0.919934
0 0.681626 0.23149 0.681792 0.226 0.674004 0.225868 0.673838 0.231358
0 0.716838 0.914081 0.716963 0.909159 0.707942 0.90903 0.707817 0.913952
0 0.714342 0.915618 0.714707 0.906273 0.70779 0.906121 0.707425 0.915466
0 0.696797 0.949324 0.696975 0.943102 0.689783 0.942985 0.689605 0.949207
0 0.858446 0.432991 0.858629 0.427961 0.849577 0.427776 0.849394 0.432806
0 0.841635 0.261776 0.842069 0.255807 0.832187 0.255403 0.831753 0.261371
0 0.714427 0.883673 0.714585 0.878462 0.707618 0.878343 0.707461 0.883555
0 0.516987 0.673753 0.517135 0.668221 0.508214 0.668087 0.508066 0.673619
0 0.251796 0.267399 0.251857 0.262057 0.245398 0.262015 0.245336 0.267357
0 0.350044 0.564993 0.35016 0.560514 0.341045 0.560381 0.340929 0.56486
0 0.247278 0.681535 0.247755 0.675221 0.241394 0.67495 0.240916 0.681264
0 0.631092 0.648423 0.631358 0.643194 0.624804 0.643006 0.624538 0.648236
0 0.558725 0.243853 0.559138 0.236565 0.552367 0.236349 0.551954 0.243637
0 0.643966 0.345475 0.644117 0.341905 0.638868 0.34178 0.638717 0.34535
0 0.853365 0.562902 0.853486 0.557666 0.847582 0.557589 0.84746 0.562825
0 0.60819 0.761735 0.608548 0.75594 0.59953 0.755627 0.599173 0.761422
0 0.851077 0.388433 0.851119 0.384038 0.845459 0.384007 0.845417 0.388403
0 0.853138 0.622319 0.853262 0.616863 0.841652 0.616715 0.841528 0.622171
0 0.285601 0.137827 0.285794 0.132089 0.279617 0.131972 0.279424 0.13771
0 0.853518 0.350606 0.853798 0.342985 0.841637 0.342733 0.841357 0.350355
0 0.158002 0.184957 0.158828 0.17776 0.147937 0.177057 0.147112 0.184254
0 0.458449 0.468908 0.458774 0.463515 0.451374 0.463264 0.451049 0.468657
0 0.741106 0.264462 0.74205 0.256194 0.733732 0.25566 0.732788 0.263927
0 0.208597 0.143985 0.208784 0.137816 0.19851 0.137641 0.198324 0.14381
0 0.253644 0.269403 0.254256 0.262243 0.24189 0.261649 0.241278 0.268808
0 0.590823 0.166599 0.59189 0.156158 0.579641 0.155454 0.578574 0.165894
