0 0.175439 0.810409 0.17567 0.805039 0.163575 0.804746 0.163344 0.810117
0 0.796796 0.810135 0.796823 0.80378 0.788715 0.80376 0.788687 0.810115
0 0.325392 0.423299 0.325625 0.417988 0.31526 0.417732 0.315027 0.423043
0 0.965865 0.85782 0.966212 0.852771 0.958208 0.852461 0.95786 0.85751
0 0.558722 0.89585 0.558823 0.890648 0.549975 0.890551 0.549874 0.895753
0 0.228726 0.863518 0.228881 0.856207 0.219735 0.856098 0.21958 0.863408
0 0.880707 0.382971 0.880834 0.378165 0.873291 0.378053 0.873165 0.38286
0 0.86241 0.108009 0.862851 0.101348 0.855667 0.101081 0.855226 0.107741
0 0.895719 0.510065 0.89583 0.504895 0.888152 0.504803 0.888042 0.509972
0 0.9024 0.475779 0.902622 0.46851 0.890426 0.468301 0.890204 0.47557
0 0.891881 0.456805 0.892228 0.450067 0.881346 0.449752 0.881 0.456491
0 0.911152 0.646283 0.911324 0.640118 0.904846 0.640016 0.904674 0.646181
0 0.84218 0.327483 0.842557 0.318722 0.829448 0.318404 0.829071 0.327166
0 0.275337 0.433114 0.275565 0.427779 0.26786 0.427594 0.267632 0.432929
0 0.888369 0.391722 0.888333 0.385612 0.880754 0.385637 0.88079 0.391747
0 0.892454 0.281695 0.89272 0.275211 0.884503 0.275021 0.884237 0.281506
0 0.197453 0.268989 0.197893 0.260544 0.190383 0.260323 0.189943 0.268769
0 0.195412 0.314782 0.195809 0.306234 0.190476 0.306095 0.190079 0.314643
0 0.441515 0.449011 0.441895 0.443243 0.427834 0.442723 0.427454 0.44849
0 0.87494 0.260141 0.875488 0.25483 0.867466 0.254364 0.866919 0.259675
0 0.814651 0.127342 0.814874 0.118502 0.807805 0.118402 0.807582 0.127242
0 0.902948 0.872948 0.903061 0.867372 0.891451 0.867239 0.891337 0.872815
0 0.880727 0.311672 0.880917 0.306013 0.873463 0.305872 0.873273 0.311531
0 0.241917 0.147377 0.242258 0.142628 0.236158 0.142382 0.235817 0.147131
0 0.393769 0.824145 0.393959 0.818245 0.386047 0.818102 0.385856 0.824001
0 0.594655 0.46337 0.594959 0.456229 0.589166 0.45609 0.588861 0.463231
0 0.741864 0.0564671 0.742121 0.0495849 0.733278 0.0493993 0.733022 0.0562815
0 0.183525 0.481814 0.183966 0.475675 0.17495 0.475311 0.17451 0.48145
0 0.746745 0.734283 0.746865 0.730047 0.740808 0.729951 0.740688 0.734187
0 0.285258 0.585219 0.285466 0.580607 0.274933 0.58034 0.274724 0.584951
0 0.840464 0.326512 0.840528 0.32183 0.832749 0.321771 0.832685 0.326453
0 0.903321 0.406792 0.90398 0.397972 0.891406 0.397443 0.890747 0.406263
0 0.579398 0.299175 0.579608 0.293331 0.574058 0.293219 0.573848 0.299063
0 0.535582 0.338228 0.53596 0.331316 0.524922 0.330976 0.524543 0.337887
0 0.618825 0.276155 0.619153 0.267635 0.608294 0.2674 0.607966 0.275921
0 0.842452 0.0815093 0.842798 0.0766694 0.836494 0.0764161 0.836148 0.081256
0 0.650376 0.0947577 0.650761 0.089506 0.64172 0.0891334 0.641335 0.0943851
0 0.75872 0.147294 0.758924 0.14224 0.751813 0.142079 0.75161 0.147133
0 0.167278 0.769214 0.167797 0.759844 0.158117 0.759542 0.157598 0.768912
0 0.864033 0.094202 0.864787 0.0870684 0.857945 0.0866617 0.857192 0.0937953
0 0.313664 0.916905 0.314131 0.906297 0.307019 0.906121 0.306552 0.916729
0 0.891653 0.347394 0.891854 0.341356 0.880028 0.341135 0.879827 0.347174
0 0.877086 0.29543 0.877149 0.290481 0.870816 0.290436 0.870753 0.295385
0 0.162768 0.861588 0.163244 0.855894 0.157025 0.855602 0.156549 0.861295
0 0.285052 0.587619 0.285271 0.580523 0.279029 0.580415 0.27881 0.587511
0 0.163636 0.767932 0.164144 0.756141 0.156691 0.75596 0.156183 0.767751
0 0.901605 0.475458 0.901881 0.469337 0.894534 0.469151 0.894258 0.475271
0 0.626327 0.233081 0.626925 0.226345 0.621168 0.226058 0.620571 0.232794
0 0.31683 0.915654 0.316953 0.909749 0.305922 0.90962 0.305799 0.915525
0 0.866816 0.220095 0.867215 0.213524 0.858365 0.213221 0.857965 0.219793
0 0.808701 0.869253 0.809049 0.863029 0.801679 0.862797 0.801331 0.869021
0 0.375066 0.358304 0.37538 0.353108 0.367432 0.352837 0.367118 0.358034
0 0.59757 0.260229 0.597765 0.255724 0.590575 0.25555 0.59038 0.260054
0 0.568654 0.225765 0.568685 0.221188 0.562557 0.221165 0.562526 0.225742
0 0.303692 0.161118 0.303932 0.155214 0.291635 0.154932 0.291394 0.160836
0 0.81966 0.0745512 0.819847 0.0683583 0.808268 0.0681616 0.808081 0.0743545
0 0.908407 0.474116 0.908615 0.468287 0.894594 0.468005 0.894386 0.473834
0 0.90846 0.873875 0.908943 0.867806 0.895296 0.867195 0.894813 0.873264
0 0.886097 0.416648 0.886178 0.410978 0.879268 0.410923 0.879187 0.416593
0 0.491932 0.518927 0.49232 0.511765 0.483303 0.511491 0.482915 0.518653
0 0.489876 0.516869 0.48994 0.51167 0.482463 0.511617 0.482398 0.516816
0 0.674993 0.732987 0.675365 0.72798 0.664595 0.727529 0.664223 0.732536
0 0.861949 0.203256 0.862441 0.193638 0.856268 0.19346 0.855776 0.203078
0 0.887121 0.346557 0.887173 0.337177 0.880528 0.337157 0.880476 0.346536
0 0.867629 0.877066 0.867779 0.868657 0.857527 0.868554 0.857377 0.876963
0 0.866661 0.252493 0.867247 0.243785 0.858056 0.243437 0.85747 0.252146
0 0.341998 0.243931 0.342481 0.237309 0.335793 0.237035 0.335311 0.243657
0 0.908062 0.525817 0.908681 0.518443 0.897678 0.517923 0.897058 0.525297
