0 0.1215352835419065 0.17972739258423828 0.12601447089603082 0.17972739258423828 0.12601447089603082 0.1827508440482722 0.1215352835419065 0.1827508440482722
0 0.15736878237490104 0.17513622554626085 0.16125074474847545 0.17513622554626085 0.16125074474847545 0.178383636378001 0.15736878237490104 0.178383636378001
0 0.13900411422299133 0.20178739030330053 0.1421395453708784 0.20178739030330053 0.1421395453708784 0.2053707401866 0.13900411422299133 0.2053707401866
0 0.16453548214149996 0.2008915528324757 0.1681188320247994 0.2008915528324757 0.1681188320247994 0.2040269839803627 0.16453548214149996 0.2040269839803627
0 0.14201808572002383 0.2684490782327681 0.14659233620562864 0.2684490782327681 0.14659233620562864 0.27065452043118465 0.14201808572002383 0.27065452043118465
0 0.27869487953870514 0.24580763781845755 0.2825289537195732 0.24580763781845755 0.2825289537195732 0.24940208236302136 0.27869487953870514 0.24940208236302136
0 0.3707564139185518 0.24378742298180123 0.37632472051057014 0.24378742298180123 0.37632472051057014 0.24761563376381376 0.3707564139185518 0.24761563376381376
0 0.42504740319073014 0.3280080601860781 0.4289916203600765 0.3280080601860781 0.4289916203600765 0.3330543380350946 0.42504740319073014 0.3330543380350946
0 0.6883819024382624 0.07082189946723276 0.6913980685089389 0.07082189946723276 0.6913980685089389 0.07569416773524879 0.6883819024382624 0.07569416773524879
0 0.7224877803143744 0.07186595695323619 0.7261999847090533 0.07186595695323619 0.7261999847090533 0.07656421564025163 0.7224877803143744 0.07656421564025163
0 0.7127432437783425 0.08456865636627796 0.7157594098490191 0.08456865636627796 0.7157594098490191 0.08770082882428823 0.7127432437783425 0.08770082882428823
0 0.7182129524618013 0.08889260420923555 0.7209632208793247 0.08889260420923555 0.7209632208793247 0.09134820101059563 0.7182129524618013 0.09134820101059563
0 0.7153317188815386 0.08751747000047391 0.7183439176245403 0.08751747000047391 0.7183439176245403 0.09056241003416043 0.7153317188815386 0.09056241003416043
0 0.7152007537187995 0.09056241003416039 0.7180819872990621 0.09056241003416039 0.7180819872990621 0.09360735006784693 0.7152007537187995 0.09360735006784693
0 0.7792308965800401 0.7134247981077939 0.786520793716187 0.7134247981077939 0.786520793716187 0.7203699028118258 0.7792308965800401 0.7203699028118258
0 0.7622868113446711 0.8363679281876787 0.7687886114931267 0.8363679281876787 0.7687886114931267 0.8384366827803691 0.7622868113446711 0.8384366827803691
0 0.2898220566433157 0.8437403313332701 0.29458379643197635 0.8437403313332701 0.29458379643197635 0.8497551605399993 0.2898220566433157 0.8497551605399993
0 0.19573688243845858 0.7574698365809922 0.19952059131318547 0.7574698365809922 0.19952059131318547 0.763973086209429 0.19573688243845858 0.763973086209429
0 0.24602867956503727 0.7412708329610674 0.24886646122108247 0.7412708329610674 0.24886646122108247 0.7437538919101071 0.24602867956503727 0.7437538919101071
0 0.5292085496657079 0.7316045347199767 0.5332973574445821 0.7316045347199767 0.5332973574445821 0.7356568352865395 0.5292085496657079 0.7356568352865395
