0 0.11110048309554267 0.053220715289316406 0.19711376033080152 0.053220715289316406 0.19711376033080152 0.10912934549223466 0.11110048309554267 0.10912934549223466
0 0.11396759233671798 0.32470012156310213 0.26879149136018393 0.32470012156310213 0.26879149136018393 0.38652216457594446 0.11396759233671798 0.38652216457594446
0 0.1963969830205077 0.4381301309170997 0.30893102073663803 0.4381301309170997 0.30893102073663803 0.4875877653273736 0.1963969830205077 0.4875877653273736
0 0.22220096619108534 0.4983394249817809 0.33043434004545275 0.4983394249817809 0.33043434004545275 0.5596238850119029 0.22220096619108534 0.5596238850119029
0 0.0035838865514691127 0.41770197757372574 0.08744683185584616 0.41770197757372574 0.08744683185584616 0.4800616035692866 0.0035838865514691127 0.4800616035692866
0 0.05805896213379963 0.6450995792644413 0.15267356709258426 0.6450995792644413 0.15267356709258426 0.6821928050721461 0.05805896213379963 0.6821928050721461
0 0.36197254169838106 0.7219739457934539 0.4759401340350989 0.7219739457934539 0.4759401340350989 0.8165885507522386 0.36197254169838106 0.8165885507522386
0 0.12041858812936239 0.795085231443424 0.20643186536462121 0.795085231443424 0.20643186536462121 0.8343287891820108 0.12041858812936239 0.8343287891820108
0 0.7684988276057867 0.8016752435620491 0.8279106329104969 0.8016752435620491 0.8279106329104969 0.8489229939013564 0.7684988276057867 0.8489229939013564
0 0.6800497987646087 0.8642927536385833 0.7609266902386174 0.8320401241332125 0.7755942485208099 0.85272913235931 0.6947173570468013 0.8849817618646808
0 8.326672684688671e-19 0.8154536485657583 0.06802216674688387 0.8154536485657583 0.06802216674688387 0.8566862633404105 8.326672684688671e-19 0.8566862633404105
0 0.008260183776806115 0.8980037995932022 0.09576576912276674 0.8133209750648493 0.13906775273565256 0.838490253039838 0.05156216738969192 0.9231730775681909
0 0.26649780396724343 0.3141774292526951 0.3242700551769255 0.3141774292526951 0.3242700551769255 0.34772260737444577 0.26649780396724343 0.34772260737444577
0 0.28968406550519804 0.3484023794656139 0.33294518127441103 0.3484023794656139 0.33294518127441103 0.36971484091074086 0.28968406550519804 0.36971484091074086
