0 0.17860538226599929 0.4249691269902307 0.18431278634571738 0.4249691269902307 0.18431278634571738 0.43465669444133126 0.17860538226599929 0.43465669444133126
0 0.15667693501234528 0.4088607299494473 0.1667399895739536 0.4088607299494473 0.1667399895739536 0.4165206670038059 0.15667693501234528 0.4165206670038059
0 0.15142011546523637 0.39038676411246503 0.15712751954495463 0.39038676411246503 0.15712751954495463 0.3980467011668234 0.15142011546523637 0.3980467011668234
0 0.2897050317641936 0.7163591891974161 0.2959601268026052 0.7163591891974161 0.2959601268026052 0.7244014542468026 0.2897050317641936 0.7244014542468026
0 0.200550455095747 0.8457778001395306 0.20615868929864822 0.8457778001395306 0.20615868929864822 0.8525076811830121 0.200550455095747 0.8525076811830121
0 0.1978585026783545 0.8250834159308252 0.2099722885566211 0.8250834159308252 0.2099722885566211 0.833495767235177 0.1978585026783545 0.833495767235177
0 0.2668012073310995 0.8388271498637768 0.27756506104907225 0.8388271498637768 0.27756506104907225 0.8462383278335286 0.2668012073310995 0.8462383278335286
0 0.3819065921014582 0.7816503561442691 0.387639968796893 0.7816503561442691 0.387639968796893 0.7861892793614884 0.3819065921014582 0.7861892793614884
0 0.44592929853381297 0.7546557075365972 0.4522997170842959 0.7546557075365972 0.4522997170842959 0.7589557400581732 0.44592929853381297 0.7589557400581732
0 0.5338410745304789 0.8327729650118956 0.5494485999791623 0.8327729650118956 0.5494485999791623 0.8394619044899029 0.5338410745304789 0.8394619044899029
0 0.645323399163932 0.7849948258832726 0.6574271944098499 0.7849948258832726 0.6574271944098499 0.7888170770135624 0.645323399163932 0.7888170770135624
0 0.6978793522054173 0.8203506488384535 0.7058423753935211 0.8203506488384535 0.7058423753935211 0.8294284952728919 0.6978793522054173 0.8294284952728919
0 0.6730347198585332 0.852362002054631 0.6787680965539682 0.852362002054631 0.6787680965539682 0.8595287229239245 0.6730347198585332 0.8595287229239245
0 0.9128632307360677 0.8364852065786237 0.9202093490425827 0.8364852065786237 0.9202093490425827 0.8410225149444125 0.9128632307360677 0.8410225149444125
0 0.937926457899472 0.7834959267353053 0.9467850123279166 0.7834959267353053 0.9467850123279166 0.7890055154651915 0.937926457899472 0.7890055154651915
0 0.798200008863882 0.6753453811650816 0.8048280041925263 0.6753453811650816 0.8048280041925263 0.6798429494238045 0.798200008863882 0.6798429494238045
0 0.8436491196888715 0.6855240882769281 0.852170827968557 0.6855240882769281 0.852170827968557 0.6968863659831755 0.8436491196888715 0.6968863659831755
0 0.584692086805838 0.6273457572552728 0.5921248366454832 0.6273457572552728 0.5921248366454832 0.6312050696720117 0.584692086805838 0.6312050696720117
0 0.6187112110719073 0.556591696281725 0.6241428359547251 0.556591696281725 0.6241428359547251 0.5613086336799614 0.6187112110719073 0.5613086336799614
0 0.4826347140076297 0.5778179145737893 0.48720871390895 0.5778179145737893 0.48720871390895 0.5818916332359026 0.4826347140076297 0.5818916332359026
0 0.4241523726069758 0.5155345122157343 0.432610026077819 0.5155345122157343 0.432610026077819 0.518850296815099 0.4241523726069758 0.518850296815099
0 0.6369587341864652 0.39255861434938 0.6454195882866768 0.39255861434938 0.6454195882866768 0.397312659712679 0.6369587341864652 0.397312659712679
0 0.693239947486171 0.35387842112158013 0.6988293401198781 0.35387842112158013 0.6988293401198781 0.3587691396760738 0.693239947486171 0.3587691396760738
0 0.5688337043205892 0.37825236512091887 0.5745074594003837 0.37825236512091887 0.5745074594003837 0.38392612020071337 0.5688337043205892 0.38392612020071337
0 0.547084309848044 0.34385522494966475 0.5584318200076321 0.34385522494966475 0.5584318200076321 0.352838670492673 0.547084309848044 0.352838670492673
0 0.5670642536802539 0.3071222876427478 0.5717033859668483 0.3071222876427478 0.5717033859668483 0.31377843396699195 0.5670642536802539 0.31377843396699195
0 0.5410073149336515 0.42281566151262323 0.5461801354849688 0.42281566151262323 0.5461801354849688 0.43096285388094796 0.5410073149336515 0.43096285388094796
0 0.6160132129277527 0.4414378154973656 0.6242897258098604 0.4414378154973656 0.6242897258098604 0.44745121938827204 0.6160132129277527 0.44745121938827204
0 0.6361872130778903 0.4412438347266912 0.6398081874638123 0.4412438347266912 0.6398081874638123 0.4488090847829928 0.6361872130778903 0.4488090847829928
0 0.8588870725153573 0.06426300108452494 0.8670753047354561 0.06426300108452494 0.8670753047354561 0.07566803881966248 0.8588870725153573 0.07566803881966248
0 0.8945643700457876 0.04276889150676575 0.9007055442108616 0.04276889150676575 0.9007055442108616 0.04978737626685039 0.8945643700457876 0.04978737626685039
0 0.9124030188110025 0.06360501813826702 0.91883662984108 0.06360501813826702 0.91883662984108 0.07040417524959901 0.9124030188110025 0.07040417524959901
0 0.9030450391308897 0.09518819955864787 0.9086013395659567 0.09518819955864787 0.9086013395659567 0.09825878664118491 0.9030450391308897 0.09825878664118491
0 0.779344245234398 0.06097308635323528 0.7939660884845744 0.06097308635323528 0.7939660884845744 0.06777224346456727 0.779344245234398 0.06777224346456727
0 0.7655997125792324 0.10242601196748517 0.7723257604743136 0.10242601196748517 0.7723257604743136 0.10812853083505392 0.7655997125792324 0.10812853083505392
0 0.8922248751257594 0.055051239836913866 0.8969038649658158 0.055051239836913866 0.8969038649658158 0.06031510340697734 0.8922248751257594 0.06031510340697734
0 0.961532412131595 0.08707307655480001 0.9662114019716516 0.08707307655480001 0.9662114019716516 0.09453021661238994 0.961532412131595 0.09453021661238994
0 0.9928231566869726 0.1109797902688383 0.997502146527029 0.1109797902688383 0.997502146527029 0.11448903264888062 0.9928231566869726 0.11448903264888062
0 0.9556836748315246 0.06952686465458843 0.9650416545116375 0.06952686465458843 0.9650416545116375 0.07501005587340455 0.9556836748315246 0.07501005587340455
0 0.949834937531454 0.06470165638203025 0.9553912379665211 0.06470165638203025 0.9553912379665211 0.0728167793858781 0.949834937531454 0.0728167793858781
0 0.7759050454934883 0.29635165351611376 0.7826310555298087 0.29635165351611376 0.7826310555298087 0.299504470720639 0.7759050454934883 0.299504470720639
0 0.7887965647297696 0.21627009652117202 0.7944015730933699 0.21627009652117202 0.7944015730933699 0.22299610655749255 0.7887965647297696 0.22299610655749255
0 0.8787569489655569 0.2608299130117958 0.8843619573291575 0.2608299130117958 0.8843619573291575 0.2658744205390362 0.8787569489655569 0.2658744205390362
0 0.08073268151580557 0.12768536036907463 0.08888685453169613 0.12768536036907463 0.08888685453169613 0.13380099013099256 0.08073268151580557 0.13380099013099256
0 0.15466385019321321 0.08487595203564925 0.16091538283872928 0.08487595203564925 0.16091538283872928 0.09425325100392339 0.15466385019321321 0.09425325100392339
0 0.23267210537856617 0.12156973060715673 0.2424571129976348 0.12156973060715673 0.2424571129976348 0.13053932092463633 0.23267210537856617 0.13053932092463633
0 0.2642015743733429 0.09649564858329329 0.2709967185532517 0.09649564858329329 0.2709967185532517 0.1036305499721975 0.2642015743733429 0.1036305499721975
0 0.18144165922835484 0.18188290839963003 0.18920764464279805 0.18188290839963003 0.18920764464279805 0.18929589447705308 0.18144165922835484 0.18929589447705308
0 0.2802814735939956 0.1906196419908786 0.2884004583454589 0.1906196419908786 0.2884004583454589 0.19697363005724122 0.2802814735939956 0.19697363005724122
0 0.1778920832074914 0.06124625063016542 0.18555984541471082 0.06124625063016542 0.18555984541471082 0.06728461336835075 0.1778920832074914 0.06728461336835075
0 0.19706148872554008 0.05635805222306302 0.2022372282154132 0.05635805222306302 0.2022372282154132 0.06397789091648735 0.19706148872554008 0.06397789091648735
0 0.20453755687757905 0.06714084282696536 0.20990499042263266 0.06714084282696536 0.20990499042263266 0.07634215747562872 0.20453755687757905 0.07634215747562872
0 0.17712530698676945 0.08022396209303356 0.18460137513880845 0.08022396209303356 0.18460137513880845 0.08554347212429209 0.17712530698676945 0.08554347212429209
0 0.24076773330669096 0.03004804314954125 0.24613516685174455 0.03004804314954125 0.24613516685174455 0.03795542292573632 0.24076773330669096 0.03795542292573632
0 0.23712554625826168 0.07073510636159949 0.24306806196885675 0.07073510636159949 0.24306806196885675 0.07792363343086775 0.23712554625826168 0.07792363343086775
0 0.2649211842594323 0.06670953120280929 0.2727806405218322 0.06670953120280929 0.2727806405218322 0.0764859280170141 0.2649211842594323 0.0764859280170141
0 0.3788523151515662 0.026880010021036575 0.3831375341404271 0.026880010021036575 0.3831375341404271 0.03389218654826351 0.3788523151515662 0.03389218654826351
0 0.3252870777908049 0.06734611206357534 0.3319096889554081 0.06734611206357534 0.3319096889554081 0.07026785228325323 0.3252870777908049 0.07026785228325323
0 0.4037844983594842 0.07143654837112437 0.4088488480735925 0.07143654837112437 0.4088488480735925 0.07815655087638351 0.4037844983594842 0.07815655087638351
0 0.44527320947891025 0.07581915870064121 0.45715495303893366 0.07581915870064121 0.45715495303893366 0.07961742098622247 0.44527320947891025 0.07961742098622247
0 0.440425419554068 0.09560132610080815 0.4467988412941219 0.09560132610080815 0.4467988412941219 0.09955724304291058 0.440425419554068 0.09955724304291058
0 0.5683734315609758 0.07161930901156958 0.5732429860824678 0.07161930901156958 0.5732429860824678 0.07851784458368313 0.5683734315609758 0.07851784458368313
0 0.5930819119107682 0.058363299480841555 0.5974104048187611 0.058363299480841555 0.5974104048187611 0.06350338480908305 0.5930819119107682 0.06350338480908305
0 0.6334811790520346 0.07892364079380748 0.6399739184140237 0.07892364079380748 0.6399739184140237 0.08392846071867417 0.6334811790520346 0.08392846071867417
0 0.6478311052295929 0.07601915669662399 0.6559470294320793 0.07601915669662399 0.6559470294320793 0.08007711879786726 0.6478311052295929 0.08007711879786726
0 0.6590130452419076 0.07223172540213026 0.6662272000885624 0.07223172540213026 0.6662272000885624 0.07885973016749429 0.6590130452419076 0.07885973016749429
0 0.7378276869416102 0.06939115193125996 0.7446811340459321 0.06939115193125996 0.7446811340459321 0.08048291500799158 0.7378276869416102 0.08048291500799158
0 0.6339725866197159 0.019278491329721884 0.6397910853466432 0.019278491329721884 0.6397910853466432 0.025695953160891724 0.6339725866197159 0.025695953160891724
0 0.6642301285685754 0.11195665444754051 0.6707986382362915 0.11195665444754051 0.6707986382362915 0.12048308526621052 0.6642301285685754 0.12048308526621052
0 0.15411238474205943 0.26959962519738107 0.16032346322032884 0.26959962519738107 0.16032346322032884 0.27338450114507645 0.15411238474205943 0.27338450114507645
