0 0.4347968198134127 0.0 0.47056038948513984 0.0 0.47056038948513984 0.011390451984488448 0.4347968198134127 0.011390451984488448
0 0.5401278811753489 0.014329923464356433 0.5548252385746887 0.014329923464356433 0.5548252385746887 0.027924979058745872 0.5401278811753489 0.027924979058745872
0 0.4543932963458659 0.03527365775841584 0.5014248400237538 0.03527365775841584 0.5014248400237538 0.05144075089768976 0.4543932963458659 0.05144075089768976
0 0.42842796494036534 0.0646683725570957 0.45684285591242263 0.0646683725570957 0.45684285591242263 0.10214663392541252 0.42842796494036534 0.10214663392541252
0 0.48427792305785716 0.11463938771485147 0.5126928140299144 0.11463938771485147 0.5126928140299144 0.13595055594389438 0.48427792305785716 0.13595055594389438
0 0.519551580816273 0.14881074366831681 0.5415976169152829 0.14881074366831681 0.5415976169152829 0.1789403263369637 0.519551580816273 0.1789403263369637
0 0.5790758815339933 0.1484433097333333 0.5937732389333332 0.1484433097333333 0.5937732389333332 0.16718244041749172 0.5790758815339933 0.16718244041749172
0 0.39731856169548946 0.2674919046679868 0.417404950141254 0.2674919046679868 0.417404950141254 0.2865984692871287 0.39731856169548946 0.2865984692871287
0 0.4997101515775577 0.3428158613396039 0.5217561876765676 0.3428158613396039 0.5217561876765676 0.35641091693399335 0.4997101515775577 0.35641091693399335
0 0.5124478613236523 0.3755174815531353 0.5506609905619362 0.3755174815531353 0.5506609905619362 0.39205200862739265 0.5124478613236523 0.39205200862739265
0 0.5320443378561056 0.45745524905445545 0.5619289645680966 0.45745524905445545 0.5619289645680966 0.46958056890891087 0.5320443378561056 0.46958056890891087
0 0.3747826136831683 0.4864825299181518 0.40123785700198006 0.4864825299181518 0.40123785700198006 0.5008124533825082 0.3747826136831683 0.5008124533825082
0 0.40310809630942906 0.5042387162315458 0.43452037925109394 0.5042387162315458 0.43452037925109394 0.5199448577023782 0.40310809630942906 0.5199448577023782
0 0.4830045552648537 0.5320659016209178 0.5032632013915291 0.5320659016209178 0.5032632013915291 0.542309037362765 0.4830045552648537 0.542309037362765
0 0.2938728804064302 0.5728874088169531 0.3132048548020663 0.5728874088169531 0.3132048548020663 0.5959951594617369 0.2938728804064302 0.5959951594617369
0 0.5292127990805371 0.5903803743167294 0.5615334437732412 0.5903803743167294 0.5615334437732412 0.6071448208629451 0.5292127990805371 0.6071448208629451
0 0.5739179898704455 0.6057855414132519 0.6008015167643771 0.6057855414132519 0.6008015167643771 0.6189252427602858 0.5739179898704455 0.6189252427602858
0 0.32985181312554024 0.6275340126083424 0.34918378752117635 0.6275340126083424 0.34918378752117635 0.6529072290026148 0.32985181312554024 0.6529072290026148
0 0.44554159739942484 0.6787335385467848 0.4627591370955382 0.6787335385467848 0.4627591370955382 0.6988961837172334 0.44554159739942484 0.6988961837172334
0 0.4440312868997658 0.6465639249040466 0.4733313105931518 0.6465639249040466 0.4733313105931518 0.6569850673516942 0.4440312868997658 0.6569850673516942
0 0.5603251957548021 0.6665000234995465 0.5808654181688783 0.6665000234995465 0.5808654181688783 0.691188908213198 0.5603251957548021 0.691188908213198
0 0.6340283477568764 0.7122624316392161 0.6545685705522398 0.7122624316392161 0.6545685705522398 0.7278941453106873 0.6340283477568764 0.7278941453106873
0 0.5360574371566723 0.810744193967209 0.5585923357887362 0.810744193967209 0.5585923357887362 0.8211580486380871 0.5360574371566723 0.8211580486380871
0 0.6259694064462202 0.8133049779026709 0.638261169336437 0.8133049779026709 0.638261169336437 0.8249138650767643 0.6259694064462202 0.8249138650767643
0 0.6496424312718228 0.8269624922251338 0.6617065689233318 0.8269624922251338 0.6617065689233318 0.8399371308314737 0.6496424312718228 0.8399371308314737
0 0.6088975135431416 0.8370349090379503 0.638261169336437 0.8370349090379503 0.638261169336437 0.8506924233604133 0.6088975135431416 0.8506924233604133
0 0.6398545456355551 0.8529117693098733 0.6705839531653263 0.8529117693098733 0.6705839531653263 0.8771538572322451 0.6398545456355551 0.8771538572322451
0 0.6139380697645509 0.9253143159509253 0.6438123433841808 0.9253143159509253 0.6438123433841808 0.9414962141615582 0.6139380697645509 0.9414962141615582
0 0.6706991896418476 0.9576781123721909 0.6856363264516626 0.9576781123721909 0.6856363264516626 0.9708725832208607 0.6706991896418476 0.9708725832208607
0 0.6829808354632511 0.9805817221472405 0.701569272382132 0.9805817221472405 0.701569272382132 0.9967636203578734 0.6829808354632511 0.9967636203578734
0 0.17618236888879021 0.8320299775668435 0.19178633211668736 0.8356308918367047 0.1840369962002303 0.8545198998179179 0.16843303297233317 0.8509189855480567
0 0.22661223155399782 0.8464967658223762 0.2667109605198425 0.8464967658223762 0.2667109605198425 0.8608893453261885 0.22661223155399782 0.8608893453261885
