0 0.1468242496605075 0.8325165569755477 0.1545113831505864 0.8325165569755477 0.1545113831505864 0.8388584421048627 0.1468242496605075 0.8388584421048627
0 0.12683770258630225 0.7757278583175896 0.13375612272737328 0.7757278583175896 0.13375612272737328 0.7803401384116369 0.12683770258630225 0.7803401384116369
0 0.14836167635852326 0.7918708386467553 0.15489573982509033 0.7918708386467553 0.15489573982509033 0.7993657937995823 0.14836167635852326 0.7993657937995823
0 0.24983183842756507 0.800518863823094 0.2559815452196282 0.800518863823094 0.2559815452196282 0.8059959464347753 0.24983183842756507 0.8059959464347753
0 0.29710770939155046 0.7607379480119357 0.30979147965018067 0.7607379480119357 0.30979147965018067 0.7656384956118609 0.29710770939155046 0.7656384956118609
0 0.3047948428816294 0.800807131328972 0.3151724730932359 0.800807131328972 0.3151724730932359 0.807725551470043 0.3047948428816294 0.807725551470043
0 0.25559718854512425 0.7823580109527826 0.2667435321057387 0.7823580109527826 0.2667435321057387 0.7898529661056096 0.25559718854512425 0.7898529661056096
0 0.5177634675444963 0.789897480545562 0.5226945481877773 0.789897480545562 0.5226945481877773 0.7957531388094581 0.5177634675444963 0.7957531388094581
0 0.5633759634948448 0.7880483253043316 0.569539814298946 0.7880483253043316 0.569539814298946 0.7942121761084328 0.5633759634948448 0.7942121761084328
0 0.5506373384997024 0.661072998739848 0.5580339594646239 0.661072998739848 0.5580339594646239 0.6663122719233341 0.5506373384997024 0.6663122719233341
0 0.7376074795574372 0.7972941015104834 0.7441822537484785 0.7972941015104834 0.7441822537484785 0.8022251821537644 0.7376074795574372 0.8022251821537644
0 0.8148677234381707 0.7943268703859035 0.8251784261467595 0.7943268703859035 0.8251784261467595 0.7981933839016244 0.8148677234381707 0.7981933839016244
0 0.9134638180890526 0.7706444751021134 0.9211968451204943 0.7706444751021134 0.9211968451204943 0.7778941879440899 0.9134638180890526 0.7778941879440899
0 0.32172038096230077 0.5859916025138331 0.3281038966725924 0.5859916025138331 0.3281038966725924 0.5932377554822721 0.32172038096230077 0.5932377554822721
0 0.519568442680942 0.5893238964925348 0.5286965985144296 0.5893238964925348 0.5286965985144296 0.5942764065724057 0.519568442680942 0.5942764065724057
0 0.6344644291395597 0.5587531296957794 0.6426321937376155 0.5587531296957794 0.6426321937376155 0.5630286097834486 0.6344644291395597 0.5630286097834486
0 0.955427443768447 0.5675915055494908 0.9641909189023792 0.5675915055494908 0.9641909189023792 0.5730686775081982 0.955427443768447 0.5730686775081982
0 0.22586859281557406 0.44321703191079037 0.2314651354958155 0.44321703191079037 0.2314651354958155 0.44944544231299455 0.22586859281557406 0.44944544231299455
0 0.18248128919873408 0.3227963662147607 0.19056260343467804 0.3227963662147607 0.19056260343467804 0.33237663389769434 0.18248128919873408 0.33237663389769434
0 0.2859742489300162 0.30539547185188143 0.29249143782997095 0.30539547185188143 0.29249143782997095 0.3114564575288394 0.2859742489300162 0.3114564575288394
0 0.20972645426536035 0.18902719320864272 0.21689392532525167 0.18902719320864272 0.21689392532525167 0.19603884968027555 0.20972645426536035 0.19603884968027555
0 0.3609305504200334 0.17252346787671877 0.36742518543403235 0.17252346787671877 0.36742518543403235 0.17724222612907736 0.3609305504200334 0.17724222612907736
0 0.13565171365812256 0.009189309634905076 0.1423613683121802 0.009189309634905076 0.1423613683121802 0.014659136798539049 0.13565171365812256 0.014659136798539049
0 0.18845377854440254 0.003719482471271103 0.1969137778908231 0.003719482471271103 0.1969137778908231 0.014659136798539049 0.18845377854440254 0.014659136798539049
0 0.30893583820204684 0.08139102819487352 0.31535376874071075 0.08139102819487352 0.31535376874071075 0.08926757931050644 0.30893583820204684 0.08926757931050644
0 0.3302316986257951 0.015096722971629768 0.3348992844720961 0.015096722971629768 0.3348992844720961 0.02144172248144518 0.3302316986257951 0.02144172248144518
0 0.5055979465828592 0.4824094483977443 0.5120831971167462 0.4824094483977443 0.5120831971167462 0.4872733862981596 0.5055979465828592 0.4872733862981596
0 0.5053569063826238 0.2706099979104227 0.5117328849049042 0.2706099979104227 0.5117328849049042 0.28307731305666756 0.5053569063826238 0.28307731305666756
0 0.7003825630690849 0.2924079830526674 0.7071283705257337 0.2924079830526674 0.7071283705257337 0.2983105645772352 0.7003825630690849 0.2983105645772352
0 0.7897645118696821 0.32255331012456684 0.7942617168407813 0.32255331012456684 0.7942617168407813 0.32719105275101296 0.7897645118696821 0.32719105275101296
0 0.44467511846377916 0.005703082374349584 0.4519486148252685 0.005703082374349584 0.4519486148252685 0.014133725884257665 0.44467511846377916 0.014133725884257665
0 0.5868389109837978 0.028267451768515327 0.597418542055055 0.028267451768515327 0.597418542055055 0.03297869372993455 0.5868389109837978 0.03297869372993455
0 0.8796793485368343 0.36946532638547036 0.8849311655430243 0.36946532638547036 0.8849311655430243 0.3761613930683627 0.8796793485368343 0.3761613930683627
0 0.9211687028857356 0.3682836675590776 0.9274708832931636 0.3682836675590776 0.9274708832931636 0.37241947345145227 0.9211687028857356 0.37241947345145227
0 0.951629241521638 0.3367727655219373 0.9576688310787567 0.3367727655219373 0.9576688310787567 0.34169634396524046 0.951629241521638 0.34169634396524046
0 0.9874753209606514 0.35842800335386393 0.9932639693938692 0.35842800335386393 0.9932639693938692 0.3672386667779525 0.9874753209606514 0.3672386667779525
0 0.8112563750242345 0.20879732949376448 0.8175915658053347 0.20879732949376448 0.8175915658053347 0.21460458770977311 0.8112563750242345 0.21460458770977311
