0 0.02539211557035161 0.282090533914375 0.049726226325271926 0.282090533914375 0.049726226325271926 0.31383067837731454 0.02539211557035161 0.31383067837731454
0 0.12537357062861113 0.3408098011708131 0.1481206741603845 0.3408098011708131 0.1481206741603845 0.35985388784857686 0.12537357062861113 0.35985388784857686
0 0.19133532931592626 0.3724687192917169 0.22507383112572085 0.3724687192917169 0.22507383112572085 0.38594835436058345 0.19133532931592626 0.38594835436058345
0 0.2190016592895645 0.35914565751987754 0.2506942307606939 0.3759451032996868 0.2419840005132439 0.3851881401846137 0.2102914290421145 0.3683886944048045
0 0.22633508352982534 0.3277730872212643 0.2433619909852358 0.3277730872212643 0.2433619909852358 0.36584714417016795 0.22633508352982534 0.36584714417016795
0 0.2661979125155702 0.3394586501174963 0.2791114723658256 0.3313710340257134 0.29231428406347665 0.3432291149023085 0.2794007242132212 0.35131673099409144
0 0.2696473445328197 0.3224232614246491 0.27928237755420876 0.3306604658211726 0.2569897010648728 0.34532803364768033 0.24735466804348372 0.33709082925115685
0 0.13450114189813275 0.4431519610940244 0.17008727479258526 0.4431519610940244 0.17008727479258526 0.45769437117108436 0.13450114189813275 0.45769437117108436
0 0.10530226362576144 0.46539329415305714 0.15275044081836478 0.46539329415305714 0.15275044081836478 0.4804489657622486 0.10530226362576144 0.4804489657622486
0 0.18302225540248088 0.4074974670429173 0.21830885779641754 0.4074974670429173 0.21830885779641754 0.43125961525074913 0.18302225540248088 0.43125961525074913
0 0.11709236171821609 0.42728017330266455 0.13707157849724286 0.44067800102507143 0.110601614561211 0.4628814247214127 0.09062239778218424 0.4494835969990058
0 0.03983617445191131 0.4730080340294702 0.07371553777082654 0.4730080340294702 0.07371553777082654 0.4899011781019513 0.03983617445191131 0.4899011781019513
0 0.0 0.48180363796803477 0.01787043339898825 0.48180363796803477 0.01787043339898825 0.5028851648684036 0.0 0.5028851648684036
0 0.005770660785089955 0.5168464409613633 0.05454205193649538 0.5168464409613633 0.05454205193649538 0.5333207467510557 0.005770660785089955 0.5333207467510557
0 0.21157958810902935 0.19099175393674359 0.24578706642605808 0.19099175393674359 0.24578706642605808 0.21037599164972656 0.21157958810902935 0.21037599164972656
0 0.2587098915680467 0.21645732112830943 0.3071071386684355 0.21645732112830943 0.3071071386684355 0.23071043709373804 0.2587098915680467 0.23071043709373804
0 0.27645733868281247 0.3030767808065636 0.30211463229606655 0.3030767808065636 0.30211463229606655 0.3240836899524153 0.27645733868281247 0.3240836899524153
0 0.31066706350048456 0.35246707101207764 0.3401729511557267 0.35246707101207764 0.3401729511557267 0.3882269239855504 0.31066706350048456 0.3882269239855504
0 0.3089360541061939 0.27513659974753407 0.3391290898193737 0.27513659974753407 0.3391290898193737 0.2860305734440462 0.3089360541061939 0.2860305734440462
0 0.329185692072884 0.29646296958373514 0.3673758021100952 0.29646296958373514 0.3673758021100952 0.31078426084768934 0.329185692072884 0.31078426084768934
0 0.3657657561871322 0.3086944171996968 0.385567459925028 0.3086944171996968 0.385567459925028 0.3447618061508642 0.3657657561871322 0.3447618061508642
0 0.35692283343506004 0.34488195283046524 0.37285525339855424 0.34488195283046524 0.37285525339855424 0.3616384634817265 0.35692283343506004 0.3616384634817265
0 0.3909727316627632 0.34042794063373627 0.429046668099859 0.34042794063373627 0.429046668099859 0.36440820999190704 0.3909727316627632 0.36440820999190704
0 0.34469859021458676 0.1479965687628658 0.3869169849485812 0.1479965687628658 0.3869169849485812 0.1734314213280182 0.34469859021458676 0.1734314213280182
0 0.4807821564242863 0.1718150244707232 0.5013145997648628 0.1718150244707232 0.5013145997648628 0.2138603929967915 0.4807821564242863 0.2138603929967915
0 0.4957777611112242 0.118869004845304 0.5373040510135138 0.118869004845304 0.5373040510135138 0.14170846429156328 0.4957777611112242 0.14170846429156328
0 0.5814834961299902 0.14118662742605073 0.611994948042133 0.14118662742605073 0.611994948042133 0.16503985995906073 0.5814834961299902 0.16503985995906073
0 0.611521896374728 0.1859776422695658 0.6508247835835901 0.1859776422695658 0.6508247835835901 0.20226765473113362 0.611521896374728 0.20226765473113362
0 0.5934218825285416 0.2106065896816981 0.6415162050341227 0.2106065896816981 0.6415162050341227 0.22534517238502136 0.5934218825285416 0.22534517238502136
0 0.6657774553181148 0.12923915309116346 0.7071787424555437 0.12923915309116346 0.7071787424555437 0.14770188924704397 0.6657774553181148 0.14770188924704397
0 0.47492121935520365 0.3600130703296874 0.5082663733447089 0.3600130703296874 0.5082663733447089 0.38465948849584347 0.47492121935520365 0.38465948849584347
0 0.5765328798475349 0.4222511347584104 0.6011792980136909 0.4222511347584104 0.6011792980136909 0.45813342002972596 0.5765328798475349 0.45813342002972596
0 0.46248278794140046 0.44254818501289195 0.5059764670581466 0.44254818501289195 0.5059764670581466 0.4632076825933464 0.46248278794140046 0.4632076825933464
0 0.38226111312606886 0.4508844735102683 0.412223425406494 0.4508844735102683 0.412223425406494 0.4889414427374212 0.38226111312606886 0.4889414427374212
0 0.34215222288977687 0.4063414487664519 0.3554442339924851 0.3948070589665831 0.3900531366026217 0.4172410440513719 0.3767611254999135 0.42877543385124073
0 0.046059619764144404 0.9414653612465529 0.08832694101333981 0.9414653612465529 0.08832694101333981 0.9607120878868115 0.046059619764144404 0.9607120878868115
0 0.29136103772822486 0.9233507949968977 0.3374022269460984 0.9233507949968977 0.3374022269460984 0.9505226443713806 0.29136103772822486 0.9505226443713806
0 0.27008225465768837 0.7237743917377276 0.30011746063387756 0.7237743917377276 0.30011746063387756 0.7625698661236388 0.27008225465768837 0.7625698661236388
0 0.18581681566893546 0.653692244459953 0.22502944569340466 0.653692244459953 0.22502944569340466 0.6862303842674913 0.18581681566893546 0.6862303842674913
0 0.06150443537859698 0.6173997039053911 0.09153964135478615 0.6173997039053911 0.09153964135478615 0.6443062425923938 0.06150443537859698 0.6443062425923938
0 0.28518033594527875 0.33492309137530607 0.3384116483057038 0.33492309137530607 0.3384116483057038 0.3476764266283246 0.28518033594527875 0.3476764266283246
0 0.328629421447346 0.41337441004892544 0.35524507762755847 0.41337441004892544 0.35524507762755847 0.44581224101855943 0.328629421447346 0.44581224101855943
0 0.3390120341686976 0.44766460020484206 0.35614061633345667 0.4432460806018312 0.36371522136718953 0.45976292768927746 0.34658663920243044 0.46418144729228833
0 0.36110256426944126 0.48694946950810253 0.3767435617543064 0.4792226294332436 0.3919677082542458 0.496557396243401 0.3763267107693807 0.5042842363182599
0 0.2623274666229477 0.5717918999047064 0.29839749328360304 0.5717918999047064 0.29839749328360304 0.5996641932333946 0.2623274666229477 0.5996641932333946
0 0.4038749954882466 0.5635941665727392 0.4355728977051861 0.5635941665727392 0.4355728977051861 0.5849082732358538 0.4038749954882466 0.5849082732358538
0 0.47929414214234417 0.5533469999077804 0.5000617332499943 0.5533469999077804 0.5000617332499943 0.5824489532362637 0.47929414214234417 0.5824489532362637
0 0.4694568621439836 0.48653547325224833 0.506619919915568 0.48653547325224833 0.506619919915568 0.5238351599126988 0.4694568621439836 0.5238351599126988
0 0.5126315910256771 0.5390009665768379 0.5383178221325073 0.5390009665768379 0.5383178221325073 0.5570359799071656 0.5126315910256771 0.5570359799071656
0 0.5701637172176561 0.49149237690903047 0.5981519005757638 0.49149237690903047 0.5981519005757638 0.5197847796514654 0.5701637172176561 0.5197847796514654
0 0.5719368207077702 0.7203278454092858 0.6015487256124635 0.7203278454092858 0.6015487256124635 0.7511865673625979 0.5719368207077702 0.7511865673625979
0 0.6782684744485558 0.6613585182266652 0.7244007052474465 0.6613585182266652 0.7244007052474465 0.6910483491968973 0.6782684744485558 0.6910483491968973
0 0.7132110558057431 0.5923258143892589 0.7415967570633013 0.5923258143892589 0.7415967570633013 0.6208036770145364 0.7132110558057431 0.6208036770145364
0 0.8415065928137007 0.9332739420845513 0.8938139818980856 0.9332739420845513 0.8938139818980856 0.9642454224634633 0.8415065928137007 0.9642454224634633
0 0.941991840265282 0.800440704014995 0.9649336775829949 0.800440704014995 0.9649336775829949 0.8355417151110955 0.941991840265282 0.8355417151110955
0 0.7945021155804849 0.1997751585242879 0.827797975334533 0.1997751585242879 0.827797975334533 0.2380133724605774 0.7945021155804849 0.2380133724605774
0 0.8725392868790349 0.2504993198683454 0.899071925120542 0.2504993198683454 0.899071925120542 0.28327493181373636 0.8725392868790349 0.28327493181373636
0 0.8511254149628517 0.3593611738298226 0.9145956476190057 0.3593611738298226 0.9145956476190057 0.38628399792782236 0.8511254149628517 0.38628399792782236
0 0.28786605580522856 0.28912191387189945 0.31611471224244303 0.28101067148818504 0.32150547074359964 0.2915711311154012 0.29325681430638517 0.29968237349911564
0 0.39426044519069087 0.25832723764240234 0.41182360587194405 0.25422254962800034 0.42191777875324815 0.27851748715933466 0.40435461807199496 0.28262217517373667
0 0.5731904084598081 0.04956771147890868 0.5972603259680846 0.04956771147890868 0.5972603259680846 0.07771727602248643 0.5731904084598081 0.07771727602248643
0 0.6050116553351569 0.045284082091842495 0.6303054669540237 0.045284082091842495 0.6303054669540237 0.07312767310777267 0.6050116553351569 0.07312767310777267
0 0.6576391020905413 0.05140355264479418 0.6968037136294322 0.05140355264479418 0.6968037136294322 0.07649338191189609 0.6576391020905413 0.07649338191189609
0 0.6690621137893845 0.0 0.6874205254482395 0.0 0.6874205254482395 0.023559961628864 0.6690621137893845 0.023559961628864
0 0.7767647955213343 0.012850888161198545 0.8077701129896228 0.012850888161198545 0.8077701129896228 0.03702279684535771 0.7767647955213343 0.03702279684535771
0 0.4908569509762779 0.18278528957890125 0.5026320723266122 0.16970586681060285 0.5358091447144911 0.18650695459095795 0.5240340233641568 0.19958637735925636
0 0.4919752576338637 0.16401873670716818 0.5088739898651432 0.14452756787581408 0.5454198427390123 0.1623504062757493 0.5285211105077328 0.1818415751071034
0 0.9686939529168765 0.16522635960537413 1.0 0.16522635960537413 1.0 0.19792378523193546 0.9686939529168765 0.19792378523193546
0 0.45723183667592066 0.17594705262890303 0.4468679284272699 0.1838371636825224 0.43591613986524563 0.1757453100048864 0.4462800481138964 0.16785519895126705
0 0.4520296385224718 0.145408401938866 0.4640957470910377 0.15445798336528882 0.4353863748357534 0.1759900125567559 0.4233202662671875 0.16694043113033308
0 0.2871892894309973 0.39934336286205474 0.2803661079745548 0.40849360431143567 0.2550020344638943 0.3978547246370814 0.26182521592033675 0.38870448318770046
0 0.26202154136538197 0.38970148361964746 0.25243885437658037 0.4006980096723688 0.23238305851566576 0.39086708830840095 0.24196574550446737 0.3798705622556796
0 0.2788021114271825 0.3814332979254646 0.3218242337124779 0.4004900769243235 0.313415118146245 0.41116869811212314 0.2703929958609496 0.39211191911326426
0 0.8642879290218076 0.0005352732838698231 0.9142467688496577 0.0005352732838698231 0.9142467688496577 0.018734564935443804 0.8642879290218076 0.018734564935443804
0 0.37604296549018973 0.2560901449049771 0.3931236791426775 0.2560901449049771 0.3931236791426775 0.28031600857546113 0.37604296549018973 0.28031600857546113
0 0.4014088439188794 0.23571012014018855 0.41362592100341694 0.2454352946303507 0.3928238887802206 0.2601346470878964 0.38060681169568306 0.2504094725977343
0 0.3238990015006282 0.2884288220055328 0.33312148111518586 0.29667905226313335 0.3138953827468142 0.30876818987354987 0.30467290313225664 0.30051795961594935
