0 0.09236955592581615 0.8475805444766512 0.0963550443794681 0.8475805444766512 0.0963550443794681 0.851800473427577 0.09236955592581615 0.851800473427577
0 0.09025959145035334 0.8786829837816215 0.09354175841218436 0.8786829837816215 0.09354175841218436 0.8830592063973962 0.09025959145035334 0.8830592063973962
0 0.08299193603487036 0.8819651507434526 0.08568800175351726 0.8819651507434526 0.08568800175351726 0.8880606036725675 0.08299193603487036 0.8880606036725675
0 0.07607594136529781 0.8880606036725673 0.08029587031622344 0.8880606036725673 0.08029587031622344 0.8911864769695494 0.07607594136529781 0.8911864769695494
0 0.23921955978046058 0.606719567255793 0.2428544248863365 0.606719567255793 0.2428544248863365 0.6118689594891173 0.23921955978046058 0.6118689594891173
0 0.21831908542167386 0.6984999111791607 0.22195395052754982 0.6984999111791607 0.22195395052754982 0.7039522088379747 0.21831908542167386 0.7039522088379747
0 0.33929469441624854 0.5757529926087221 0.3428088588134691 0.5757529926087221 0.3428088588134691 0.5804385451383496 0.33929469441624854 0.5804385451383496
0 0.19488135332956458 0.2706530129455072 0.19767735552941484 0.2706530129455072 0.19767735552941484 0.27605861719855107 0.19488135332956458 0.27605861719855107
0 0.18118094255029818 0.302154637730487 0.18481574541010354 0.302154637730487 0.18481574541010354 0.3060690408102774 0.18118094255029818 0.3060690408102774
0 0.1997743571793026 0.29563063259750305 0.20284995959913785 0.29563063259750305 0.20284995959913785 0.30066343655723354 0.1997743571793026 0.30066343655723354
0 0.2029897597091304 0.2902250283444592 0.20592556201897316 0.2902250283444592 0.20592556201897316 0.2946986318642197 0.2029897597091304 0.2946986318642197
0 0.2073235631188983 0.2971218337707565 0.2092807646587935 0.2971218337707565 0.2092807646587935 0.30029063626392016 0.2073235631188983 0.30029063626392016
0 0.20718376300890584 0.3012226369972036 0.20983996509876357 0.3012226369972036 0.20983996509876357 0.3040186391970539 0.20718376300890584 0.3040186391970539
0 0.253737199636413 0.28631062526466877 0.25765160271620335 0.28631062526466877 0.25765160271620335 0.2902250283444592 0.253737199636413 0.2902250283444592
0 0.7403198139972619 0.3383960793163257 0.7455876551133797 0.3383960793163257 0.7455876551133797 0.34541986747114944 0.7403198139972619 0.34541986747114944
0 0.8462410478677724 0.37502011755219194 0.8488749684258314 0.37502011755219194 0.8488749684258314 0.3807896578222257 0.8462410478677724 0.3807896578222257
0 0.743356040044554 0.5173649779518673 0.7465610818958527 0.5173649779518673 0.7465610818958527 0.5227779375229498 0.743356040044554 0.5227779375229498
0 0.7914863789495495 0.8613975708347544 0.7980190640929211 0.8613975708347544 0.7980190640929211 0.8691909496022855 0.7914863789495495 0.8691909496022855
0 0.8822563198890288 0.8334330940806725 0.8898204816339853 0.8334330940806725 0.8898204816339853 0.839392736667608 0.8822563198890288 0.839392736667608
0 0.8062708769056011 0.9425403968261069 0.8134912131166959 0.9425403968261069 0.8134912131166959 0.954001247954829 0.8062708769056011 0.954001247954829
