0 0.2576606828603354 0.13151187794862368 0.2618578704544404 0.13151187794862368 0.2618578704544404 0.13640859680841283 0.2576606828603354 0.13640859680841283
0 0.2504321931149323 0.13885695623830743 0.2541630265319145 0.13885695623830743 0.2541630265319145 0.14200484693388618 0.2504321931149323 0.14200484693388618
0 0.2571943286832126 0.1416550813010441 0.262790578808686 0.1416550813010441 0.262790578808686 0.1446280891802018 0.2571943286832126 0.1446280891802018
0 0.2954353712072804 0.12311750276041365 0.30009891297850827 0.12311750276041365 0.30009891297850827 0.12574074500672927 0.2954353712072804 0.12574074500672927
0 0.3334432366427869 0.1283639872530449 0.3371740700597692 0.1283639872530449 0.3371740700597692 0.13098722949936054 0.3334432366427869 0.13098722949936054
0 0.3476670390450316 0.09915855691073086 0.35349646625906644 0.09915855691073086 0.35349646625906644 0.10248133042273068 0.3476670390450316 0.10248133042273068
0 0.39127115460601153 0.13675836244125492 0.39546834220011656 0.13675836244125492 0.39546834220011656 0.1421797297503072 0.39127115460601153 0.1421797297503072
0 0.2767812041223693 0.1678875037642004 0.28004568336222874 0.1678875037642004 0.28004568336222874 0.170335863194095 0.2767812041223693 0.170335863194095
0 0.355595060056119 0.17260933980756857 0.3583931851188556 0.17260933980756857 0.3583931851188556 0.17505769923746314 0.355595060056119 0.17505769923746314
0 0.48204665937237 0.12230408937119847 0.4855557358901639 0.12230408937119847 0.4855557358901639 0.12635302381480687 0.48204665937237 0.12635302381480687
0 0.5616757034300015 0.11116951965127546 0.5673442116510532 0.11116951965127546 0.5673442116510532 0.11643313442796634 0.5616757034300015 0.11643313442796634
0 0.6375257420069317 0.08728080643398602 0.6418446054134473 0.08728080643398602 0.6418446054134473 0.09234197448849649 0.6375257420069317 0.09234197448849649
0 0.5608659165412798 0.13566557303510612 0.5641050640961666 0.13566557303510612 0.5641050640961666 0.13930961403435366 0.5608659165412798 0.13930961403435366
0 0.5948769658675902 0.15267109769826132 0.5983860423853841 0.15267109769826132 0.5983860423853841 0.15732737230841096 0.5948769658675902 0.15732737230841096
0 0.9236117006995772 0.03399262943751197 0.9285508007033183 0.03399262943751197 0.9285508007033183 0.038350658852577615 0.9236117006995772 0.038350658852577615
0 0.931746688941033 0.08563527800603975 0.9358141830617607 0.08563527800603975 0.9358141830617607 0.0899933074211054 0.931746688941033 0.0899933074211054
0 0.9151861771637836 0.1459939854046988 0.9195442065788493 0.1459939854046988 0.9195442065788493 0.15296683246880383 0.9151861771637836 0.15296683246880383
0 0.6856632946369935 0.1115655530256803 0.6914740005237477 0.1115655530256803 0.6914740005237477 0.11483407508697953 0.6856632946369935 0.11483407508697953
0 0.7062913005349708 0.22705333252491966 0.7094871887726857 0.22705333252491966 0.7094871887726857 0.23141136193998532 0.7062913005349708 0.23141136193998532
0 0.7193653887801675 0.26954411932180966 0.7272098417272859 0.26954411932180966 0.7272098417272859 0.27259473991235555 0.7193653887801675 0.27259473991235555
0 0.6796150295905022 0.2997771125751194 0.6825014225401915 0.2997771125751194 0.6825014225401915 0.30451260100820227 0.6796150295905022 0.30451260100820227
0 0.9101157769487566 0.2477336948850109 0.9144453663732898 0.2477336948850109 0.9144453663732898 0.2509808869534108 0.9101157769487566 0.2509808869534108
0 0.9135433685765121 0.2825057099507934 0.9176925584416898 0.2825057099507934 0.9176925584416898 0.28561760234967665 0.9135433685765121 0.28561760234967665
0 0.8516663197175579 0.4159111840942236 0.8574391056169355 0.4159111840942236 0.8574391056169355 0.42051137285779017 0.8516663197175579 0.42051137285779017
0 0.9130021698984456 0.4056284092109572 0.917151359763623 0.4056284092109572 0.917151359763623 0.40833440260129056 0.9130021698984456 0.40833440260129056
0 0.9122805716610233 0.41131099533065707 0.9180533575604007 0.41131099533065707 0.9180533575604007 0.41361108971244037 0.9122805716610233 0.41361108971244037
0 0.9137237681358675 0.42876465269830677 0.9171513597636229 0.42876465269830677 0.9171513597636229 0.4320118447667066 0.9137237681358675 0.4320118447667066
0 0.9214809491881563 0.4421593199804563 0.9247281412565561 0.4421593199804563 0.9247281412565561 0.4456771113878896 0.9214809491881563 0.4456771113878896
0 0.9122805716610233 0.45217149552468944 0.9160689624074897 0.45217149552468944 0.9160689624074897 0.45744818263583936 0.9122805716610233 0.45744818263583936
0 0.9157081632887789 0.4984439824993885 0.9202181522726679 0.4984439824993885 0.9202181522726679 0.5018264742373053 0.9157081632887789 0.5018264742373053
0 0.9121001721016674 0.5520226516279871 0.9164297615262007 0.5520226516279871 0.9164297615262007 0.5559463420439704 0.9121001721016674 0.5559463420439704
0 0.9144453663732915 0.5882829630584537 0.9180533575604025 0.5882829630584537 0.9180533575604025 0.5922066534744372 0.9144453663732915 0.5922066534744372
0 0.8747574633150684 0.5993775359588194 0.8799890505363795 0.5993775359588194 0.8799890505363795 0.6043836237309359 0.8747574633150684 0.6043836237309359
0 0.8612274963634025 0.88404804062188 0.8664590835847149 0.88404804062188 0.8664590835847149 0.89135422277578 0.8612274963634025 0.89135422277578
0 0.8992918033874235 0.9186847560181451 0.9054253884055122 0.9186847560181451 0.9054253884055122 0.9238261434597783 0.8992918033874235 0.9238261434597783
0 0.7406376267082254 0.8413792686282361 0.7474781085669915 0.8413792686282361 0.7474781085669915 0.8479088194934218 0.7406376267082254 0.8479088194934218
0 0.740326695714645 0.8721614369926836 0.7449906606183494 0.8721614369926836 0.7449906606183494 0.8814893668000919 0.740326695714645 0.8814893668000919
0 0.7341080758430395 0.9169355000682438 0.7384611097531634 0.9169355000682438 0.7384611097531634 0.9204334737460219 0.7341080758430395 0.9204334737460219
0 0.800336377475639 0.9262634298756522 0.8043784803921827 0.9262634298756522 0.8043784803921827 0.9309273947793564 0.800336377475639 0.9309273947793564
0 0.5861084403152887 0.7579830857291183 0.5919025297774593 0.7579830857291183 0.5919025297774593 0.7610362311035077 0.5861084403152887 0.7610362311035077
0 0.7293587956507214 0.7196439756266851 0.7353371464347437 0.7196439756266851 0.7353371464347437 0.7241277387147017 0.7293587956507214 0.7241277387147017
0 0.6580262068921566 0.679320202165951 0.6619231472037008 0.679320202165951 0.6619231472037008 0.684539318654626 0.6580262068921566 0.684539318654626
0 0.5934483388722834 0.6467529152766184 0.6023556310129555 0.6467529152766184 0.6023556310129555 0.6494668558507294 0.5934483388722834 0.6494668558507294
0 0.6407683283696044 0.6221186854500719 0.6468920917163163 0.6221186854500719 0.6468920917163163 0.626293978641012 0.6407683283696044 0.626293978641012
0 0.6527375021836325 0.6173170982804909 0.6569127953745726 0.6173170982804909 0.6569127953745726 0.6200310388546018 0.6527375021836325 0.6200310388546018
0 0.6683252634298088 0.6020772781335595 0.6719438508619567 0.6020772781335595 0.6719438508619567 0.6058350420054055 0.6683252634298088 0.6058350420054055
0 0.5141607558701105 0.547173809867235 0.5229642369360102 0.547173809867235 0.5229642369360102 0.5505453558073669 0.5141607558701105 0.5505453558073669
0 0.544130053115727 0.5681054909122204 0.5497492963492803 0.5681054909122204 0.5497492963492803 0.5703531882056416 0.544130053115727 0.5703531882056416
0 0.6020082584213242 0.5456285179780079 0.6053798043614561 0.5456285179780079 0.6053798043614561 0.5498429504031727 0.6020082584213242 0.5498429504031727
0 0.6081894259782327 0.5442237071696197 0.6123102043495051 0.5442237071696197 0.6123102043495051 0.5490000639181397 0.6081894259782327 0.5490000639181397
0 0.612310204349505 0.564312501729572 0.6153071340740667 0.564312501729572 0.6153071340740667 0.5681054909122204 0.612310204349505 0.5681054909122204
0 0.632164863774726 0.5897395773613999 0.6344125610681473 0.5897395773613999 0.6344125610681473 0.5942349719482424 0.632164863774726 0.5942349719482424
0 0.6336633286370066 0.5895990962805611 0.6404064205172705 0.5895990962805611 0.6404064205172705 0.5918467935739818 0.6336633286370066 0.5918467935739818
0 0.3685398864332147 0.7097322901275688 0.3715784956264214 0.7097322901275688 0.3715784956264214 0.7131507254699263 0.3685398864332147 0.7131507254699263
0 0.43430407111476005 0.7206387266960428 0.43690859328036574 0.7206387266960428 0.43690859328036574 0.7240571620384003 0.43430407111476005 0.7240571620384003
0 0.2524216065499579 0.5511820032963183 0.2543749981741622 0.5511820032963183 0.2543749981741622 0.5593211350638362 0.2524216065499579 0.5593211350638362
0 0.2851951771338303 0.5158581714252901 0.28997013443744085 0.5158581714252901 0.28997013443744085 0.5186254762262463 0.2851951771338303 0.5186254762262463
0 0.2697850876539963 0.40679380574054913 0.2730407403610035 0.40679380574054913 0.2730407403610035 0.4110261542596585 0.2697850876539963 0.4110261542596585
0 0.2448250835669411 0.33533222882174113 0.24742960573254683 0.33533222882174113 0.24742960573254683 0.33891344679944907 0.2448250835669411 0.33891344679944907
0 0.26392491278138336 0.3193795305574059 0.2678316960297919 0.3193795305574059 0.2678316960297919 0.3223096179937124 0.26392491278138336 0.3223096179937124
0 0.29778370093425816 0.3073336155414793 0.3025586582378687 0.3073336155414793 0.3025586582378687 0.31026370297778577 0.29778370093425816 0.31026370297778577
0 0.4829620535441181 0.21099787882269477 0.49090924295363575 0.21099787882269477 0.49090924295363575 0.21576619246840537 0.4829620535441181 0.21576619246840537
0 0.47274423858902387 0.2910374293042661 0.47569605179827334 0.2910374293042661 0.47569605179827334 0.2942730707067127 0.47274423858902387 0.2942730707067127
0 0.4902280552899629 0.3548987727736044 0.4961316817084617 0.3548987727736044 0.4961316817084617 0.3588156018397238 0.4902280552899629 0.3588156018397238
0 0.4405013558418378 0.36750074455155385 0.4457237945966637 0.36750074455155385 0.4457237945966637 0.371247276701755 0.4405013558418378 0.371247276701755
0 0.4609369857520262 0.40224131539887403 0.467521799834198 0.40224131539887403 0.467521799834198 0.4068393321286665 0.4609369857520262 0.4068393321286665
0 0.5140696235185159 0.3911720158641887 0.5202003124915725 0.3911720158641887 0.5202003124915725 0.39611062642581757 0.5140696235185159 0.39611062642581757
0 0.524788573150425 0.43899839403452356 0.5325174181158217 0.43899839403452356 0.5325174181158217 0.44151026864827736 0.524788573150425 0.44151026864827736
0 0.45419845579980384 0.47049343726851445 0.4627001852617403 0.47049343726851445 0.4627001852617403 0.47281209075813346 0.45419845579980384 0.47281209075813346
0 0.69250450889953 0.48826978068892646 0.6961113032167149 0.48826978068892646 0.6961113032167149 0.4917477609233549 0.69250450889953 0.4917477609233549
0 0.7659597548854741 0.5708583127095952 0.7723802054712702 0.5708583127095952 0.7723802054712702 0.5766367182368116 0.7659597548854741 0.5766367182368116
0 0.9290004101116893 0.12237458468617685 0.9328760897533733 0.12237458468617685 0.9328760897533733 0.12615337233681886 0.9290004101116893 0.12615337233681886
