0 0.7924414374290607 0.15706799181514336 0.7995429157824051 0.15706799181514336 0.7995429157824051 0.16263777875894272 0.7924414374290607 0.16263777875894272
0 0.49034571270435057 0.5838391751984507 0.49595532045399665 0.5838391751984507 0.49595532045399665 0.5877988983158479 0.49034571270435057 0.5877988983158479
0 0.5253232669080258 0.5899987444921796 0.5292829900254229 0.5899987444921796 0.5292829900254229 0.5961583137859086 0.5253232669080258 0.5961583137859086
0 0.6361955141951466 0.4778065894992595 0.6418051219447927 0.4778065894992595 0.6418051219447927 0.48308622032245574 0.6361955141951466 0.48308622032245574
0 0.4523983661626277 0.43820935832528773 0.4556981354271253 0.43820935832528773 0.4556981354271253 0.44436892761901664 0.4523983661626277 0.44436892761901664
0 0.6926215686180567 0.19754618663459256 0.6972412455883532 0.19754618663459256 0.6972412455883532 0.20634557133991968 0.6926215686180567 0.20634557133991968
0 0.6942714532503054 0.2714610181593399 0.6998810609999512 0.2714610181593399 0.6998810609999512 0.27762058745306883 0.6942714532503054 0.27762058745306883
0 0.8803784397679728 0.36693434221213855 0.8853280936647191 0.36693434221213855 0.8853280936647191 0.37441381921166655 0.8803784397679728 0.37441381921166655
0 0.5840591598160838 0.7325487767184781 0.5886788367863806 0.7325487767184781 0.5886788367863806 0.7391483152474733 0.5840591598160838 0.7391483152474733
0 0.39762219637196666 0.9071664913587995 0.40191189641581376 0.9071664913587995 0.40191189641581376 0.9146459683583275 0.39762219637196666 0.9146459683583275
0 0.15343927079914066 0.16938815557754597 0.16102874010748525 0.16938815557754597 0.16102874010748525 0.17510775563600856 0.15343927079914066 0.17510775563600856
0 0.8690903137801996 0.16622468923622763 0.8753117752775248 0.16622468923622763 0.8753117752775248 0.17132947815710986 0.8690903137801996 0.17132947815710986
