0 0.18864879271108204 0.755014688196342 0.1931554646602349 0.755014688196342 0.1931554646602349 0.7613816724035753 0.18864879271108204 0.7613816724035753
0 0.23797082369717815 0.7364428843744736 0.2416204438982172 0.7364428843744736 0.2416204438982172 0.7392192025988354 0.23797082369717815 0.7392192025988354
0 0.2819369525849723 0.841495496235759 0.2874510256372294 0.841495496235759 0.2874510256372294 0.8473392149596186 0.2819369525849723 0.8473392149596186
0 0.7532490048236323 0.8344283977156332 0.7608663741298521 0.8344283977156332 0.7608663741298521 0.8380194432457083 0.7532490048236323 0.8380194432457083
0 0.76947070781134 0.7130703638134664 0.7759667315887886 0.7130703638134664 0.7759667315887886 0.7197983884401097 0.76947070781134 0.7197983884401097
0 0.5259338714530901 0.7310600262974134 0.5302182591930671 0.7310600262974134 0.5302182591930671 0.7368439497463823 0.5259338714530901 0.7368439497463823
0 0.12303945539792455 0.1767767557096532 0.12712510482420172 0.1767767557096532 0.12712510482420172 0.17963671030804723 0.12303945539792455 0.17963671030804723
0 0.16035505349125623 0.1748360722321715 0.16389594966069645 0.1748360722321715 0.16389594966069645 0.17769602683056557 0.16035505349125623 0.17769602683056557
0 0.1392458647888241 0.2035377594517688 0.1422420077014274 0.2035377594517688 0.1422420077014274 0.20711270269976134 0.1392458647888241 0.20711270269976134
0 0.16689209257329973 0.19924782755417778 0.16961585885748454 0.19924782755417778 0.16961585885748454 0.2022099233882287 0.16689209257329973 0.2022099233882287
0 0.14190074978518075 0.267648159689325 0.14637568690277603 0.267648159689325 0.14637568690277603 0.2712920370565098 0.14190074978518075 0.2712920370565098
0 0.278485384251682 0.25084422170945797 0.2827801165788332 0.25084422170945797 0.2827801165788332 0.25369715104106555 0.278485384251682 0.25369715104106555
0 0.37071641644984976 0.24577328991749017 0.37764768149249867 0.24577328991749017 0.37764768149249867 0.2483725143084835 0.37071641644984976 0.2483725143084835
0 0.4232846048569883 0.32898135121119865 0.4269019728132835 0.32898135121119865 0.4269019728132835 0.33475747101237974 0.4232846048569883 0.33475747101237974
0 0.6845608291208624 0.08029881567020519 0.6886308852477577 0.08029881567020519 0.6886308852477577 0.08369052910928462 0.6845608291208624 0.08369052910928462
0 0.7145209644993972 0.08123153686595204 0.721643562721464 0.08123153686595204 0.721643562721464 0.08386011478123857 0.7145209644993972 0.08386011478123857
0 0.7094333943407781 0.0914066771831903 0.7137295646969454 0.0914066771831903 0.7137295646969454 0.0948831834582467 0.7094333943407781 0.0948831834582467
0 0.7120337079774058 0.09530714763813161 0.7142948502701253 0.09530714763813161 0.7142948502701253 0.09903803242111896 0.7120337079774058 0.09903803242111896
0 0.7144079073847612 0.0960702831619245 0.7180257350531126 0.0960702831619245 0.7180257350531126 0.09954678943698088 0.7144079073847612 0.09954678943698088
0 0.7184779635116566 0.0960702831619245 0.7228871909824598 0.0960702831619245 0.7228871909824598 0.09861406824123405 0.7184779635116566 0.09861406824123405
