0 0.1206707716554935 0.11650582897708558 0.12427288424222464 0.11650582897708558 0.12427288424222464 0.12055820563715813 0.1206707716554935 0.12055820563715813
0 0.09995862428178938 0.14689865392762963 0.10423613297853263 0.14689865392762963 0.10423613297853263 0.15095103058770218 0.09995862428178938 0.15095103058770218
0 0.1285503929389679 0.13052029825983644 0.13170224145235762 0.13052029825983644 0.13170224145235762 0.134741523947412 0.1285503929389679 0.134741523947412
0 0.1623201984395724 0.14014469282750874 0.16817363139301056 0.14014469282750874 0.16817363139301056 0.1441970694875813 0.1623201984395724 0.1441970694875813
0 0.23571324239421954 0.1219089978571823 0.24111641127431624 0.1219089978571823 0.24111641127431624 0.12613022354475786 0.23571324239421954 0.12613022354475786
0 0.10896390574861727 0.2799516876000115 0.1141419425920433 0.2799516876000115 0.1141419425920433 0.2853548564801082 0.10896390574861727 0.2853548564801082
0 0.10288534075850846 0.3088248713030283 0.10648745334523961 0.3088248713030283 0.10648745334523961 0.3127083989355979 0.10288534075850846 0.3127083989355979
0 0.08194806134813362 0.7089970664851919 0.08577530597153547 0.7089970664851919 0.08577530597153547 0.7150756314753008 0.08194806134813362 0.7150756314753008
0 0.05898459360772256 0.8857819982808565 0.06438776248781929 0.8857819982808565 0.06438776248781929 0.8918605632709654 0.05898459360772256 0.8918605632709654
0 0.33941593331332504 0.679036153575074 0.3459484171780238 0.679036153575074 0.3459484171780238 0.684567692331472 0.33941593331332504 0.684567692331472
0 0.2986000272471422 0.2948487706234343 0.3043019373151781 0.2948487706234343 0.3043019373151781 0.2979998261873488 0.2986000272471422 0.2979998261873488
0 0.4339453662305201 0.33873847312081573 0.4405475778882459 0.33873847312081573 0.4405475778882459 0.3423396794795752 0.4339453662305201 0.3423396794795752
0 0.5074699960551933 0.23812977047297212 0.5113713029438495 0.23812977047297212 0.5113713029438495 0.24375665540853383 0.5074699960551933 0.24375665540853383
0 0.6910095695909843 0.17221287836777183 0.6940308481588398 0.17221287836777183 0.6940308481588398 0.17609737938358624 0.6910095695909843 0.17609737938358624
0 0.7358971368848396 0.17544996254761722 0.7395658322886643 0.17544996254761722 0.7395658322886643 0.17949631777242386 0.7358971368848396 0.17949631777242386
0 0.7451767782003961 0.19147352923785158 0.7501403072761589 0.19147352923785158 0.7501403072761589 0.1937394881637433 0.7451767782003961 0.1937394881637433
0 0.7710734516391589 0.31982391696871915 0.7753895638789526 0.31982391696871915 0.7753895638789526 0.3224135843125954 0.7710734516391589 0.3224135843125954
0 0.7169062430297469 0.4154797544831488 0.7205749384335715 0.4154797544831488 0.7205749384335715 0.4190405470809787 0.7169062430297469 0.4190405470809787
0 0.7969701250779216 0.8027968766016427 0.8021494597656741 0.8027968766016427 0.8021494597656741 0.8053865439455193 0.7969701250779216 0.8053865439455193
0 0.7598515598156951 0.837919239952965 0.7641676720554887 0.837919239952965 0.7641676720554887 0.8430985746407176 0.7598515598156951 0.8430985746407176
0 0.8075446000654164 0.8600932665849057 0.8125081291411793 0.8600932665849057 0.8125081291411793 0.8644633302276968 0.8075446000654164 0.8644633302276968
