0 0.11351001199220043 0.8609564044804074 0.11765087512489426 0.8609564044804074 0.11765087512489426 0.8630773343776408 0.11351001199220043 0.8630773343776408
0 0.1984098572505073 0.9257258641924522 0.20239818348011257 0.9257258641924522 0.20239818348011257 0.930525200703301 0.1984098572505073 0.930525200703301
0 0.2981287734519469 0.9209075042370211 0.30470580125885693 0.9209075042370211 0.30470580125885693 0.9254941157339451 0.2981287734519469 0.9254941157339451
0 0.5725967977731841 0.8803506824929371 0.5791291766620206 0.8803506824929371 0.5791291766620206 0.8833916174929127 0.5725967977731841 0.8833916174929127
0 0.6868574149763611 0.9351065780092266 0.6908755050721695 0.9351065780092266 0.6908755050721695 0.938995052295493 0.6868574149763611 0.938995052295493
0 0.8550560756953938 0.9354639303858641 0.8613625741024895 0.9354639303858641 0.8613625741024895 0.9408507311085915 0.8550560756953938 0.9408507311085915
0 0.8874644702874133 0.9332303788666843 0.892194344092735 0.9332303788666843 0.892194344092735 0.9401938041911858 0.8874644702874133 0.9401938041911858
0 0.8844864015951736 0.9132598005775477 0.8899169974457282 0.9132598005775477 0.8899169974457282 0.9190407574507189 0.8844864015951736 0.9190407574507189
0 0.8986760230111391 0.9231137043386348 0.9027051747712281 0.9231137043386348 0.9027051747712281 0.9263983389256638 0.8986760230111391 0.9263983389256638
0 0.5308422675934357 0.6759966596245123 0.5359329233295475 0.6759966596245123 0.5359329233295475 0.6791783194595822 0.5308422675934357 0.6791783194595822
0 0.5732643987277006 0.7404782989485948 0.5775066118411271 0.7404782989485948 0.5775066118411271 0.7447205120620215 0.5732643987277006 0.7447205120620215
0 0.8881432251551192 0.781600545886875 0.8937507345902899 0.781600545886875 0.8937507345902899 0.7851591576438104 0.8881432251551192 0.7851591576438104
0 0.8911626533125186 0.7427793267203084 0.8967701627476894 0.7427793267203084 0.8967701627476894 0.7460144283175222 0.8911626533125186 0.7460144283175222
0 0.1226612650471492 0.682807812493601 0.12935545928728254 0.682807812493601 0.12935545928728254 0.6851704692842363 0.1226612650471492 0.6851704692842363
0 0.19816873244473 0.11404730107232058 0.20282757464582316 0.11404730107232058 0.20282757464582316 0.1181237879982771 0.19816873244473 0.1181237879982771
0 0.21644204392578636 0.15301384854215347 0.22148912297697065 0.15301384854215347 0.22148912297697065 0.15840063483716746 0.21644204392578636 0.15840063483716746
0 0.1675242008143082 0.20367875747904163 0.17121245089017365 0.20367875747904163 0.17121245089017365 0.2077552444049981 0.1675242008143082 0.2077552444049981
0 0.39817755885778 0.4031670112722792 0.4043105162891033 0.4031670112722792 0.4043105162891033 0.4062334899879409 0.39817755885778 0.4062334899879409
0 0.42153860744628474 0.2891689428868912 0.427220843831995 0.2891689428868912 0.427220843831995 0.29185010652368 0.42153860744628474 0.29185010652368
0 0.8609627851768397 0.2750955377307136 0.8650289172926255 0.2750955377307136 0.8650289172926255 0.28178498088894177 0.8609627851768397 0.28178498088894177
0 0.8604880905348703 0.15403110757923968 0.866406319762648 0.15403110757923968 0.866406319762648 0.15718113281337948 0.8604880905348703 0.15718113281337948
