0 0.2971015856566515 0.37652004494651337 0.3075073175214377 0.37652004494651337 0.3075073175214377 0.38465326065692085 0.2971015856566515 0.38465326065692085
0 0.35128315502157226 0.35499094453661106 0.35558897510355275 0.35499094453661106 0.35558897510355275 0.36408100915412533 0.35128315502157226 0.36408100915412533
0 0.4424230134234921 0.17701704781475222 0.4535463819686082 0.17701704781475222 0.4535463819686082 0.18419341461805294 0.4424230134234921 0.18419341461805294
0 0.6508964690593791 0.10238283306042421 0.6559199258216898 0.10238283306042421 0.6559199258216898 0.10908077541017158 0.6508964690593791 0.10908077541017158
0 0.7449068741826191 0.08659482609316253 0.7517244226457549 0.08659482609316253 0.7517244226457549 0.09472804180357007 0.7449068741826191 0.09472804180357007
0 0.6369025537929427 0.26743926953634173 0.6419260105552531 0.26743926953634173 0.6419260105552531 0.2770077586074094 0.6369025537929427 0.2770077586074094
0 0.6534081974405345 0.27365878743253574 0.6573551991823499 0.27365878743253574 0.6573551991823499 0.27892145642162297 0.6534081974405345 0.27892145642162297
0 0.7772005247974725 0.24303962240511914 0.7822239815597831 0.24303962240511914 0.7822239815597831 0.24878071584775974 0.7772005247974725 0.24878071584775974
0 0.8303056391418984 0.2535649603832935 0.8346114592238788 0.2535649603832935 0.8346114592238788 0.26265502500080784 0.8303056391418984 0.26265502500080784
0 0.9253924992856333 0.29040364330690416 0.9329276844290992 0.29040364330690416 0.9329276844290992 0.3028426790992922 0.9253924992856333 0.3028426790992922
0 0.9225219525643129 0.31910911052010715 0.9275454093266235 0.31910911052010715 0.9275454093266235 0.32389335505564093 0.9225219525643129 0.32389335505564093
0 0.9296983193676138 0.3353755419409223 0.9343629577897593 0.3353755419409223 0.9343629577897593 0.3396813620229027 0.9296983193676138 0.3396813620229027
0 0.8719285666010427 0.29566631229599144 0.876234386683023 0.29566631229599144 0.876234386683023 0.3023642546457388 0.8719285666010427 0.3023642546457388
0 0.8730050216215378 0.3769984694000667 0.8801813884248387 0.3769984694000667 0.8801813884248387 0.38369641174981406 0.8730050216215378 0.38369641174981406
0 0.8396349159861891 0.31576013934523356 0.8435819177280046 0.31576013934523356 0.8435819177280046 0.3195875349736606 0.8396349159861891 0.3195875349736606
0 0.6322379153707972 0.6592688969965634 0.6358260987724476 0.6592688969965634 0.6358260987724476 0.6659668393463107 0.6322379153707972 0.6659668393463107
0 0.6745784795102717 0.6851038174884462 0.6785254812520871 0.6851038174884462 0.6785254812520871 0.6922801842917469 0.6745784795102717 0.6922801842917469
0 0.6433612839159134 0.6123833005483317 0.6476671039978938 0.6123833005483317 0.6476671039978938 0.6190812428980791 0.6433612839159134 0.6190812428980791
0 0.7377305073793184 0.6296065808762537 0.7409598724408039 0.6296065808762537 0.7409598724408039 0.6358260987724477 0.7377305073793184 0.6358260987724477
0 0.7711006130146668 0.6372613721331077 0.7743299780761523 0.6372613721331077 0.7743299780761523 0.6415671922150883 0.7711006130146668 0.6415671922150883
0 0.7165602253095813 0.574109344264061 0.7208660453915616 0.574109344264061 0.7208660453915616 0.5779367398924881 0.7165602253095813 0.5779367398924881
0 0.7972943518467146 0.530572718990703 0.8033942636295204 0.530572718990703 0.8033942636295204 0.5382275102475572 0.7972943518467146 0.5382275102475572
0 0.8471433870896938 0.5320079923513632 0.8518080255118392 0.5320079923513632 0.8518080255118392 0.5372706613404504 0.8471433870896938 0.5372706613404504
0 0.8952250446718089 0.5013888273239466 0.9002485014341193 0.5013888273239466 0.9002485014341193 0.5061730718594805 0.8952250446718089 0.5061730718594805
0 0.9544300707990401 0.46933438893586993 0.9583770725408554 0.46933438893586993 0.9583770725408554 0.47268336011074363 0.9544300707990401 0.47268336011074363
0 0.9203423284833615 0.5525802438541587 0.9253657852456721 0.5525802438541587 0.9253657852456721 0.5635840062858866 0.9203423284833615 0.5635840062858866
0 0.6584316542028449 0.8090157509587727 0.6641727476454856 0.8090157509587727 0.6641727476454856 0.8137999954943066 0.6584316542028449 0.8137999954943066
0 0.7614125178302109 0.8645129875709653 0.7660771562523564 0.8645129875709653 0.7660771562523564 0.8731246277349262 0.7614125178302109 0.8731246277349262
0 0.8252821823795877 0.7190719536907363 0.8288703657812382 0.7190719536907363 0.8288703657812382 0.724813047133377 0.8252821823795877 0.724813047133377
0 0.8288703657812381 0.7181151047836297 0.8331761858632185 0.7181151047836297 0.8331761858632185 0.7248130471333772 0.8288703657812381 0.7248130471333772
0 0.5310511434442564 0.7597380322427741 0.5353569635262369 0.7597380322427741 0.5353569635262369 0.7712202191280552 0.5310511434442564 0.7712202191280552
0 0.489428215985112 0.9531144035517686 0.4937340360670924 0.9531144035517686 0.4937340360670924 0.961247619262176 0.489428215985112 0.961247619262176
0 0.5698035241820805 0.9057503826499834 0.5733917075837309 0.9057503826499834 0.5733917075837309 0.9153188717210511 0.5698035241820805 0.9153188717210511
0 0.5044985862720436 0.9736866550545639 0.5105984980548492 0.9736866550545639 0.5105984980548492 0.9837335685791849 0.5044985862720436 0.9837335685791849
0 0.7757652514368124 0.3291560240447284 0.780071071518793 0.3291560240447284 0.780071071518793 0.33585396639447557 0.7757652514368124 0.33585396639447557
0 0.7955002601458895 0.8899623756827216 0.7983708068672097 0.8899623756827216 0.7983708068672097 0.8937897713111486 0.7955002601458895 0.8937897713111486
