0 0.058781328378728036 0.8631051938283868 0.07190774938475913 0.8687985806871513 0.058958085156980956 0.8855926781507499 0.04583166415094986 0.8798992912919854
0 0.09655523826299779 0.8835473276672549 0.13981555316385505 0.8835473276672549 0.13981555316385505 0.8979302671490188 0.09655523826299779 0.8979302671490188
0 0.4080480619628057 0.9098339946571601 0.430833348357448 0.9098339946571601 0.430833348357448 0.9329151938621226 0.4080480619628057 0.9329151938621226
0 0.48971999761113433 0.8998469373088589 0.5175358017812173 0.8998469373088589 0.5175358017812173 0.9131630137732603 0.48971999761113433 0.9131630137732603
0 0.5128011968160967 0.9176017059280608 0.5267090989011382 0.9176017059280608 0.5267090989011382 0.9409048397407632 0.5128011968160967 0.9409048397407632
0 0.46989383931969214 0.81639952479861 0.5207908426947376 0.81639952479861 0.5207908426947376 0.8459168276280332 0.46989383931969214 0.8459168276280332
0 0.516959679629095 0.7794343423829629 0.5267248023696561 0.7794343423829629 0.5267248023696561 0.790753007377704 0.516959679629095 0.790753007377704
0 0.44327738985940707 0.7250603634866571 0.46872589154692984 0.7250603634866571 0.46872589154692984 0.7441467397522991 0.44327738985940707 0.7441467397522991
0 0.310708450836033 0.7397080475974986 0.347697552126037 0.7397080475974986 0.347697552126037 0.7603479661173209 0.310708450836033 0.7603479661173209
0 0.4817577566430684 0.6771529432348962 0.5256754483224472 0.6721896428767388 0.5284091420397634 0.6857959831951156 0.4844914503603847 0.690759283553273
0 0.4320327030672459 0.6453858393079885 0.4527465997896481 0.6453858393079885 0.4527465997896481 0.6711302538058315 0.4320327030672459 0.6711302538058315
0 0.5082348709091518 0.5582865619321676 0.5197152179827196 0.5684085459598627 0.48385927468511797 0.5912841752165814 0.47237892761155015 0.5811621911888863
0 0.535898099489577 0.5614945575822597 0.5545406065397389 0.5614945575822597 0.5545406065397389 0.5790273915937216 0.535898099489577 0.5790273915937216
0 0.4921030035622123 0.5346404700457168 0.516959679629095 0.5346404700457168 0.516959679629095 0.5455152658249778 0.4921030035622123 0.5455152658249778
0 0.3115961892669931 0.5468468734714181 0.33615695252355576 0.5468468734714181 0.33615695252355576 0.5654893805215802 0.3115961892669931 0.5654893805215802
0 0.41546158568932445 0.49846512907649293 0.44091008737684717 0.49846512907649293 0.44091008737684717 0.511559270840755 0.41546158568932445 0.511559270840755
0 0.45836894318572874 0.46095818027602886 0.4971335213376529 0.46095818027602886 0.4971335213376529 0.47671553742557066 0.45836894318572874 0.47671553742557066
0 0.44949155887612785 0.4245609046066652 0.4749400605636504 0.4245609046066652 0.4749400605636504 0.43654537342462646 0.44949155887612785 0.43654537342462646
0 0.3630850182626786 0.34954700719053716 0.3876457815192412 0.34954700719053716 0.3876457815192412 0.36707984120199894 0.3630850182626786 0.36707984120199894
0 0.46872589154692984 0.29672657054841156 0.4968376085273329 0.29672657054841156 0.4968376085273329 0.3149252083830935 0.46872589154692984 0.3149252083830935
0 0.49447030604477255 0.2738673059511891 0.5240615870767757 0.2738673059511891 0.5240615870767757 0.28585177476915036 0.49447030604477255 0.28585177476915036
0 0.4752359733739706 0.21372302725364267 0.4956539572860526 0.21372302725364267 0.4956539572860526 0.22592943067934398 0.4752359733739706 0.22592943067934398
0 0.47286867089141027 0.18531539746291967 0.5054190800266137 0.18531539746291967 0.5054190800266137 0.19774373549636104 0.47286867089141027 0.19774373549636104
0 0.44860382044516767 0.022193460774002364 0.48411335768357144 0.022193460774002364 0.48411335768357144 0.03595340645388383 0.44860382044516767 0.03595340645388383
0 0.46990954278821 0.06524877467556693 0.49920491100989306 0.06524877467556693 0.49920491100989306 0.07745517810126823 0.46990954278821 0.07745517810126823
0 0.5601629499358196 0.0159792917572817 0.5731831135899009 0.0159792917572817 0.5731831135899009 0.03439986419970366 0.5601629499358196 0.03439986419970366
0 0.6033662202425442 0.061253951736246516 0.621416901672066 0.061253951736246516 0.621416901672066 0.07567970123934804 0.6033662202425442 0.07567970123934804
0 0.5294696394436893 0.025782700111649248 0.554918141131212 0.025782700111649248 0.554918141131212 0.03821103814509057 0.5294696394436893 0.03821103814509057
0 0.5251117617496219 0.0364375857539497 0.5426409813846047 0.04051312896556325 0.5389458369881511 0.04945299521631403 0.5214166173531684 0.04537745200470048
