0 0.3640870982032277 0.15192363345896093 0.38274143596865084 0.15192363345896093 0.38274143596865084 0.20138589393750875 0.3640870982032277 0.20138589393750875
0 0.2549168232898616 0.284482491541469 0.28056653836659423 0.284482491541469 0.28056653836659423 0.3339447520200169 0.2549168232898616 0.3339447520200169
0 0.3091839890720398 0.3384670158351984 0.327626346193327 0.3384670158351984 0.327626346193327 0.3893424837559905 0.3091839890720398 0.3893424837559905
0 0.44548182548679044 0.1255447468895922 0.46995510951880215 0.1255447468895922 0.46995510951880215 0.15967607021393043 0.44548182548679044 0.15967607021393043
0 0.598791478331002 0.09553918792314102 0.62692168986205 0.09553918792314102 0.62692168986205 0.13904724842449526 0.598791478331002 0.13904724842449526
0 0.5808888681161412 0.2640489189047705 0.5974856929194593 0.2640489189047705 0.5974856929194593 0.30193093709991514 0.5808888681161412 0.30193093709991514
0 0.591501559151437 0.5227049637130304 0.6220030984279783 0.5459442282108339 0.6150248521297139 0.5622268053747641 0.5845233128531726 0.5389875408769607
0 0.38453999162942604 0.5457261037023311 0.40423113970115965 0.5457261037023311 0.40423113970115965 0.5862336083070402 0.38453999162942604 0.5862336083070402
0 0.48456561175056506 0.5618906154955224 0.5038995304633017 0.5618906154955224 0.5038995304633017 0.595180806656526 0.48456561175056506 0.595180806656526
0 0.5412869757023793 0.5606955829923069 0.5691995208175776 0.5606955829923069 0.5691995208175776 0.5777674758953857 0.5412869757023793 0.5777674758953857
0 0.5805950093303831 0.5548911394052601 0.6040261823398586 0.5548911394052601 0.6040261823398586 0.5758895676760469 0.5805950093303831 0.5758895676760469
0 0.5965186243786874 0.5887460830084105 0.6134710693860076 0.5663360166735306 0.6249198621653319 0.5817326713805068 0.6079674171580117 0.6041427377153867
0 0.613028699945762 0.5977783461227731 0.6360373311405407 0.5782558733396453 0.6434179623482444 0.5937200547318481 0.6204093311534657 0.6132425275149759
0 0.7190064463627537 0.612525019409197 0.7522257755748735 0.6052936013206357 0.7545638488618003 0.6243878678581959 0.7213445196496804 0.6316192859467572
0 0.7396689035436554 0.6260841145286706 0.7540602745671489 0.6260841145286706 0.7540602745671489 0.6679499215792201 0.7396689035436554 0.6679499215792201
0 0.60098841768871 0.6785749561688018 0.6214455734065922 0.6785749561688018 0.6214455734065922 0.7115601372568746 0.60098841768871 0.7115601372568746
0 0.618472149610389 0.7223437543828982 0.6336960794469524 0.7223437543828982 0.6336960794469524 0.7607207440207787 0.618472149610389 0.7607207440207787
0 0.6934024292747233 0.7201235977899415 0.7061286831224753 0.7201235977899415 0.7061286831224753 0.7540602747172808 0.6934024292747233 0.7540602747172808
0 0.816191174024505 0.28863259934628405 0.8376860592210398 0.28863259934628405 0.8376860592210398 0.3455848592687263 0.816191174024505 0.3455848592687263
0 0.965235096920792 0.716726794739405 0.9802857561806929 0.716726794739405 0.9802857561806929 0.7616667914027714 0.965235096920792 0.7616667914027714
0 0.8711154812673267 0.5697532207460058 0.8940094418316832 0.5697532207460058 0.8940094418316832 0.6135626514555768 0.8711154812673267 0.6135626514555768
0 0.8162123721361386 0.6192154812245536 0.8314750125123763 0.6192154812245536 0.8314750125123763 0.6522845353730685 0.8162123721361386 0.6522845353730685
0 0.8463136906559408 0.6443705736965009 0.8643320855445545 0.6443705736965009 0.8643320855445545 0.6712215150991411 0.8463136906559408 0.6712215150991411
0 0.8700555756856437 0.6627422704456758 0.9048204787648517 0.6627422704456758 0.9048204787648517 0.6881800044060719 0.8700555756856437 0.6881800044060719
0 0.8302031258143565 0.6782875523103623 0.8689956701039606 0.6782875523103623 0.8689956701039606 0.6958113245941906 0.8302031258143565 0.6958113245941906
0 0.8703944636782179 0.6972765520033005 0.8875649341014852 0.6972765520033005 0.8875649341014852 0.7258233423366338 0.8703944636782179 0.7258233423366338
0 0.8210028635717822 0.718474663636964 0.8494083331608909 0.718474663636964 0.8494083331608909 0.7379769263399343 0.8210028635717822 0.7379769263399343
0 0.7890228584413638 0.6433190499807908 0.7974105077022622 0.6520651449738248 0.7838850678019688 0.6751249135165485 0.7754974185410703 0.6663788185235145
0 0.7552021639065668 0.6262783446915062 0.7688743187472133 0.6262783446915062 0.7688743187472133 0.665747806983771 0.7552021639065668 0.665747806983771
0 0.7597644722311362 0.6685283562789688 0.7777566217601944 0.6476390221907108 0.7835579889536106 0.6565221576341896 0.7655658394245524 0.6774114917224475
0 0.2543930770469642 0.8250986489373952 0.2673786207933141 0.8250986489373952 0.2673786207933141 0.8658704637108808 0.2543930770469642 0.8658704637108808
0 0.4225768129875924 0.8519075134459885 0.44184568435314386 0.8519075134459885 0.44184568435314386 0.891003774187687 0.4225768129875924 0.891003774187687
0 0.4049834956538281 0.8195134688314382 0.4320018044163948 0.8195134688314382 0.4320018044163948 0.8387823401969897 0.4049834956538281 0.8387823401969897
0 0.4116857117809765 0.7890742372539727 0.4399606860673836 0.7890742372539727 0.4399606860673836 0.8136490297201834 0.4116857117809765 0.8136490297201834
0 0.43640013374983594 0.7385283572950625 0.4537840068296269 0.7385283572950625 0.4537840068296269 0.7753905459943783 0.43640013374983594 0.7753905459943783
0 0.4133612658127636 0.7410416883427432 0.4303262503846078 0.7410416883427432 0.4303262503846078 0.7751112869890805 0.4133612658127636 0.7751112869890805
0 0.5017467409895321 0.9142674853735611 0.5249950531805779 0.9142674853735611 0.5249950531805779 0.9472200479987071 0.5017467409895321 0.9472200479987071
0 0.48268731387795405 0.8860623258384784 0.5017467409895321 0.8860623258384784 0.5017467409895321 0.9167808164212418 0.48268731387795405 0.9167808164212418
0 0.4641304871383074 0.9280950459746972 0.47513862679130203 0.9161098538332583 0.4980151053635856 0.9534637215312697 0.487006965710591 0.9654489136727086
0 0.45483122809949383 0.9516881920834726 0.4814306483541137 0.9516881920834726 0.4814306483541137 0.9715155814596197 0.45483122809949383 0.9715155814596197
0 0.4223673687336192 0.9310230256914319 0.4420551286071173 0.9310230256914319 0.4420551286071173 0.9787763155973638 0.4223673687336192 0.9787763155973638
0 0.5323256020696463 0.9597867032371101 0.5505472519655893 0.9597867032371101 0.5505472519655893 1.0 0.5323256020696463 1.0
0 0.5825922230232587 0.8059149913179965 0.6163127479129739 0.8059149913179965 0.6163127479129739 0.8357957048848661 0.5825922230232587 0.8357957048848661
0 0.6401893928659397 0.7824572348729774 0.6550599348980501 0.7824572348729774 0.6550599348980501 0.8265801577100372 0.6401893928659397 0.8265801577100372
0 0.5823827787692866 0.7132010015591113 0.5972533205836729 0.7132010015591113 0.5972533205836729 0.7587202194226603 0.5823827787692866 0.7587202194226603
0 0.550547252165331 0.6819239929657522 0.5631139074037341 0.6819239929657522 0.5631139074037341 0.711804706532622 0.550547252165331 0.711804706532622
0 0.5704444562928025 0.6791314029127739 0.584267777055046 0.6791314029127739 0.584267777055046 0.7190654406703659 0.5704444562928025 0.7190654406703659
0 0.4489667890659973 0.6875091730717098 0.46237122124253593 0.6875091730717098 0.46237122124253593 0.7307943188928762 0.4489667890659973 0.7307943188928762
0 0.45525011660744064 0.6322158900227357 0.49295008232265003 0.6322158900227357 0.49295008232265003 0.6514847613882871 0.45525011660744064 0.6514847613882871
0 0.48980841851304924 0.6472958763088195 0.5050978490531064 0.6472958763088195 0.5050978490531064 0.6827617699816461 0.48980841851304924 0.6827617699816461
0 0.5275021955653051 0.6501646527431996 0.5371408302976249 0.6574828747399851 0.5280453988210807 0.6787794967333872 0.5184067640887609 0.6714612747366017
0 0.5333728233395133 0.6676817836955622 0.5476150326097035 0.6676817836955622 0.5476150326097035 0.6911395401405813 0.5333728233395133 0.6911395401405813
0 0.6339060652467381 0.6316573720121399 0.6491954957867953 0.6316573720121399 0.6491954957867953 0.6528810564147763 0.6339060652467381 0.6528810564147763
0 0.6112860858176126 0.6176944217472475 0.6372571733103123 0.6176944217472475 0.6372571733103123 0.6327744080333313 0.6112860858176126 0.6327744080333313
0 0.5800788919755783 0.6202077527949281 0.5922266587060344 0.6202077527949281 0.5922266587060344 0.646178840287628 0.5800788919755783 0.646178840287628
0 0.575052229880217 0.598704809386994 0.5888755506424603 0.598704809386994 0.5888755506424603 0.6218833068267152 0.575052229880217 0.6218833068267152
0 0.5674780145889954 0.6170859750766974 0.5801323985547187 0.637574023176355 0.5617423999483474 0.6577669649224391 0.5490880159826241 0.6372789168227815
