0 0.5212957100564674 0.4509623032752257 0.5742722754347697 0.4509623032752257 0.5742722754347697 0.5256971008624735 0.5212957100564674 0.5256971008624735
0 0.5175116696723028 0.5256971008624737 0.571118908447966 0.5256971008624737 0.571118908447966 0.5564424289838095 0.5175116696723028 0.5564424289838095
0 0.6203114334421036 0.42920407106628006 0.6606745308731911 0.42920407106628006 0.6606745308731911 0.4812346263485412 0.6203114334421036 0.4812346263485412
0 0.3604739937294785 0.47839659606041784 0.4115585389156986 0.47839659606041784 0.4115585389156986 0.535630206870905 0.3604739937294785 0.535630206870905
0 0.24253806842301998 0.458057378995534 0.36110466712683903 0.458057378995534 0.36110466712683903 0.5006278333173841 0.24253806842301998 0.5006278333173841
0 0.7849171901532571 0.4566383638514723 0.828433654571148 0.4566383638514723 0.828433654571148 0.5342111917268434 0.7849171901532571 0.5342111917268434
0 0.02678121731800163 0.4280122596100423 0.09289734757181782 0.4280122596100423 0.09289734757181782 0.5033344333169215 0.02678121731800163 0.5033344333169215
0 0.05717270051866933 0.6525573748855017 0.18991851091833836 0.6525573748855017 0.18991851091833836 0.6929725597349061 0.05717270051866933 0.6929725597349061
0 0.21029039271234704 0.6185494754390519 0.2727203530488251 0.6185494754390519 0.2727203530488251 0.6762150440656409 0.21029039271234704 0.6762150440656409
0 0.4389811947870242 0.6047491684173041 0.4869536906245284 0.6047491684173041 0.4869536906245284 0.6939582959507453 0.4389811947870242 0.6939582959507453
0 0.8587266345034168 0.6303076798868066 0.9633735719082934 0.6303076798868066 0.9633735719082934 0.6983281891999764 0.8587266345034168 0.6983281891999764
0 0.013855894540015476 0.13547909236233907 0.08313536724009284 0.13547909236233907 0.08313536724009284 0.18639950479689593 0.013855894540015476 0.18639950479689593
0 0.17181309229619188 0.18120354434439012 0.2286222599102553 0.18120354434439012 0.2286222599102553 0.22588880423594007 0.17181309229619188 0.22588880423594007
0 0.8576798720269578 0.0 0.946357597083057 0.0 0.946357597083057 0.04676364407255222 0.8576798720269578 0.04676364407255222
