0 0.02205468647057919 0.5563099475394407 0.06149864496603813 0.5563099475394407 0.06149864496603813 0.5906643630032276 0.02205468647057919 0.5906643630032276
0 0.05174368748866657 0.49368567407219577 0.07888791699091789 0.49368567407219577 0.07888791699091789 0.5248591251411876 0.05174368748866657 0.5248591251411876
0 0.13996243337098332 0.48350658800885155 0.18025464903838762 0.48350658800885155 0.18025464903838762 0.5121352675620073 0.13996243337098332 0.5121352675620073
0 0.20146107833702145 0.3931671991966714 0.2468428370360979 0.3931671991966714 0.2468428370360979 0.42688542178149913 0.20146107833702145 0.42688542178149913
0 0.2604149517872239 0.379807148738532 0.3291237827147986 0.379807148738532 0.3291237827147986 0.40143770662313844 0.2604149517872239 0.40143770662313844
0 0.3189446966514529 0.28628679553155684 0.35202672635732174 0.28628679553155684 0.35202672635732174 0.33336506857452397 0.3189446966514529 0.33336506857452397
0 0.16541014852934396 0.21535128952762667 0.21672970743203787 0.21535128952762667 0.21672970743203787 0.2665648162838274 0.16541014852934396 0.2665648162838274
0 0.38468462747721793 0.33113839349816737 0.42836987183240366 0.33113839349816737 0.42836987183240366 0.3569042050960075 0.38468462747721793 0.3569042050960075
0 0.4321870291061576 0.34258986531942964 0.47629640204731594 0.34258986531942964 0.47629640204731594 0.36771948403831073 0.4321870291061576 0.36771948403831073
0 0.4818100736649608 0.2754715165892537 0.5106508175111028 0.2754715165892537 0.5106508175111028 0.3117345106899174 0.4818100736649608 0.3117345106899174
0 0.5441569758029443 0.3225497896322207 0.5959006632916107 0.3225497896322207 0.5959006632916107 0.35563181933808946 0.5441569758029443 0.35563181933808946
0 0.6383135218888785 0.3034640032634502 0.6709714230087745 0.3034640032634502 0.6709714230087745 0.35626801221704846 0.6383135218888785 0.35626801221704846
0 0.34948195484148564 0.35722230153548706 0.3978326136423708 0.35722230153548706 0.3978326136423708 0.4259311324630607 0.34948195484148564 0.4259311324630607
0 0.40377041384598833 0.3848966917702042 0.4351559292079668 0.3848966917702042 0.4351559292079668 0.46092174080580645 0.40377041384598833 0.46092174080580645
0 0.08182609381897445 0.19726691126130888 0.12295561187613092 0.19726691126130888 0.12295561187613092 0.25831177490403584 0.08182609381897445 0.25831177490403584
0 0.358952801509558 0.5518506394301677 0.4229831229003764 0.5159457863138195 0.4412723863473073 0.5342922037090214 0.37724206495648893 0.5701970568253696
0 0.49093180716347523 0.5608305511746589 0.5664691083252089 0.5608305511746589 0.5664691083252089 0.5922584793952341 0.49093180716347523 0.5922584793952341
0 0.39940485831057154 0.5533870944908382 0.4754935266340698 0.5533870944908382 0.4754935266340698 0.5786121421415632 0.39940485831057154 0.5786121421415632
0 0.5039495858527346 0.10420839357348669 0.5519185289262444 0.10420839357348669 0.5519185289262444 0.15424496350361325 0.5039495858527346 0.15424496350361325
0 0.5668054422938853 0.1637560470440505 0.6373804389997386 0.1637560470440505 0.6373804389997386 0.187326993209482 0.5668054422938853 0.187326993209482
0 0.6445482121026768 0.04011196101836591 0.6776302418085458 0.04011196101836591 0.6776302418085458 0.08394565037864204 0.6445482121026768 0.08394565037864204
0 0.2210982318675564 0.060788229584533914 0.28671092411752946 0.060788229584533914 0.28671092411752946 0.09924608911760636 0.2210982318675564 0.09924608911760636
0 0.13563632179406204 0.07443456683820478 0.1808484290587494 0.07443456683820478 0.1808484290587494 0.12984696659553502 0.13563632179406204 0.12984696659553502
0 0.7395681096110341 0.3015317852148001 0.7677093588080358 0.3015317852148001 0.7677093588080358 0.3545981408434321 0.7395681096110341 0.3545981408434321
0 0.812735357523239 0.331080096871652 0.8891187482008153 0.331080096871652 0.8891187482008153 0.364246569139547 0.812735357523239 0.364246569139547
0 0.8872789269912676 0.28972389736161935 0.9652108909514809 0.31894838384669727 0.9457938035599511 0.3480740149339941 0.8678618395997378 0.3188495284489162
0 0.8667504752676556 0.3913643727611607 0.9190127952049445 0.3913643727611607 0.9190127952049445 0.46071245113948656 0.8667504752676556 0.46071245113948656
0 0.7766984778372498 0.5342817168973626 0.8603181897369123 0.5342817168973626 0.8603181897369123 0.6012176882016598 0.7766984778372498 0.6012176882016598
0 0.8249406193178239 0.6132782235718034 0.8538859042061687 0.6132782235718034 0.8538859042061687 0.6440325887656697 0.8249406193178239 0.6440325887656697
0 0.9455459730192604 0.49629103048141027 0.9978082929565496 0.49629103048141027 0.9978082929565496 0.5493573861100421 0.9455459730192604 0.5493573861100421
0 0.5644330553227217 0.8255436460863314 0.6022227328158384 0.8255436460863314 0.6022227328158384 0.861122225428255 0.5644330553227217 0.861122225428255
0 0.00042412858597267676 0.7112387908089737 0.03901982990948626 0.7112387908089737 0.03901982990948626 0.7513189421833918 0.00042412858597267676 0.7513189421833918
0 0.0011027343235289597 0.17151729223662357 0.022606053632343668 0.17151729223662357 0.022606053632343668 0.20956162639837267 0.0011027343235289597 0.20956162639837267
