0 0.00807676578190947 0.2884995171227916 0.04411156696273635 0.2884995171227916 0.04411156696273635 0.35280299854030167 0.00807676578190947 0.35280299854030167
0 0.0801463681435632 0.28943145163608885 0.11618116932439009 0.28943145163608885 0.11618116932439009 0.352337031283653 0.0801463681435632 0.352337031283653
0 0.1602927362871264 0.3509391295137071 0.24665200118600458 0.3509391295137071 0.24665200118600458 0.3830908702224621 0.1602927362871264 0.3830908702224621
0 0.3292835280316938 0.291761287919332 0.36593961888805215 0.291761287919332 0.36593961888805215 0.33696011181424834 0.3292835280316938 0.33696011181424834
0 0.4870911056166942 0.2824419427863595 0.5193981687443321 0.2824419427863595 0.5193981687443321 0.3113319126985742 0.4870911056166942 0.3113319126985742
0 0.39576152331356407 0.3416197843807346 0.440494379951832 0.3416197843807346 0.440494379951832 0.37097572154959796 0.39576152331356407 0.37097572154959796
0 0.4827420778879737 0.33509624278765393 0.5312026725794305 0.33509624278765393 0.5312026725794305 0.3700437870363007 0.4827420778879737 0.3700437870363007
0 0.4895762643188202 0.1706098011906899 0.5684800531113204 0.1706098011906899 0.5684800531113204 0.19484009853641834 0.4895762643188202 0.19484009853641834
0 0.009319345132972466 0.16075870354377503 0.04286898761167334 0.16075870354377503 0.04286898761167334 0.1947743132791245 0.009319345132972466 0.1947743132791245
0 0.15345854985627994 0.14538178407437047 0.19259979941476427 0.14538178407437047 0.19259979941476427 0.18079529557966584 0.15345854985627994 0.18079529557966584
0 0.28144422301576844 0.04892656194810544 0.3466796389465758 0.04892656194810544 0.3466796389465758 0.0880678115065898 0.28144422301576844 0.0880678115065898
0 0.4858485262656312 0.09505732035631916 0.5430071764145289 0.09505732035631916 0.5430071764145289 0.14072211150788422 0.4858485262656312 0.14072211150788422
0 0.6504902902814781 0.07175895752388799 0.696465726270809 0.07175895752388799 0.696465726270809 0.10624053451588611 0.6504902902814781 0.10624053451588611
0 0.06150767787761827 0.512098015056837 0.09505732035631916 0.512098015056837 0.09505732035631916 0.5409879849690516 0.06150767787761827 0.5409879849690516
0 0.1658843433669099 0.47901433983478475 0.22739202124452818 0.47901433983478475 0.22739202124452818 0.5060404407204049 0.1658843433669099 0.5060404407204049
0 0.38085057110080806 0.4338155159398683 0.43117503481885944 0.4338155159398683 0.43117503481885944 0.48973158673770306 0.38085057110080806 0.48973158673770306
0 0.2435455528083471 0.4123810221340316 0.3007042029572449 0.4123810221340316 0.3007042029572449 0.4501243699225701 0.2435455528083471 0.4501243699225701
0 0.33922416284019774 0.3751036416021417 0.3771228330476191 0.3751036416021417 0.3771228330476191 0.4417369593028948 0.33922416284019774 0.4417369593028948
0 0.37836541239868215 0.364852361955872 0.40321699941994193 0.364852361955872 0.40321699941994193 0.42729197434678756 0.37836541239868215 0.42729197434678756
0 0.3845783091539971 0.5335325088626737 0.4703162843773437 0.5335325088626737 0.4703162843773437 0.5875847106339139 0.3845783091539971 0.5875847106339139
0 0.4715588637284068 0.5777993982442928 0.5051085062071078 0.5777993982442928 0.5051085062071078 0.625794025679101 0.4715588637284068 0.625794025679101
0 0.3187216035476582 0.5736056929344543 0.40756602714866225 0.5736056929344543 0.40756602714866225 0.604825499129912 0.3187216035476582 0.604825499129912
0 0.0005771224912742776 0.5741033788432244 0.04790116677576504 0.5741033788432244 0.04790116677576504 0.5979096816082884 0.0005771224912742776 0.5979096816082884
0 0.7066204668228493 0.3278836172986617 0.7419673985309396 0.3278836172986617 0.7419673985309396 0.3610213657749965 0.7066204668228493 0.3610213657749965
0 0.750804131457962 0.31772137443258575 0.7861510631660525 0.31772137443258575 0.7861510631660525 0.3667652421775612 0.750804131457962 0.3667652421775612
0 0.8409388073135929 0.34732442973811145 0.8756966234932153 0.34732442973811145 0.8756966234932153 0.4052050304101095 0.8409388073135929 0.4052050304101095
0 0.9122217862582419 0.34555708315270695 0.979970072032082 0.34555708315270695 0.979970072032082 0.3756019751045838 0.9122217862582419 0.3756019751045838
0 0.9054705672555832 0.4338835867168101 0.9525998095330369 0.4338835867168101 0.9525998095330369 0.49132235074245706 0.9054705672555832 0.49132235074245706
0 0.9631479390149978 0.4528287680152598 0.9971046380394193 0.46147370744579097 0.9653241888107648 0.5316913216198974 0.9313674897863433 0.5230463821893662
0 0.8224052777415706 0.5951539626349727 0.8654107113197474 0.5951539626349727 0.8654107113197474 0.6331519142211699 0.8224052777415706 0.6331519142211699
0 0.6014869545660054 0.779399844163394 0.636833886274096 0.779399844163394 0.636833886274096 0.8151886125178358 0.6014869545660054 0.8151886125178358
0 -1.9428902930940237e-18 0.7262679419341602 0.025368021594473728 0.7262679419341602 0.025368021594473728 0.7548882736792994 -1.9428902930940237e-18 0.7548882736792994
