0 0.0 0.01102478529230643 0.02303392641428308 0.01102478529230643 0.02303392641428308 0.09134822099339614 0.0 0.09134822099339614
0 0.21084901871536046 0.0 0.25101073656590533 0.0 0.25101073656590533 0.07244858906372796 0.21084901871536046 0.07244858906372796
0 0.32365619679556734 0.10709791426811961 0.3685428226285292 0.10709791426811961 0.3685428226285292 0.1945087119428349 0.32365619679556734 0.1945087119428349
0 0.3726771171131442 0.18269644198679227 0.4075233134834699 0.18269644198679227 0.4075233134834699 0.23073300647469883 0.3726771171131442 0.23073300647469883
0 0.3685428226285293 0.2645948470153543 0.4376446018713785 0.2645948470153543 0.4376446018713785 0.29688171822853743 0.3685428226285293 0.29688171822853743
0 0.2681385280021671 0.24569521508568612 0.3561399391746845 0.24569521508568612 0.3561399391746845 0.3055440495296354 0.2681385280021671 0.3055440495296354
0 0.1700966873670135 0.32444368145930347 0.22384251566700736 0.32444368145930347 0.22384251566700736 0.3559430680087505 0.1700966873670135 0.3559430680087505
0 0.0 0.3354684667516101 0.08682018417691313 0.3354684667516101 0.08682018417691313 0.37169276128347395 0.0 0.37169276128347395
0 0.202355267711043 0.37253682768551794 0.2537386420198283 0.37253682768551794 0.2537386420198283 0.48040491926212625 0.202355267711043 0.48040491926212625
0 0.35200564469006956 0.3496431906988611 0.39393920303402086 0.3496431906988611 0.39393920303402086 0.44414135034720187 0.35200564469006956 0.44414135034720187
0 0.4370539883735763 0.33231852809666507 0.46953773075269356 0.33231852809666507 0.46953773075269356 0.43154159572742307 0.4370539883735763 0.43154159572742307
0 0.22888153384062487 0.45719929713793245 0.25234863602591057 0.4788407982037757 0.20910277880006503 0.5622077778495793 0.18563567661477934 0.5405662767837361
0 0.24832833738105461 0.5139976785913618 0.26738147679451546 0.5385689403486092 0.23005543453278432 0.5900240494551818 0.21100229511932347 0.5654527876979344
0 0.27378904665654125 0.5401226172067043 0.36714891486364043 0.5401226172067043 0.36714891486364043 0.5847223403430727 0.27378904665654125 0.5847223403430727
0 0.47928060683858414 0.47928060683858414 0.5147274017193545 0.47928060683858414 0.5147274017193545 0.6070887686622065 0.47928060683858414 0.6070887686622065
0 0.6020962623409714 0.49991629963302303 0.6430348141751004 0.49991629963302303 0.6430348141751004 0.577799398244293 0.6020962623409714 0.577799398244293
0 0.7528699532422759 0.4826089443860743 0.8057905202473696 0.4826089443860743 0.8057905202473696 0.5545010354118619 0.7528699532422759 0.5545010354118619
0 0.6365445559574945 0.5797964007727872 0.6694950976776473 0.5797964007727872 0.6694950976776473 0.6769838571595002 0.6365445559574945 0.6769838571595002
0 0.6235640395222829 0.7089358976154055 0.6734891027346352 0.7089358976154055 0.6734891027346352 0.8227650417395694 0.6235640395222829 0.8227650417395694
0 0.5831247383202773 0.9014812085942912 0.6290557964756417 0.9014812085942912 0.6290557964756417 0.9993343324905021 0.5831247383202773 0.9993343324905021
0 0.9505741874197711 0.7417210063147631 0.9955067443108886 0.7417210063147631 0.9955067443108886 0.7903147345081195 0.9505741874197711 0.7903147345081195
