0 0.14323271059059672 0.9658496083545568 0.15030593086667557 0.9658496083545568 0.15030593086667557 0.9704914091607335 0.14323271059059672 0.9704914091607335
0 0.1556108460737347 0.7582713174090155 0.16135783754804875 0.7582713174090155 0.16135783754804875 0.7619184466138688 0.1556108460737347 0.7619184466138688
0 0.13571741404726292 0.6767082461004812 0.14146440552157705 0.6767082461004812 0.14146440552157705 0.6826762757084228 0.13571741404726292 0.6826762757084228
0 0.24933101473177946 0.5812197723734167 0.2533097011370738 0.5812197723734167 0.2533097011370738 0.5865246875804759 0.24933101473177946 0.5865246875804759
0 0.3558713951402172 0.3461457172606087 0.3607342340800214 0.3461457172606087 0.3607342340800214 0.3501244036659031 0.3558713951402172 0.3501244036659031
0 0.5172292326882659 0.3192015384594229 0.5198816902917954 0.3192015384594229 0.5198816902917954 0.32359982763060774 0.5172292326882659 0.32359982763060774
0 0.5797603773257115 0.1390796287401135 0.5867537159492366 0.1390796287401135 0.5867537159492366 0.14199351983324898 0.5797603773257115 0.14199351983324898
0 0.6885456448027676 0.09420570590582783 0.6943734269890388 0.09420570590582783 0.6943734269890388 0.0994507098734716 0.6885456448027676 0.0994507098734716
0 0.703697878487072 0.08371569797054028 0.7071945477988345 0.08371569797054028 0.7071945477988345 0.08750375639161631 0.703697878487072 0.08750375639161631
0 0.7592560686628543 0.09915932076415805 0.7654723696615434 0.09915932076415805 0.7654723696615434 0.1029473791852342 0.7592560686628543 0.1029473791852342
0 0.832548391847817 0.0773051375656423 0.8360450611595797 0.0773051375656423 0.8360450611595797 0.08080180687740482 0.832548391847817 0.08080180687740482
0 0.8581906334674089 0.08284153064259964 0.8628528592164257 0.08284153064259964 0.8628528592164257 0.0860468108450486 0.8581906334674089 0.0860468108450486
0 0.8636298968412618 0.098576542545531 0.8698461978399505 0.098576542545531 0.8698461978399505 0.10149043363866643 0.8636298968412618 0.10149043363866643
0 0.9044717953092386 0.18532347352341363 0.9087455022458374 0.18532347352341363 0.9087455022458374 0.19027708838174387 0.9044717953092386 0.19027708838174387
0 0.7339120366577113 0.3181969073703894 0.7428479693433264 0.3181969073703894 0.7428479693433264 0.3211107984635249 0.7339120366577113 0.3211107984635249
0 0.6799079217316013 0.4694278551041185 0.6888438544172167 0.4694278551041185 0.6888438544172167 0.47234174619725383 0.6799079217316013 0.47234174619725383
0 0.8831032606262456 0.46272590558990706 0.8904851180621888 0.46272590558990706 0.8904851180621888 0.4656397966830424 0.8831032606262456 0.4656397966830424
0 0.9289484804915764 0.6550427177368456 0.9343877438654293 0.6550427177368456 0.9343877438654293 0.6591221652672352 0.9289484804915764 0.6591221652672352
0 0.8681247006171929 0.8389092457136904 0.8718362150661211 0.8389092457136904 0.8718362150661211 0.8418231368068256 0.8681247006171929 0.8418231368068256
0 0.9694722137003474 0.9602417558329563 0.9746385392135789 0.9602417558329563 0.9746385392135789 0.964621901376783 0.9694722137003474 0.964621901376783
0 0.5003557750998165 0.36506011787087705 0.5037580129178116 0.36506011787087705 0.5037580129178116 0.3679520200161729 0.5003557750998165 0.3679520200161729
