0 0.24971574807312208 0.8733579252907523 0.26018761522015177 0.8733579252907523 0.26018761522015177 0.9152453938788709 0.24971574807312208 0.9152453938788709
0 0.3638039848854983 0.8134661938884419 0.3888813509481221 0.8134661938884419 0.3888813509481221 0.8446980783620394 0.3638039848854983 0.8446980783620394
0 0.37152009752015175 0.786276082699663 0.40128224625381514 0.786276082699663 0.40128224625381514 0.8112615902785408 0.37152009752015175 0.8112615902785408
0 0.3773071819961419 0.6786179397494981 0.39439285997287454 0.6786179397494981 0.39439285997287454 0.6984593722386071 0.3773071819961419 0.6984593722386071
0 0.421123678742924 0.6962547686287058 0.43958723397584476 0.6962547686287058 0.43958723397584476 0.7304261245821713 0.421123678742924 0.7304261245821713
0 0.43628032856099286 0.6709018268700815 0.4599798173674285 0.6709018268700815 0.4599798173674285 0.6881712222120454 0.43628032856099286 0.6881712222120454
0 0.4756876180879735 0.6738412985947125 0.4941511733208944 0.6738412985947125 0.4941511733208944 0.7091149563531283 0.4756876180879735 0.7091149563531283
0 0.5004894086993597 0.6844968827092339 0.524464472957033 0.6844968827092339 0.524464472957033 0.7083800884831614 0.5004894086993597 0.7083800884831614
0 0.4988359559919339 0.7690066877554388 0.5261179256644587 0.7690066877554388 0.5261179256644587 0.7914201577894322 0.4988359559919339 0.7914201577894322
0 0.5740680541798051 0.8182428350432275 0.5930827603152012 0.8182428350432275 0.5930827603152012 0.8465352480369569 0.5740680541798051 0.8465352480369569
0 0.5718634505699043 0.708012654548178 0.5886735530953991 0.708012654548178 0.5886735530953991 0.75761623577095 0.5718634505699043 0.75761623577095
0 0.4610377299205444 0.6316189342366336 0.47481650248242563 0.6316189342366336 0.47481650248242563 0.6687297616699669 0.4610377299205444 0.6687297616699669
0 0.4445032028462871 0.6047962569828382 0.4654469371403465 0.6047962569828382 0.4654469371403465 0.6250051234069307 0.4445032028462871 0.6250051234069307
0 0.47591880428737615 0.5562949775650164 0.4907998786542079 0.5562949775650164 0.4907998786542079 0.5827502208838283 0.47591880428737615 0.5827502208838283
0 0.4974136894839108 0.5915686353234324 0.5153260938143563 0.5915686353234324 0.5153260938143563 0.6110426338775578 0.4974136894839108 0.6110426338775578
0 0.5144993674606435 0.5364535450759076 0.5235933573514852 0.5364535450759076 0.5235933573514852 0.563276222329703 0.5144993674606435 0.563276222329703
0 0.48060358695841576 0.5081611320821782 0.5015473212524751 0.5081611320821782 0.5015473212524751 0.5335140735960396 0.48060358695841576 0.5335140735960396
0 0.5316460375291399 0.4563792749394573 0.5437819232530028 0.46616956816694577 0.5325121361741649 0.49100484257927596 0.520376250450302 0.4812145493517875
0 0.5396133507197487 0.4785398922966266 0.550415574006756 0.48260913094931895 0.5448803555713457 0.5087314798798898 0.5340781322843384 0.5046622412271974
0 0.6194433588791313 0.4582064658392149 0.6414148850453936 0.4582064658392149 0.6414148850453936 0.48550442259123777 0.6194433588791313 0.48550442259123777
0 0.6617375999331778 0.4988641392513679 0.6815771423198106 0.5147357716121226 0.6736984183421698 0.5322440488262253 0.653858875955537 0.5163724164654706
0 0.649491629551179 0.5299798432831764 0.6621419021923604 0.5299798432831764 0.6621419021923604 0.5594971461125996 0.649491629551179 0.5594971461125996
0 0.667468332778121 0.5337527316147568 0.6914372704140435 0.5337527316147568 0.6914372704140435 0.5594971461125996 0.667468332778121 0.5594971461125996
0 0.6714631557174413 0.56482357669836 0.6872759965189181 0.56482357669836 0.6872759965189181 0.583909952964002 0.6714631557174413 0.583909952964002
0 0.6110414587602199 0.5506197618029985 0.6260220447826715 0.5506197618029985 0.6260220447826715 0.5763641763008414 0.6110414587602199 0.5763641763008414
0 0.5897357364171776 0.5397449659498186 0.6020531070231556 0.5397449659498186 0.6020531070231556 0.5614945575083409 0.5897357364171776 0.5614945575083409
0 0.2721006193092581 0.1628972084284454 0.2917616255450617 0.1628972084284454 0.2917616255450617 0.21759202438038447 0.2721006193092581 0.21759202438038447
0 0.47235160950363203 0.1904064354134699 0.5056054103264825 0.1904064354134699 0.5056054103264825 0.21467928272941914 0.47235160950363203 0.21467928272941914
0 0.41579387452221117 0.3116633595367888 0.43861035099920354 0.3116633595367888 0.43861035099920354 0.35826722638341146 0.41579387452221117 0.35826722638341146
0 0.20170736119553856 0.5378862965214362 0.22064018210197903 0.5378862965214362 0.22064018210197903 0.5948465782228638 0.20170736119553856 0.5948465782228638
0 0.5317296986036417 0.5628106040196088 0.5490393992275798 0.5628106040196088 0.5490393992275798 0.5838832830400553 0.5317296986036417 0.5838832830400553
0 0.596954657476452 0.6210113365522704 0.6152678190061258 0.6210113365522704 0.6152678190061258 0.6531220855358079 0.596954657476452 0.6531220855358079
0 0.6160204146854275 0.6325511369682291 0.6276856477146031 0.6325511369682291 0.6276856477146031 0.6621532336874277 0.6160204146854275 0.6621532336874277
0 0.5896795659098694 0.5925799442230967 0.5997141749672248 0.5925799442230967 0.5997141749672248 0.6186699277722207 0.5896795659098694 0.6186699277722207
0 0.6918684877620862 0.6204476386251983 0.714156270744378 0.6204476386251983 0.714156270744378 0.6648789470947509 0.6918684877620862 0.6648789470947509
0 0.8310048417195006 0.5872684145518494 0.8528598522166992 0.5872684145518494 0.8528598522166992 0.6190050634586727 0.8310048417195006 0.6190050634586727
0 0.8710362965906071 0.5826521747108568 0.895487941998364 0.5826521747108568 0.895487941998364 0.6230442733195412 0.8710362965906071 0.6230442733195412
0 0.952827799124858 0.6022711940350749 0.9692731535583935 0.6022711940350749 0.9692731535583935 0.6464139875145657 0.952827799124858 0.6464139875145657
0 0.9740336508944175 0.622755758329479 0.9880987565635387 0.622755758329479 0.9880987565635387 0.640932202703387 0.9740336508944175 0.640932202703387
0 0.9859348943630128 0.6037137689853849 0.9991344550298138 0.6037137689853849 0.9991344550298138 0.6438173526040071 0.9859348943630128 0.6438173526040071
0 0.7424908430247185 0.4942021770540827 0.7595761361577055 0.4942021770540827 0.7595761361577055 0.536010894367745 0.7424908430247185 0.536010894367745
0 0.7113353084880952 0.5038503425880047 0.7414858257816015 0.5038503425880047 0.7414858257816015 0.5448550461071734 0.7113353084880952 0.5448550461071734
0 0.7426918464733419 0.467669721835797 0.7722393534209782 0.467669721835797 0.7722393534209782 0.48911008968895714 0.7426918464733419 0.48911008968895714
0 0.8335613014411404 0.5105487595033751 0.8576817152759455 0.5105487595033751 0.8576817152759455 0.5424413066849507 0.8335613014411404 0.5424413066849507
0 0.8707469394364648 0.5397612607033057 0.8902442739529323 0.5397612607033057 0.8902442739529323 0.5550375227986822 0.8707469394364648 0.5550375227986822
0 0.7853204737715302 0.5311851135620417 0.8208980841778676 0.5311851135620417 0.8208980841778676 0.577817913642665 0.7853204737715302 0.577817913642665
0 0.3915293486126007 0.047396803447575485 0.40783558802811076 0.047396803447575485 0.40783558802811076 0.09240202506981458 0.3915293486126007 0.09240202506981458
0 0.5835449197659693 0.15326605634238719 0.5990010799478638 0.15326605634238719 0.5990010799478638 0.2052621644414784 0.5835449197659693 0.2052621644414784
0 0.6308491225010171 0.3160982913097193 0.6522499596759479 0.3160982913097193 0.6522499596759479 0.35572947126329496 0.6308491225010171 0.35572947126329496
0 0.7100322200482609 0.3550953723840377 0.7250128060707127 0.3550953723840377 0.7250128060707127 0.3940924534583561 0.7100322200482609 0.3940924534583561
0 0.7875800404066918 0.25872775496839245 0.8099838784793131 0.25872775496839245 0.8099838784793131 0.3113189241529493 0.7875800404066918 0.3113189241529493
0 0.5859471722512665 0.49086617178961506 0.5995383659710486 0.4943818402456844 0.5933954033657595 0.5366005576248201 0.5798042096459773 0.5330848891687507
0 0.595336188075525 0.5070118935587122 0.6057942384598342 0.5021499615970562 0.6087370633016832 0.5134033611687024 0.5982790129173741 0.5182652931303585
0 0.5968183489680654 0.5171714307840545 0.6090438831241342 0.514059476880439 0.6128378955837506 0.5405573437656215 0.6006123614276818 0.543669297669237
0 0.5273596870795868 0.6175254384151292 0.5389419543243148 0.6175254384151292 0.5389419543243148 0.6398103070378974 0.5273596870795868 0.6398103070378974
0 0.5305851287105247 0.5846845793921033 0.544513171480008 0.5846845793921033 0.544513171480008 0.6169389945040045 0.5305851287105247 0.6169389945040045
0 0.4754594009449819 0.6175254384151292 0.48968066578977476 0.6175254384151292 0.48968066578977476 0.6425470452898163 0.4754594009449819 0.6425470452898163
0 0.4811014108064484 0.5858376532416036 0.5046215225979318 0.6171791536415937 0.4945866029620937 0.6305670077231019 0.47106649117061034 0.599225507323112
0 0.6494868303607862 0.01913265460269104 0.6667714444620809 0.01913265460269104 0.6667714444620809 0.06261596051789796 0.6494868303607862 0.06261596051789796
0 0.5425068120797127 0.5213084542265869 0.559990544001391 0.5213084542265869 0.559990544001391 0.5466816706208593 0.5425068120797127 0.5466816706208593
0 0.5350137841132797 0.5079875157120276 0.5652237698827102 0.5079875157120276 0.5652237698827102 0.5221013672389082 0.5350137841132797 0.5221013672389082
