0 0.2130438449422493 0.10931300698949603 0.24432283633058813 0.10931300698949603 0.24432283633058813 0.1262714962964267 0.2130438449422493 0.1262714962964267
0 0.2895454744824029 0.18336507696309357 0.34381264026458114 0.18336507696309357 0.34381264026458114 0.2003235659170009 0.2895454744824029 0.2003235659170009
0 0.43564474752915266 0.2153728142921593 0.4819979516347632 0.2153728142921593 0.4819979516347632 0.23487507690099008 0.43564474752915266 0.23487507690099008
0 0.5291048663762377 0.06076792001650164 0.5615144237183718 0.06076792001650164 0.5615144237183718 0.10175093584158415 0.5291048663762377 0.10175093584158415
0 0.5208140493817381 0.11362187835643564 0.5705589513487349 0.11362187835643564 0.5705589513487349 0.13453734850165017 0.5208140493817381 0.13453734850165017
0 0.1741071568844884 0.20463243763696368 0.19822589723212322 0.20463243763696368 0.19822589723212322 0.2244173418283828 0.1741071568844884 0.2244173418283828
0 0.19106564775842594 0.23261394499339935 0.2253594801232122 0.23261394499339935 0.2253594801232122 0.2504203583891185 0.19106564775842594 0.2504203583891185
0 0.08215445930913091 0.2246999833168317 0.11983999110231021 0.2246999833168317 0.11983999110231021 0.24533281197359735 0.08215445930913091 0.24533281197359735
0 0.13830590168096796 0.26879205504415393 0.1857896717403739 0.26879205504415393 0.1857896717403739 0.28970752566006597 0.13830590168096796 0.28970752566006597
0 0.061804271944938184 0.3024263926167291 0.10325835691743541 0.3024263926167291 0.10325835691743541 0.31938488192365977 0.061804271944938184 0.31938488192365977
0 0.33482145554709314 0.2482896767758314 0.3710575438097656 0.2482896767758314 0.3710575438097656 0.28525048680375725 0.33482145554709314 0.28525048680375725
0 0.18147033001946347 0.3130798025894897 0.2333604084116104 0.3130798025894897 0.2333604084116104 0.33612595472454937 0.18147033001946347 0.33612595472454937
0 0.12871058550901246 0.33656078778370146 0.1672657834204959 0.33656078778370146 0.1672657834204959 0.36156368868494543 0.12871058550901246 0.36156368868494543
0 0.14146568857747313 0.3828705085833968 0.16581633988998903 0.3828705085833968 0.16581633988998903 0.3989593317720234 0.14146568857747313 0.3989593317720234
0 0.11247681796733518 0.37743509534399583 0.14117579987137174 0.37743509534399583 0.14117579987137174 0.40200316318608775 0.11247681796733518 0.40200316318608775
0 0.24611551148007105 0.4056992441888804 0.28467070939155453 0.4056992441888804 0.28467070939155453 0.4252667318507235 0.24611551148007105 0.4252667318507235
0 0.20842997968689173 0.43548530874079716 0.24321662441905725 0.43548530874079716 0.24321662441905725 0.46418429064483374 0.20842997968689173 0.46418429064483374
0 0.1571196787069477 0.46374945758568165 0.18900743655029792 0.46374945758568165 0.18900743655029792 0.4802731138334602 0.1571196787069477 0.4802731138334602
0 0.21132886674790555 0.4741854510053313 0.24263684700685453 0.4741854510053313 0.24263684700685453 0.4894046080756537 0.21132886674790555 0.4894046080756537
0 0.1782815542523483 0.5026670163797918 0.2197356392248455 0.5026670163797918 0.2197356392248455 0.5265828346331556 0.1782815542523483 0.5265828346331556
0 0.14233535469577727 0.5828937157933485 0.1672657834204959 0.5828937157933485 0.1672657834204959 0.6076792001650165 0.14233535469577727 0.6076792001650165
0 0.1516117932910213 0.6311601852506057 0.19190632343911304 0.6311601852506057 0.19190632343911304 0.6518147556689516 0.1516117932910213 0.6518147556689516
0 0.09361370531232831 0.7278550297674004 0.12093643061385732 0.7278550297674004 0.12093643061385732 0.7464710415788205 0.09361370531232831 0.7464710415788205
0 0.2677479749915197 0.7216496926411231 0.29603276796703476 0.7216496926411231 0.29603276796703476 0.7435848382139713 0.2677479749915197 0.7435848382139713
0 0.16072425860720688 0.7982398231911233 0.20056784697940047 0.7982398231911233 0.20056784697940047 0.8176004400762032 0.16072425860720688 0.8176004400762032
0 0.06201009176235753 0.8409241855736902 0.07996776539489546 0.8409241855736902 0.07996776539489546 0.8575490631163131 0.06201009176235753 0.8575490631163131
0 0.11111310560132842 0.8785752614924877 0.14506433231284546 0.8785752614924877 0.14506433231284546 0.8981463198654489 0.11111310560132842 0.8981463198654489
0 0.1720008427616523 0.9132981069929028 0.20567148082266098 0.9132981069929028 0.20567148082266098 0.9349735802446774 0.1720008427616523 0.9349735802446774
0 0.1638637718969086 0.9644353885480597 0.1846273320345306 0.9644353885480597 0.1846273320345306 0.993686755363561 0.1638637718969086 0.993686755363561
0 0.0015609391866997352 0.1708231084437285 0.03679356654363661 0.1708231084437285 0.03679356654363661 0.19039059610557157 0.0015609391866997352 0.19039059610557157
