0 0.03339062193853238 0.8805973877106701 0.043343595785594914 0.8805973877106701 0.043343595785594914 0.8854133427979584 0.03339062193853238 0.8854133427979584
0 0.03724338600836304 0.8519424549413044 0.044627850475538466 0.8519424549413044 0.044627850475538466 0.856999207782957 0.03724338600836304 0.856999207782957
0 0.07994485444898618 0.8423105447667276 0.08700825524367571 0.8423105447667276 0.08700825524367571 0.8492936796432959 0.07994485444898618 0.8492936796432959
0 0.07769740874158496 0.8329194323465156 0.08732931891616162 0.8329194323465156 0.08732931891616162 0.8386985784512615 0.07769740874158496 0.8386985784512615
0 0.06646018020457888 0.8984164215336368 0.07544996303418375 0.8984164215336368 0.07544996303418375 0.9041955676383827 0.06646018020457888 0.9041955676383827
0 0.07866059975904263 0.8791526011844835 0.0905399556410205 0.8791526011844835 0.0905399556410205 0.884690949534865 0.07866059975904263 0.884690949534865
0 0.08122910913892972 0.8700022865186356 0.08700825524367571 0.8700022865186356 0.08700825524367571 0.8765038258864749 0.08122910913892972 0.8765038258864749
0 0.09856654745316769 0.8955268484812637 0.11140909435260321 0.8955268484812637 0.11140909435260321 0.903232376620925 0.09856654745316769 0.903232376620925
0 0.09471378338333704 0.8223243311544812 0.10627207559282902 0.8223243311544812 0.10627207559282902 0.831956241329058 0.09471378338333704 0.831956241329058
0 0.1152618584224339 0.825695499715583 0.11975674983723632 0.825695499715583 0.11975674983723632 0.8300298592941424 0.1152618584224339 0.8300298592941424
0 0.13773631549644605 0.8423105447667276 0.14640503465356505 0.8423105447667276 0.14640503465356505 0.8507384661694822 0.13773631549644605 0.8507384661694822
0 0.15732119951808526 0.9176802418827902 0.16502672765774654 0.9176802418827902 0.16502672765774654 0.9224961969700783 0.15732119951808526 0.9224961969700783
0 0.2717428447143018 0.8753471037300493 0.27899853414723297 0.8753471037300493 0.27899853414723297 0.8816958319838639 0.2717428447143018 0.8816958319838639
0 0.27450691687922796 0.906961179116392 0.2833173969049301 0.906961179116392 0.2833173969049301 0.9102003261846647 0.27450691687922796 0.9102003261846647
0 0.3142404542500413 0.8987985285043443 0.3235691978066671 0.8987985285043443 0.3235691978066671 0.9032037685171955 0.3142404542500413 0.9032037685171955
0 0.4208220528645985 0.8666769288095673 0.42839955606730507 0.8666769288095673 0.42839955606730507 0.8717511497042367 0.4208220528645985 0.8717511497042367
0 0.4265051802666284 0.9172161689204763 0.4313764323255112 0.9172161689204763 0.4313764323255112 0.9228992963225061 0.4265051802666284 0.9228992963225061
0 0.629912222985041 0.8680520957430764 0.6347677230896864 0.8680520957430764 0.6347677230896864 0.8726378458419081 0.629912222985041 0.8726378458419081
0 0.7231200832976329 0.9595664339535007 0.7364944612441523 0.9595664339535007 0.7364944612441523 0.9653951324504637 0.7231200832976329 0.9653951324504637
0 0.869303037195381 0.9399123817283191 0.8763242290532528 0.9399123817283191 0.8763242290532528 0.9452776321102777 0.869303037195381 0.9452776321102777
0 0.9110327623883933 0.9203391534830254 0.9193787074269957 0.9203391534830254 0.9193787074269957 0.9263005427963129 0.9110327623883933 0.9263005427963129
0 0.7768503126059031 0.8404942993650016 0.7873482898032801 0.8404942993650016 0.7873482898032801 0.8459073188573991 0.7768503126059031 0.8459073188573991
0 0.888828736044592 0.8613262228660468 0.8940777246432804 0.8613262228660468 0.8940777246432804 0.8659190878898994 0.888828736044592 0.8659190878898994
0 0.9172607576208215 0.8588657594604114 0.9257903640936903 0.8588657594604114 0.9257903640936903 0.8637866862716819 0.9172607576208215 0.8637866862716819
0 0.4634028370820535 0.6671567649330801 0.4746296068464125 0.6671567649330801 0.4746296068464125 0.6716355294667339 0.4634028370820535 0.6716355294667339
0 0.5097431207902589 0.6569451817963493 0.5138038673007715 0.6569451817963493 0.5138038673007715 0.6637529038875032 0.5097431207902589 0.6637529038875032
0 0.5568000068238488 0.6485251044730799 0.563966030077695 0.6485251044730799 0.563966030077695 0.6540787724948108 0.5568000068238488 0.6540787724948108
0 0.5916746533259002 0.6214733666898106 0.5959742672782079 0.6214733666898106 0.5959742672782079 0.6272061852928875 0.5916746533259002 0.6272061852928875
0 0.6725967722157525 0.7046329986282358 0.6803953801678265 0.7046329986282358 0.6803953801678265 0.7089369473565035 0.6725967722157525 0.7089369473565035
0 0.05768803687042823 0.793308283302067 0.06375016955850712 0.793308283302067 0.06375016955850712 0.7984415408201981 0.05768803687042823 0.7984415408201981
0 0.08878091098025226 0.7855350647746109 0.09582080700511808 0.7855350647746109 0.09582080700511808 0.789934999790152 0.08878091098025226 0.789934999790152
0 0.08799870031082273 0.7902283287911881 0.09464749100097376 0.7902283287911881 0.09464749100097376 0.7940416058046571 0.08799870031082273 0.7940416058046571
0 0.08956312164968178 0.7459356496347405 0.09640746500719022 0.7459356496347405 0.09640746500719022 0.7544421906647869 0.08956312164968178 0.7544421906647869
0 0.1075539670465611 0.7523888876575343 0.11557162640821382 0.7523888876575343 0.11557162640821382 0.7572288161746296 0.1075539670465611 0.7572288161746296
0 0.1160574378040888 0.6934262728855817 0.12468561466707499 0.6934262728855817 0.12468561466707499 0.6968521666400026 0.1160574378040888 0.6968521666400026
0 0.1195210638521896 0.7063397669946742 0.12209694223104654 0.7083615320013348 0.11598116619814347 0.7127445048249161 0.11340528781928653 0.7107227398182555
0 0.11722072396619282 0.7148732323320943 0.11406872697663485 0.7169883882066664 0.10843251909898373 0.712263919838636 0.1115845160885417 0.7101487639640639
0 0.11877121816572866 0.7143485143737042 0.12165524260366724 0.7174672849868223 0.11818515162808767 0.7192722919862173 0.11530112719014908 0.7161535213730992
0 0.11758005725049812 0.6551070168176135 0.12637741405197422 0.6551070168176135 0.12637741405197422 0.6594211052491068 0.11758005725049812 0.6594211052491068
0 0.14870916593264438 0.6836561314377883 0.15327702427187237 0.6836561314377883 0.15327702427187237 0.6880971048231488 0.14870916593264438 0.6880971048231488
0 0.18960573799549452 0.6035662282569 0.19675668169525926 0.6035662282569 0.19675668169525926 0.6104617811102445 0.18960573799549452 0.6104617811102445
0 0.12851624753179017 0.5865571978853167 0.1381189433571885 0.5865571978853167 0.1381189433571885 0.5940656887700697 0.12851624753179017 0.5940656887700697
0 0.13137662501169606 0.5560635308227486 0.13791463068005236 0.5560635308227486 0.13791463068005236 0.5598943935190511 0.13137662501169606 0.5598943935190511
0 0.13771031800291622 0.5427321286396157 0.1452698870569532 0.5427321286396157 0.1452698870569532 0.5485550399379956 0.13771031800291622 0.5485550399379956
0 0.14649218950660878 0.4684378905038734 0.15282588249782897 0.4684378905038734 0.15282588249782897 0.47211551869232393 0.14649218950660878 0.47211551869232393
0 0.1471051275380172 0.487438969477534 0.1536431332063735 0.487438969477534 0.1536431332063735 0.493415115283766 0.1471051275380172 0.493415115283766
0 0.17652615304562067 0.5016897787077794 0.1838814094225215 0.5016897787077794 0.1838814094225215 0.5075126900061593 0.17652615304562067 0.5075126900061593
0 0.14225498604198547 0.5288086787808469 0.14549559994221162 0.5306248470106449 0.1414597114127184 0.5346755733656122 0.13821909751249226 0.5328594051358142
0 0.16749947929696676 0.5333925334269917 0.17288555856783838 0.5333925334269917 0.17288555856783838 0.5374889880837109 0.16749947929696676 0.5374889880837109
0 0.15794068542632397 0.3963552879717724 0.16487020225380342 0.3963552879717724 0.16487020225380342 0.40086601118966 0.15794068542632397 0.40086601118966
0 0.16970778947298717 0.3571316078162284 0.1733686662875046 0.3571316078162284 0.1733686662875046 0.3632112782403377 0.16970778947298717 0.3632112782403377
0 0.5692094521775495 0.8001684461662576 0.5739779616975554 0.8001684461662576 0.5739779616975554 0.805250673417843 0.5692094521775495 0.805250673417843
0 0.838755727150516 0.6179611876649785 0.8452810559673662 0.6179611876649785 0.8452810559673662 0.6239845681113018 0.838755727150516 0.6239845681113018
0 0.8618453521947552 0.6382900966713195 0.872888216346348 0.6382900966713195 0.872888216346348 0.642807632006062 0.8618453521947552 0.642807632006062
0 0.8738921130874018 0.6817713742682158 0.8856878997947848 0.6817713742682158 0.8856878997947848 0.6862889096029582 0.8738921130874018 0.6862889096029582
0 0.8942210220937429 0.6810184517124253 0.8999934283548027 0.6810184517124253 0.8999934283548027 0.6909946755766482 0.8942210220937429 0.6909946755766482
0 0.5174447674792303 0.567988754415352 0.5241764860500788 0.567988754415352 0.5241764860500788 0.5728692503792172 0.5174447674792303 0.5728692503792172
0 0.5923912342346782 0.5632765514157579 0.5966546559962155 0.5632765514157579 0.5966546559962155 0.568830219236708 0.5923912342346782 0.568830219236708
0 0.5681570473796231 0.6041717417336633 0.5760107190456132 0.6041717417336633 0.5760107190456132 0.6095571165903422 0.5681570473796231 0.6095571165903422
0 0.3452518980318715 0.6758519022429459 0.35093505684721094 0.6758519022429459 0.35093505684721094 0.6809134655628574 0.3452518980318715 0.6809134655628574
0 0.3923624210664825 0.6578934680997363 0.3973223072018601 0.6578934680997363 0.3973223072018601 0.6666618382319217 0.3923624210664825 0.6666618382319217
0 0.42159032150710085 0.5803066778391857 0.42513309731808474 0.5803066778391857 0.42513309731808474 0.5832294678832475 0.42159032150710085 0.5832294678832475
0 0.42194459908819915 0.5561272329292196 0.42903015071016726 0.5561272329292196 0.42903015071016726 0.5590500229732814 0.42194459908819915 0.5590500229732814
0 0.36406766104196614 0.5314264180236692 0.3684665587693194 0.5314264180236692 0.3684665587693194 0.535385425978287 0.36406766104196614 0.535385425978287
0 0.7323068435826801 0.5063879976092063 0.7439119812349229 0.5063879976092063 0.7439119812349229 0.5110746878149197 0.7323068435826801 0.5110746878149197
0 0.6431460575630625 0.39640586648435444 0.6495008226974165 0.39640586648435444 0.6495008226974165 0.4021580245801059 0.6431460575630625 0.4021580245801059
0 0.7161162916920234 0.40560931943755674 0.720060628671967 0.40560931943755674 0.720060628671967 0.4102110459141578 0.7161162916920234 0.4102110459141578
0 0.6604573143083716 0.3581129283040665 0.667907728603821 0.3581129283040665 0.667907728603821 0.3602494441682027 0.6604573143083716 0.3602494441682027
0 0.76924070827665 0.30082806270104706 0.776697633509944 0.30082806270104706 0.776697633509944 0.30700946124969875 0.76924070827665 0.30700946124969875
0 0.7755202242625819 0.33997692017584086 0.7812110356248326 0.33997692017584086 0.7812110356248326 0.3470413756600142 0.7755202242625819 0.3470413756600142
0 0.8362400843957315 0.1645897967255939 0.8416364711736198 0.1645897967255939 0.8416364711736198 0.16953648460532483 0.8362400843957315 0.16953648460532483
0 0.8608236241616671 0.1086772337213621 0.8664198771165142 0.1086772337213621 0.8664198771165142 0.11587241609187986 0.8608236241616671 0.11587241609187986
0 0.8712166653635262 0.11137542711030626 0.8794111786188382 0.11137542711030626 0.8794111786188382 0.1199197061752961 0.8712166653635262 0.1199197061752961
0 0.8794111786188382 0.1257657918513418 0.8834085021580145 0.1257657918513418 0.8834085021580145 0.13191167679282573 0.8794111786188382 0.13191167679282573
0 0.1593300917476616 0.13204404850662477 0.1621862009467234 0.13204404850662477 0.1621862009467234 0.13663422400511693 0.1593300917476616 0.13663422400511693
0 0.1621862009467233 0.14673261010179958 0.16626635694538314 0.14673261010179958 0.16626635694538314 0.15071076220049281 0.1621862009467233 0.15071076220049281
0 0.1660623491454501 0.15315885579968874 0.16932647394437786 0.15315885579968874 0.16932647394437786 0.15652498449858304 0.1660623491454501 0.15652498449858304
0 0.18789118373827954 0.136022200605318 0.1915633241370733 0.136022200605318 0.1915633241370733 0.139541335154162 0.18789118373827954 0.139541335154162
0 0.2821427873073188 0.16662337059526583 0.2847948887064476 0.16662337059526583 0.2847948887064476 0.1701425051441098 0.2821427873073188 0.1701425051441098
0 0.30050348930128745 0.09348657431929054 0.3041756297000812 0.09348657431929054 0.3041756297000812 0.09884177906753142 0.30050348930128745 0.09884177906753142
0 0.29381864931814844 0.18473076540878797 0.30035282320377404 0.18473076540878797 0.30035282320377404 0.19126493929441357 0.29381864931814844 0.19126493929441357
0 0.1914700526701005 0.31603619288360935 0.19878898507128687 0.31603619288360935 0.19878898507128687 0.3208980551215403 0.1914700526701005 0.3208980551215403
0 0.4094659430687188 0.12819766657885212 0.41634805939915775 0.12819766657885212 0.41634805939915775 0.13170017221130767 0.4094659430687188 0.13170017221130767
0 0.5055697818259204 0.14773796115991997 0.5099939994669169 0.14773796115991997 0.5099939994669169 0.15124046679237554 0.5055697818259204 0.15124046679237554
0 0.4940176579855408 0.1652504893221978 0.4984418756265372 0.1652504893221978 0.4984418756265372 0.17188681578369253 0.4940176579855408 0.17188681578369253
0 0.3707640052651069 0.38311404654608494 0.37838424350230615 0.38311404654608494 0.37838424350230615 0.38863215009716023 0.3707640052651069 0.38863215009716023
0 0.4622068641114974 0.38429649730702964 0.4658855998122143 0.38429649730702964 0.4658855998122143 0.38843507497033614 0.4622068641114974 0.38843507497033614
0 0.5276358062171046 0.40203325872120016 0.5326283760966489 0.40203325872120016 0.5326283760966489 0.4045952353699138 0.5276358062171046 0.4045952353699138
0 0.36340653386367316 0.4777101074216615 0.3673480364001555 0.4777101074216615 0.3673480364001555 0.4800750089435509 0.36340653386367316 0.4800750089435509
0 0.32030861658895843 0.4493891966230561 0.3256734068127189 0.4493891966230561 0.3256734068127189 0.45240689112392135 0.32030861658895843 0.45240689112392135
0 0.48605051593229476 0.2904238011864953 0.4900722105085667 0.2904238011864953 0.4900722105085667 0.2932964401695467 0.48605051593229476 0.2932964401695467
