0 0.15509851700553146 0.10454154184903225 0.15909737379757097 0.10454154184903225 0.15909737379757097 0.10882603126907456 0.15509851700553146 0.10882603126907456
0 0.18794626922585578 0.10454154184903225 0.1905169628778812 0.10454154184903225 0.1905169628778812 0.11032560256608936 0.18794626922585578 0.11032560256608936
0 0.14224504874540456 0.11053982703709146 0.14824333393346376 0.11053982703709146 0.14824333393346376 0.11353896963112109 0.14224504874540456 0.11353896963112109
0 0.13938872246537634 0.1296058049562797 0.14481574239742992 0.1296058049562797 0.14481574239742992 0.13431874331832627 0.13938872246537634 0.13431874331832627
0 0.1373892940693566 0.17137957680169222 0.139959987721382 0.17137957680169222 0.139959987721382 0.17673518857674508 0.1373892940693566 0.17673518857674508
0 0.5344186469932769 0.1497429052304786 0.5381318711573136 0.1497429052304786 0.5381318711573136 0.15531274147653357 0.5344186469932769 0.15531274147653357
0 0.7814908702157165 0.11803768352216551 0.7849184617517503 0.11803768352216551 0.7849184617517503 0.12317907082621629 0.7814908702157165 0.12317907082621629
0 0.8234788665321311 0.1079691333850661 0.8280489885801763 0.1079691333850661 0.8280489885801763 0.11053982703709148 0.8234788665321311 0.11053982703709148
0 0.8449013136323426 0.13174804966630088 0.8503283335643963 0.13174804966630088 0.8503283335643963 0.13474719226033052 0.8449013136323426 0.13474719226033052
0 0.8383317631882776 0.42095108551915644 0.8434731504923284 0.42095108551915644 0.8434731504923284 0.4233075547001797 0.8383317631882776 0.4233075547001797
0 0.8194800097400915 0.5126391591080618 0.8231932339041282 0.5126391591080618 0.8231932339041282 0.5156383017020915 0.8194800097400915 0.5156383017020915
0 0.8240501317881369 0.799271501308892 0.8286202538361819 0.799271501308892 0.8286202538361819 0.8037702151999364 0.8240501317881369 0.8037702151999364
0 0.7786345439356882 0.8303340496041989 0.7829190333557307 0.8303340496041989 0.7829190333557307 0.8367607837342622 0.7786345439356882 0.8367607837342622
0 0.8097685003879956 0.851113823291404 0.8143386224360407 0.851113823291404 0.8143386224360407 0.8549698637694421 0.8097685003879956 0.8549698637694421
0 0.15901999203620276 0.7267188805830233 0.16458738182579655 0.7267188805830233 0.16458738182579655 0.7324602513035418 0.15901999203620276 0.7324602513035418
0 0.1520607547992107 0.8344835129193807 0.15551067349460976 0.8344835129193807 0.15551067349460976 0.84034137158155 0.1520607547992107 0.84034137158155
0 0.43213935068922754 0.720618569753573 0.43576738628270056 0.720618569753573 0.43576738628270056 0.7248512779459582 0.43213935068922754 0.7248512779459582
0 0.1591347817304356 0.3097444858681693 0.16355519233405877 0.3097444858681693 0.16355519233405877 0.31637510177360406 0.1591347817304356 0.31637510177360406
0 0.1509254477522782 0.3784187220316013 0.15471437112681238 0.3784187220316013 0.15471437112681238 0.3829180685388607 0.1509254477522782 0.3829180685388607
0 0.47582562711858417 0.3362669494899086 0.48150901218038555 0.3362669494899086 0.48150901218038555 0.3402926805753511 0.47582562711858417 0.3402926805753511
0 0.415396735037421 0.28694336581281177 0.41893673290004757 0.28694336581281177 0.41893673290004757 0.2903948637288727 0.415396735037421 0.2903948637288727
