0 0.17770240427706777 0.18672635449426264 0.1816689758011095 0.18672635449426264 0.1816689758011095 0.18980044742539492 0.17770240427706777 0.18980044742539492
0 0.21247601463783325 0.1890071331205866 0.21578149090786794 0.1890071331205866 0.21578149090786794 0.19198206176361787 0.21247601463783325 0.19198206176361787
0 0.22583013876877364 0.20060935482840855 0.22913561503880833 0.20060935482840855 0.22913561503880833 0.20368344775954086 0.22583013876877364 0.20368344775954086
0 0.17882987518689566 0.2309527682713483 0.18219330672559186 0.2309527682713483 0.18219330672559186 0.2340574743070679 0.17882987518689566 0.2340574743070679
0 0.3573477505864016 0.29206898289449884 0.3617196783942342 0.29206898289449884 0.3617196783942342 0.2948232974134334 0.3573477505864016 0.2948232974134334
0 0.4474573913550828 0.2944828236821041 0.4542455331156013 0.2944828236821041 0.4542455331156013 0.2986688444344239 0.4474573913550828 0.2986688444344239
0 0.7551550332463864 0.18048586411043765 0.7588300847780469 0.18048586411043765 0.7588300847780469 0.18283381370010968 0.7551550332463864 0.18283381370010968
0 0.7893194011888599 0.1775254059321556 0.7942194698977406 0.1775254059321556 0.7942194698977406 0.18038377934566938 0.7893194011888599 0.18038377934566938
0 0.8053543891403295 0.19645173812767747 0.8100240545574054 0.19645173812767747 0.8100240545574054 0.1993838536221204 0.8053543891403295 0.1993838536221204
0 0.81132721699938 0.2014200449377058 0.815671091805962 0.2014200449377058 0.815671091805962 0.20370057921116141 0.81132721699938 0.20370057921116141
0 0.8170828511181011 0.2052480846110063 0.8196891760020505 0.2052480846110063 0.8196891760020505 0.20940191489480045 0.8170828511181011 0.20940191489480045
0 0.8282683287450502 0.19954674892736723 0.8336981722532779 0.19954674892736723 0.8336981722532779 0.20394492216903165 0.8282683287450502 0.20394492216903165
0 0.8150285152353399 0.2707737432544741 0.8202821452037755 0.2707737432544741 0.8202821452037755 0.2749288869567823 0.8150285152353399 0.2749288869567823
0 0.7655681222549134 0.7767988776450356 0.7710827542022963 0.7767988776450356 0.7710827542022963 0.7828230136310353 0.7655681222549134 0.7828230136310353
0 0.7534581717759464 0.8827204960026761 0.7602686634591195 0.8827204960026761 0.7602686634591195 0.8858683686120498 0.7534581717759464 0.8858683686120498
0 0.5837109515256892 0.8183112501315286 0.5895480610409461 0.8183112501315286 0.5895480610409461 0.8202855665852186 0.5837109515256892 0.8202855665852186
0 0.26575663225046103 0.7532373642633513 0.2704409442172729 0.7532373642633513 0.2704409442172729 0.7572190294351412 0.26575663225046103 0.7572190294351412
0 0.19485641645342291 0.795436898345179 0.20011699211439568 0.795436898345179 0.20011699211439568 0.8006333206444327 0.19485641645342291 0.8006333206444327
0 0.2922827159925863 0.876366997764865 0.30036603956920305 0.876366997764865 0.30036603956920305 0.8798312792977009 0.2922827159925863 0.8798312792977009
0 0.18382378500607263 0.28417944321115557 0.18973079509999638 0.28417944321115557 0.18973079509999638 0.28624689674402887 0.18382378500607263 0.28624689674402887
0 0.486337678251852 0.3907577496868981 0.4904799865524198 0.3907577496868981 0.4904799865524198 0.3961657633015283 0.486337678251852 0.3961657633015283
