0 0.41113966034373134 0.08684432651801519 0.41751589577089837 0.08684432651801519 0.41751589577089837 0.08971363246024036 0.41113966034373134 0.08971363246024036
0 0.6919490685561681 0.0768973992516346 0.6990904522345952 0.0768973992516346 0.6990904522345952 0.08320987232452998 0.6919490685561681 0.08320987232452998
0 0.8161581346773822 0.07268908386970435 0.8215141724362024 0.07268908386970435 0.8215141724362024 0.07900155694259973 0.8161581346773822 0.07900155694259973
0 0.8674230675118052 0.060064137723913585 0.8707387099339322 0.060064137723913585 0.8707387099339322 0.06484631429428887 0.8674230675118052 0.06484631429428887
0 0.8906325644666934 0.10272115273166113 0.8931830586375602 0.10272115273166113 0.8931830586375602 0.10731204223922142 0.8906325644666934 0.10731204223922142
0 0.8490595094815641 0.12338015551568236 0.8533953495720379 0.12338015551568236 0.8533953495720379 0.12605817439509254 0.8490595094815641 0.12605817439509254
0 0.8134211570877145 0.19936408559812155 0.8179710571771704 0.19936408559812155 0.8179710571771704 0.20496046270815244 0.8134211570877145 0.20496046270815244
0 0.7785917774809774 0.2609278749233113 0.7828358207729978 0.2609278749233113 0.7828358207729978 0.2651719182153317 0.7785917774809774 0.2651719182153317
0 0.29786829276394644 0.26687621606018325 0.3015988205153253 0.26687621606018325 0.3015988205153253 0.2713958939128153 0.29786829276394644 0.2713958939128153
0 0.5450036244782316 0.2809175682131762 0.5511443534767292 0.2809175682131762 0.5511443534767292 0.28449966012896644 0.5450036244782316 0.28449966012896644
0 0.4317412896170543 0.3395103574071737 0.4371997153934966 0.3395103574071737 0.4371997153934966 0.34206899448988104 0.4317412896170543 0.34206899448988104
0 0.5821891500802445 0.35511804361168836 0.5876475758566869 0.35511804361168836 0.5876475758566869 0.35946772665229076 0.5821891500802445 0.35946772665229076
0 0.734620039723272 0.9375437720074874 0.7432909647823008 0.9375437720074874 0.7432909647823008 0.9447695428900111 0.734620039723272 0.9447695428900111
0 0.8472953753493263 0.8613118891968593 0.8521125559376758 0.8613118891968593 0.8521125559376758 0.8674537944470047 0.8472953753493263 0.8674537944470047
0 0.6811493351925945 0.7832735636656001 0.6869299518986137 0.7832735636656001 0.6869299518986137 0.7865251605627359 0.6811493351925945 0.7865251605627359
0 0.9335695980220992 0.7402802269145823 0.9436856772576329 0.7402802269145823 0.9436856772576329 0.7431705352675919 0.9335695980220992 0.7431705352675919
0 0.6488742252506541 0.6557387075890516 0.6522462516624984 0.6557387075890516 0.6522462516624984 0.6607967472068186 0.6488742252506541 0.6607967472068186
0 0.5852874414844429 0.5730036309841521 0.5896229040139572 0.5730036309841521 0.5896229040139572 0.5762552278812877 0.5852874414844429 0.5762552278812877
0 0.9195997743158858 0.49749432526177645 0.9244169549042353 0.49749432526177645 0.9244169549042353 0.5003846336147861 0.9195997743158858 0.5003846336147861
0 0.1233198230617427 0.6174421219116746 0.12717356753242218 0.6174421219116746 0.12717356753242218 0.6257517584265772 0.1233198230617427 0.6257517584265772
0 0.0920081492374721 0.8797376049472951 0.09634361176698648 0.8797376049472951 0.09634361176698648 0.8876859529180718 0.0920081492374721 0.8876859529180718
