0 0.4558589303665091 0.17056051942977457 0.5680916761406344 0.17056051942977457 0.5680916761406344 0.25993103921287436 0.4558589303665091 0.25993103921287436
0 0.5625493183246282 0.3014987228329208 0.612430538668684 0.3014987228329208 0.612430538668684 0.3856732821635148 0.5625493183246282 0.3856732821635148
0 0.42537596237847514 0.42814714128647824 0.47941395108453544 0.42814714128647824 0.47941395108453544 0.4707540169970258 0.42537596237847514 0.4707540169970258
0 0.526523992520588 0.5133608927075732 0.59996023358267 0.5133608927075732 0.59996023358267 0.5580461525991232 0.526523992520588 0.5580461525991232
0 0.7135785688107971 0.5268703898840884 0.7870148098728788 0.5268703898840884 0.7870148098728788 0.5985746441286685 0.7135785688107971 0.5985746441286685
0 0.8451438705965092 0.58248489540049 0.8625954608556216 0.6178590692926783 0.7419244662632236 0.6513459056952741 0.7244728760041111 0.6159717318030857
0 0.7873284607701901 0.6823120699604963 0.8880605158855969 0.617555748814877 0.9226030328345217 0.6477804511451858 0.821870977719115 0.7125367722908051
0 0.4475453936424998 0.5445366554226081 0.4974266139865555 0.5445366554226081 0.4974266139865555 0.6276720226627011 0.4475453936424998 0.6276720226627011
0 0.05403798870606035 0.44685259891549906 0.15518601884817332 0.44685259891549906 0.15518601884817332 0.5341447345175966 0.05403798870606035 0.5341447345175966
0 0.11916069304413307 0.5466150396036105 0.22862225991025534 0.5466150396036105 0.22862225991025534 0.5944178757666638 0.11916069304413307 0.5944178757666638
0 0.2211115106174332 0.625660358226653 0.3273730536219954 0.6846355145941843 0.29739404099462635 0.7150196490138155 0.19113249799006413 0.6560444926462843
0 0.40394556116280067 0.617559594838185 0.47889949045386043 0.671180482715636 0.43935656648516314 0.7022727011587646 0.3644026371941034 0.6486518132813136
0 0.3361974476098773 0.4775184605912919 0.37836826589133515 0.4624232245019076 0.4306549080667592 0.5445879479204376 0.3884840897853014 0.5596831840098219
0 0.35450893186084254 0.5514551398261082 0.37948369183062763 0.5409484794803796 0.41728070634060727 0.5914863169395069 0.3923059463708222 0.6019929772852355
0 0.9421249663654093 0.5655161901136166 0.9999999999999999 0.5655161901136166 0.9999999999999999 0.6238012054820351 0.9421249663654093 0.6238012054820351
0 0.0 0.2714010356391361 0.035867701765180574 0.2714010356391361 0.035867701765180574 0.33506620627233163 0.0 0.33506620627233163
