0 0.5063458275377635 0.2371224778481272 0.5608567419856083 0.2371224778481272 0.5608567419856083 0.40247225167325784 0.5063458275377635 0.40247225167325784
0 0.40943753518603804 0.4024722516732579 0.572970278529574 0.4024722516732579 0.572970278529574 0.4542576203987109 0.40943753518603804 0.4542576203987109
0 0.3004874530252838 0.5576047116835794 0.3843810194814177 0.5576047116835794 0.3843810194814177 0.6474906757437229 0.3004874530252838 0.6474906757437229
0 0.06891734497224929 0.2001736684038223 0.2014507006881133 0.2001736684038223 0.2014507006881133 0.2525243439115886 0.06891734497224929 0.2525243439115886
0 0.3834631758712332 0.1716306956520439 0.48065430339620013 0.1716306956520439 0.48065430339620013 0.2306080389456034 0.3834631758712332 0.2306080389456034
0 0.3445867248612464 0.082833347322415 0.45149696513870996 0.082833347322415 0.45149696513870996 0.1225933540371742 0.3445867248612464 0.1225933540371742
0 0.5513387597779943 0.06361601074361473 0.6467627758934165 0.06361601074361473 0.6467627758934165 0.1391600235016572 0.5513387597779943 0.1391600235016572
0 0.21205336914538242 0.741559956354065 0.2880391597558111 0.741559956354065 0.2880391597558111 0.7839706301831416 0.21205336914538242 0.7839706301831416
0 0.07156801208656656 0.9191546530133228 0.15992358256380923 0.9191546530133228 0.15992358256380923 0.9655413275138753 0.07156801208656656 0.9655413275138753
0 0.23502581746946558 0.9125279852275299 0.3445867248612464 0.9125279852275299 0.3445867248612464 0.9887346647641511 0.23502581746946558 0.9887346647641511
