0 0.45934256055363326 0.1314878892733564 0.5021626297577855 0.1314878892733564 0.5021626297577855 0.22491349480968856 0.45934256055363326 0.22491349480968856
0 0.39965397923875434 0.16608996539792387 0.45544982698961933 0.16608996539792387 0.45544982698961933 0.28373702422145336 0.39965397923875434 0.28373702422145336
0 0.7071799307958477 0.35121107266435986 0.7733564013840831 0.35121107266435986 0.7733564013840831 0.4688581314878893 0.7071799307958477 0.4688581314878893
0 0.5826124567474049 0.4532871972318339 0.6617647058823529 0.4532871972318339 0.6617647058823529 0.5138408304498269 0.5826124567474049 0.5138408304498269
0 0.6448961937716262 0.527681660899654 0.7448096885813149 0.527681660899654 0.7448096885813149 0.6038062283737025 0.6448961937716262 0.6038062283737025
0 0.5333044982698962 0.45155709342560546 0.5800173010380623 0.45155709342560546 0.5800173010380623 0.5657439446366782 0.5333044982698962 0.5657439446366782
0 0.383296366170397 0.3788002135473196 0.4778228496053644 0.34371621852510453 0.4879636472178816 0.39228912031211904 0.39343716378291416 0.4273731153343341
0 0.33759330436962437 0.3947345312401201 0.3866535475485737 0.3947345312401201 0.3866535475485737 0.4413417622601219 0.33759330436962437 0.4413417622601219
0 0.3961222135676488 0.40487111316838376 0.4327600113189486 0.45296352976493837 0.40608564552826554 0.4890899006389045 0.36944784777696577 0.4409974840423499
0 0.4267472815050162 0.5993517418881972 0.4803695036334318 0.5993517418881972 0.4803695036334318 0.7359279999588623 0.4267472815050162 0.7359279999588623
0 0.37656238130790937 0.5186892539001534 0.42949713905006315 0.5186892539001534 0.42949713905006315 0.5929354076164209 0.37656238130790937 0.5929354076164209
0 0.11326352136966421 0.5571872595308107 0.25213132739453503 0.5571872595308107 0.25213132739453503 0.6204339830668903 0.11326352136966421 0.6204339830668903
0 0.0 0.09934421911748646 0.07178225588672042 0.09934421911748646 0.07178225588672042 0.2410914585899977 0.0 0.2410914585899977
0 0.09858702232543233 0.11569966982585315 0.14810769252576472 0.11569966982585315 0.14810769252576472 0.2519950923955752 0.09858702232543233 0.2519950923955752
0 0.2435144883245705 0.12478603133050131 0.29848697542769187 0.12478603133050131 0.29848697542769187 0.2235244930143446 0.2435144883245705 0.2235244930143446
0 0.0 0.0006057574336432086 0.03997999062045188 0.0006057574336432086 0.03997999062045188 0.0963154319492701 0.0 0.0963154319492701
0 0.2865497224833034 0.8557090049906769 0.3482798488693342 0.8557090049906769 0.3482798488693342 0.9512255791517782 0.2865497224833034 0.9512255791517782
0 0.7781044325942894 0.7916925776273858 0.8367861576773064 0.7916925776273858 0.8367861576773064 0.8516444699199917 0.7781044325942894 0.8516444699199917
0 0.6858902931781201 0.8272572594958808 0.7659108273822339 0.8272572594958808 0.7659108273822339 0.9187092985862969 0.6858902931781201 0.9187092985862969
0 0.5982487557164713 0.9095640946772554 0.6736966879660645 0.9095640946772554 0.6736966879660645 1.0 0.5982487557164713 1.0
0 0.8093505459501812 0.9034672920712273 0.8611733681014168 0.9034672920712273 0.8611733681014168 0.9999999999999997 0.8093505459501812 0.9999999999999997
0 0.915282491229913 0.9085479609095838 0.962532711426628 0.9085479609095838 0.962532711426628 0.9999999999999996 0.915282491229913 0.9999999999999996
