0 0.10995326306758607 0.7372806905119795 0.11825820616961626 0.7372806905119795 0.11825820616961626 0.740650319065672 0.10995326306758607 0.740650319065672
0 0.22465732510480485 0.8493220411689202 0.23516450694134475 0.8493220411689202 0.23516450694134475 0.8554512305735684 0.22465732510480485 0.8554512305735684
0 0.8587082020911571 0.8580526751140156 0.8673796180964221 0.8580526751140156 0.8673796180964221 0.864359159481481 0.8587082020911571 0.864359159481481
0 0.8430364823866578 0.7097716261473127 0.8509359996504009 0.7097716261473127 0.8509359996504009 0.7180661192742429 0.8430364823866578 0.7180661192742429
0 0.1718118641335844 0.0722323235025277 0.17597339717488228 0.0722323235025277 0.17597339717488228 0.07594797800368654 0.1718118641335844 0.07594797800368654
0 0.2055004649440911 0.08694631532711668 0.20966199798538906 0.08694631532711668 0.20966199798538906 0.09081059600832188 0.2055004649440911 0.09081059600832188
0 0.21085100742575982 0.08679768914707033 0.21421986750681046 0.08679768914707033 0.21421986750681046 0.09081059600832186 0.21085100742575982 0.09081059600832186
0 0.6092936957549099 0.08697198288932792 0.6149251711949014 0.08697198288932792 0.6149251711949014 0.09013968782432312 0.6092936957549099 0.09013968782432312
0 0.8065448362453305 0.06813808956842211 0.8109308413355621 0.06813808956842211 0.8109308413355621 0.07187041120770582 0.8065448362453305 0.07187041120770582
0 0.8247999581245306 0.08877732023084944 0.8281230844666921 0.08877732023084944 0.8281230844666921 0.091419205672868 0.8247999581245306 0.091419205672868
0 0.8345699495704859 0.09605496692018352 0.838291851073707 0.09605496692018352 0.838291851073707 0.09809868962061295 0.8345699495704859 0.09809868962061295
0 0.8388235512884529 0.09545680417859442 0.8438082408016955 0.09545680417859442 0.8438082408016955 0.09904578062812906 0.8388235512884529 0.09904578062812906
0 0.8295852600572434 0.10567541768074162 0.8340382493557401 0.10567541768074162 0.8340382493557401 0.10866623138868714 0.8295852600572434 0.10866623138868714
0 0.8305221018354435 0.14356685013625828 0.8348208368608449 0.14356685013625828 0.8348208368608449 0.14660125133065915 0.8305221018354435 0.14660125133065915
0 0.30031265487542863 0.1622175725853194 0.306625242206528 0.1622175725853194 0.306625242206528 0.16499811700497033 0.30031265487542863 0.16499811700497033
0 0.17130156445655664 0.1667399398725431 0.17598900670808462 0.1667399398725431 0.17598900670808462 0.17063219102782978 0.17130156445655664 0.17063219102782978
0 0.1969705699970111 0.12404885713514512 0.20043602463803498 0.12404885713514512 0.20043602463803498 0.1260291169300159 0.1969705699970111 0.1260291169300159
0 0.4476768855136363 0.1752240452943283 0.4530277229324127 0.1752240452943283 0.4530277229324127 0.18035193115398904 0.4476768855136363 0.18035193115398904
0 0.49049923471647333 0.2719958787706876 0.49488139054111224 0.2719958787706876 0.49488139054111224 0.2774357963461013 0.49049923471647333 0.2774357963461013
0 0.6512004050071298 0.7473203717547512 0.6574511396791507 0.7473203717547512 0.6574511396791507 0.7524102557019683 0.6512004050071298 0.7524102557019683
