0 0.1616463296774555 0.2839206933067913 0.20373360934275253 0.2839206933067913 0.20373360934275253 0.36082090800387717 0.1616463296774555 0.36082090800387717
0 0.5162706305609766 0.2423530096867449 0.6253858000635985 0.2423530096867449 0.6253858000635985 0.34938979500836437 0.5162706305609766 0.34938979500836437
0 0.1527612373036706 0.5351839266080977 0.22680367375187824 0.5351839266080977 0.22680367375187824 0.6349463672962089 0.1527612373036706 0.6349463672962089
0 0.5011503856441847 0.5902611074046592 0.5666194873457577 0.5902611074046592 0.5666194873457577 0.7191209266268032 0.5011503856441847 0.7191209266268032
0 0.6492352585406 0.531027158246093 0.7076898136312904 0.531027158246093 0.7076898136312904 0.6442990961107194 0.6492352585406 0.6442990961107194
0 0.7240570890566836 0.563242113051629 0.7606886102468494 0.563242113051629 0.7606886102468494 0.6692397062827472 0.7240570890566836 0.6692397062827472
0 0.7147043602421731 0.6775532430067567 0.7606886102468494 0.6775532430067567 0.7606886102468494 0.7752372995138658 0.7147043602421731 0.7752372995138658
0 0.6562498051514828 0.783550836237875 0.7123661780385455 0.783550836237875 0.7123661780385455 0.8801957006544829 0.6562498051514828 0.8801957006544829
0 0.559604940734875 0.6546910170157311 0.6203976780291929 0.6546910170157311 0.6203976780291929 0.7960211413238888 0.559604940734875 0.7960211413238888
0 0.7560162736996011 0.40010917822204073 0.8515825997282439 0.40010917822204073 0.8515825997282439 0.47733449218458035 0.7560162736996011 0.47733449218458035
0 0.7594626970003511 0.7152994705780239 0.8282414922482381 0.7152994705780239 0.8282414922482381 0.8041085816349444 0.7594626970003511 0.8041085816349444
0 0.8094178219698689 0.8002473159368173 0.8499611118002022 0.8002473159368173 0.8499611118002022 0.9064321226353093 0.8094178219698689 0.9064321226353093
0 0.8919523762673333 0.7413630140403807 0.9332196534160654 0.7413630140403807 0.9332196534160654 0.8697500985031029 0.8919523762673333 0.8697500985031029
0 0.9346676280528627 0.7201260527006822 0.9962065501167617 0.7201260527006822 0.9962065501167617 0.8108657966066665 0.9346676280528627 0.8108657966066665
0 0.7536707984531605 0.909260256094016 0.8246215556562438 0.909260256094016 0.8246215556562438 0.9990346835754682 0.7536707984531605 0.9990346835754682
0 0.1614491720029345 0.949803545924349 0.21936815747483923 0.949803545924349 0.21936815747483923 0.9992101936440793 0.1614491720029345 0.9992101936440793
0 0.0 0.9633179758677933 0.03040746737274999 0.9633179758677933 0.03040746737274999 0.9999999999999999 0.0 0.9999999999999999
