0 0.37606853500858234 0.32973761004623614 0.37606853500858234 0.3140746795576497 0.3920840760852425 0.3140746795576497 0.3920840760852425 0.32973761004623614
0 0.4248399963378906 0.3577513732910156 0.4423114929199219 0.3577513732910156 0.4423114929199219 0.37454037475585933 0.4248399963378906 0.37454037475585933
0 0.7286459350585938 0.1472745361328125 0.7286459350585938 0.13867528533935547 0.7381096394856771 0.13867528533935547 0.7381096394856771 0.1472745361328125
0 0.7701407480239868 0.14563656663894653 0.7810604238510132 0.14563656663894653 0.7810604238510132 0.15300735425949097 0.7701407480239868 0.15300735425949097
0 0.5910578927993775 0.19477513980865482 0.6068914480209351 0.19477513980865482 0.6068914480209351 0.20583130550384526 0.5910578927993775 0.20583130550384526
0 0.6827832641601561 0.19436565399169922 0.6958869018554686 0.19436565399169922 0.6958869018554686 0.2046028518676758 0.6827832641601561 0.2046028518676758
0 0.6243629760742188 0.22589621734619145 0.6391045532226562 0.22589621734619145 0.6391045532226562 0.23859035491943364 0.6243629760742188 0.23859035491943364
0 0.5184420480728141 0.31229814052581756 0.5184420480728141 0.2986010452963133 0.5366415084203077 0.2986010452963133 0.5366415084203077 0.31229814052581756
0 0.985804443359375 0.3413718719482422 0.9983620605468752 0.3413718719482422 0.9983620605468752 0.3532470245361328 0.985804443359375 0.3532470245361328
0 0.5697446257212602 0.37156242768228137 0.5861241423228226 0.37156242768228137 0.5861241423228226 0.383437580270172 0.5697446257212602 0.383437580270172
0 0.6527541503906249 0.35897981262207035 0.6784154052734374 0.35897981262207035 0.6784154052734374 0.3696265106201172 0.6527541503906249 0.3696265106201172
0 0.3360834503173828 0.45152413940429686 0.35683085632324213 0.45152413940429686 0.35683085632324213 0.4597138977050781 0.3360834503173828 0.4597138977050781
0 0.8449405517578117 0.3924890774388583 0.8596821289062492 0.3924890774388583 0.8596821289062492 0.406889907836914 0.8449405517578117 0.406889907836914
0 0.30626818149674867 0.6123736267089837 0.30626818149674867 0.5915029177811312 0.3320491466660194 0.5915029177811312 0.3320491466660194 0.6123736267089837
0 0.24969810485839847 0.6864502868652343 0.2679886627197266 0.6864502868652343 0.2679886627197266 0.6978165588378906 0.24969810485839847 0.6978165588378906
0 0.08978645420074464 0.6339302377700806 0.10337371730804445 0.6339302377700806 0.10337371730804445 0.6445126333236695 0.08978645420074464 0.6445126333236695
0 0.15477208709716797 0.2629916534423828 0.1741185989379883 0.2629916534423828 0.1741185989379883 0.27478092956542965 0.15477208709716797 0.27478092956542965
0 0.9537809143066406 0.2511215362548828 0.9703912048339842 0.2511215362548828 0.9703912048339842 0.2609565887451172 0.9537809143066406 0.2609565887451172
0 0.7746323261260987 0.5939974374771119 0.795726682662964 0.5939974374771119 0.795726682662964 0.6071813955307007 0.7746323261260987 0.6071813955307007
