0 0.5810199890136719 0.16304344177246094 0.6162622375488281 0.16304344177246094 0.6162622375488281 0.1871565399169922 0.5810199890136719 0.1871565399169922
0 0.6212085266113281 0.17231770324707033 0.6595422058105468 0.17231770324707033 0.6595422058105468 0.19921308898925782 0.6212085266113281 0.19921308898925782
0 0.5680360126495362 0.2743346118927002 0.5983319072723389 0.2743346118927002 0.5983319072723389 0.29149198722839353 0.5680360126495362 0.29149198722839353
0 0.06924786376953115 0.3697194015823776 0.11469903213642763 0.3697194015823776 0.11469903213642763 0.39026298522949215 0.06924786376953115 0.39026298522949215
0 0.0018548545837402338 0.2683063507080078 0.03586050033569336 0.2683063507080078 0.03586050033569336 0.29195573425292964 0.0018548545837402338 0.29195573425292964
0 0.25411492156982357 0.3420368041992185 0.2873729692262932 0.3420368041992185 0.2873729692262932 0.3583314627139364 0.25411492156982357 0.3583314627139364
0 0.44770584037168043 0.37417581744521367 0.48168886774290437 0.37417581744521367 0.48168886774290437 0.39695714504033164 0.44770584037168043 0.39695714504033164
0 0.48408281742402287 0.368730034525098 0.515615318644726 0.368730034525098 0.515615318644726 0.39237941807001986 0.48408281742402287 0.39237941807001986
0 0.3183712518860023 0.4704599364017584 0.36111206782988314 0.4704599364017584 0.36111206782988314 0.4905848405569329 0.3183712518860023 0.4905848405569329
0 0.39289151156998675 0.4657634476738274 0.43464269776764314 0.4657634476738274 0.43464269776764314 0.492709724772656 0.39289151156998675 0.492709724772656
0 0.36973413085937495 0.4222592315673828 0.41486889648437497 0.4222592315673828 0.41486889648437497 0.4384891815185547 0.36973413085937495 0.4384891815185547
0 0.43056972831401713 0.42655709210487186 0.46111889948881624 0.43402753321530246 0.45512469359500285 0.44781572668341263 0.42457552242020374 0.440345285572982
0 0.4556190979690748 0.4127488413290038 0.4871402899994132 0.4127488413290038 0.4871402899994132 0.42877662060507843 0.4556190979690748 0.42877662060507843
0 0.3814815368652343 0.3884081268310547 0.42414315795898433 0.3884081268310547 0.42414315795898433 0.4055655059814453 0.3814815368652343 0.4055655059814453
0 0.3771535491943359 0.36661363220214843 0.41425062561035153 0.36661363220214843 0.41425062561035153 0.38748072814941403 0.3771535491943359 0.38748072814941403
0 0.5954079895019532 0.43199720764160154 0.622612518310547 0.43199720764160154 0.622612518310547 0.4556465911865234 0.5954079895019532 0.4556465911865234
0 0.4622298793800141 0.4491630992023437 0.5034626414543604 0.4491630992023437 0.5034626414543604 0.4652078422639661 0.4622298793800141 0.4652078422639661
0 0.461240234375 0.46677569580078127 0.5069932861328125 0.46677569580078127 0.5069932861328125 0.48625164794921877 0.461240234375 0.48625164794921877
0 0.5243618132858079 0.4659330855292978 0.5530837844505211 0.4659330855292978 0.5530837844505211 0.479582949075489 0.5243618132858079 0.479582949075489
0 0.48791695248104744 0.4969594951114506 0.5125578594207764 0.4969594951114506 0.5125578594207764 0.5131470317840573 0.48791695248104744 0.5131470317840573
0 0.4439282550811769 0.5219575204849243 0.47360592460632334 0.5219575204849243 0.47360592460632334 0.5377237539291382 0.4439282550811769 0.5377237539291382
0 0.4856454660240231 0.5149679645187497 0.512850025350195 0.5149679645187497 0.512850025350195 0.5307341998703122 0.4856454660240231 0.5307341998703122
0 0.5295210295585769 0.5289301737007083 0.5672024263893386 0.5289301737007083 0.5672024263893386 0.5467534343111083 0.5295210295585769 0.5467534343111083
0 0.5836605529785156 0.49367108154296874 0.6170479431152344 0.49367108154296874 0.6170479431152344 0.5112921752929688 0.5836605529785156 0.5112921752929688
0 0.595407958984375 0.45796514892578133 0.630650146484375 0.45796514892578133 0.630650146484375 0.4765136718750001 0.595407958984375 0.4765136718750001
0 0.551475868571484 0.5961177753097648 0.6096058911407548 0.5961177753097648 0.6096058911407548 0.6156700950107425 0.551475868571484 0.6156700950107425
0 0.5280149841308593 0.6272205200195312 0.5533646545410157 0.6272205200195312 0.5533646545410157 0.6485513305664062 0.5280149841308593 0.6485513305664062
0 0.524608694770052 0.6096503176261726 0.5505766513130208 0.6096503176261726 0.5505766513130208 0.6277351564933601 0.524608694770052 0.6277351564933601
0 0.5984994201660156 0.5409698181152344 0.6207576599121094 0.5409698181152344 0.6207576599121094 0.5539537658691406 0.5984994201660156 0.5539537658691406
0 0.6318867492675782 0.5465343933105469 0.6566181335449219 0.5465343933105469 0.6566181335449219 0.5618369445800782 0.6318867492675782 0.5618369445800782
0 0.6247595559898436 0.6014632465620116 0.6247595559898436 0.5837996823129876 0.649370908447786 0.5837996823129876 0.649370908447786 0.6014632465620116
0 0.6345247442732218 0.6170123196760342 0.654957223039142 0.5973107414905355 0.6700329392666241 0.6061054311823624 0.649600460500704 0.625807009367861
0 0.6696021423339844 0.6128453674316406 0.6887689514160157 0.6128453674316406 0.6887689514160157 0.6313938903808594 0.6696021423339844 0.6313938903808594
0 0.6255101424425611 0.5579517905028579 0.6410364646867267 0.5671936928760752 0.6189350322081489 0.5880794473706709 0.6034087099639833 0.5788375449974535
0 0.3142280731201172 0.6281619873046875 0.3142280731201172 0.5918363342285157 0.35061776224772134 0.5918363342285157 0.35061776224772134 0.6281619873046875
0 0.364584243774414 0.6765961303710938 0.4195532073974609 0.6765961303710938 0.4195532073974609 0.6959121704101563 0.364584243774414 0.6959121704101563
0 0.4253191375732422 0.6662173767089844 0.4591461944580078 0.6662173767089844 0.4591461944580078 0.6812088928222656 0.4253191375732422 0.6812088928222656
0 0.6021423950195313 0.6581449890136719 0.6390446166992187 0.6581449890136719 0.6390446166992187 0.6757312316894531 0.6021423950195313 0.6757312316894531
0 0.47452215576171874 0.6820738525390625 0.5183435668945312 0.6820738525390625 0.5183435668945312 0.710038818359375 0.47452215576171874 0.710038818359375
0 0.4693090299545635 0.7616015528154189 0.5075591548504983 0.7491385038932573 0.5169024232366973 0.7652683382964576 0.47865229834076256 0.7777313872186191
0 0.42416598510742193 0.77923046875 0.4614526062011719 0.77923046875 0.4614526062011719 0.8133073730468751 0.42416598510742193 0.8133073730468751
0 0.5736968994140625 0.7429048767089844 0.61059912109375 0.7429048767089844 0.61059912109375 0.7578963928222656 0.5736968994140625 0.7578963928222656
0 0.5533238220214843 0.7991231079101563 0.5533238220214843 0.7807440795898438 0.5712623799641926 0.7807440795898438 0.5712623799641926 0.7991231079101563
0 0.5994515991210938 0.7803836669921875 0.6425042114257813 0.7803836669921875 0.6425042114257813 0.8020061035156251 0.5994515991210938 0.8020061035156251
0 0.6133263076438806 0.7078617328292967 0.6617273006446623 0.7078617328292967 0.6617273006446623 0.7262903810418949 0.6133263076438806 0.7262903810418949
0 0.6148275146484375 0.6861099548339844 0.6521141357421875 0.6861099548339844 0.6521141357421875 0.7060025939941407 0.6148275146484375 0.7060025939941407
0 0.572543701171875 0.6930291748046875 0.6102147216796875 0.6930291748046875 0.6102147216796875 0.710038818359375 0.572543701171875 0.710038818359375
0 0.6225155029296875 0.7478059387207031 0.6590333251953124 0.7478059387207031 0.6590333251953124 0.7622209167480468 0.6225155029296875 0.7622209167480468
0 0.62289990234375 0.727048370361328 0.667105712890625 0.727048370361328 0.667105712890625 0.7434814147949217 0.62289990234375 0.7434814147949217
0 0.5190454847081609 0.7317934096918092 0.5340085327188874 0.7007121469157 0.545463972279718 0.7038142462422031 0.5305009242689915 0.7348955090183122
0 0.5367935142594249 0.7187493232204458 0.544139350139496 0.708119325870799 0.5574362037464605 0.7132880038931648 0.5500903678663894 0.7239180012428117
0 0.7047767639160156 0.8285296020507813 0.7309158630371093 0.8285296020507813 0.7309158630371093 0.8484221801757813 0.7047767639160156 0.8484221801757813
0 0.5817693176269532 0.8530349426269531 0.6328942565917969 0.8530349426269531 0.6328942565917969 0.8735041198730469 0.5817693176269532 0.8735041198730469
0 0.4975860595703125 0.8204572448730468 0.567930908203125 0.8204572448730468 0.567930908203125 0.8400615539550781 0.4975860595703125 0.8400615539550781
0 0.6940135498046875 0.8994510803222656 0.7109271240234376 0.8994510803222656 0.7109271240234376 0.9158841247558593 0.6940135498046875 0.9158841247558593
0 0.383804141998291 0.8737251605987549 0.425319149017334 0.8737251605987549 0.425319149017334 0.8970773296356201 0.383804141998291 0.8970773296356201
0 0.23179565811157224 0.4637565774917603 0.2738514060974121 0.4637565774917603 0.2738514060974121 0.4793327779769898 0.23179565811157224 0.4793327779769898
0 0.6708338168453257 0.6622555805670362 0.6897216765406425 0.6622555805670362 0.6897216765406425 0.6801990472775868 0.6708338168453257 0.6801990472775868
