0 0.9062066901813046 0.25143231201171873 0.9381464538574217 0.25143231201171873 0.9381464538574217 0.2756500854492187 0.9062066901813046 0.2756500854492187
0 0.7395865783691393 0.4725239562988281 0.7395865783691393 0.4293302164857295 0.7593693928520854 0.4293302164857295 0.7593693928520854 0.4725239562988281
0 0.4137620239257813 0.10334133911132813 0.44877978515625006 0.10334133911132813 0.44877978515625006 0.1288654022216797 0.4137620239257813 0.1288654022216797
0 0.3601755707595206 0.28296733954809455 0.37579980389936857 0.28296733954809455 0.37579980389936857 0.3013882060724807 0.3601755707595206 0.3013882060724807
0 0.32666041755676267 0.4472014904022217 0.32666041755676267 0.4150233135223389 0.34144766902923585 0.4150233135223389 0.34144766902923585 0.4472014904022217
0 0.4349851909921069 0.2972280893325783 0.44754415702819955 0.2972280893325783 0.44754415702819955 0.31347660207491357 0.4349851909921069 0.31347660207491357
0 0.452051891803576 0.34791819009990527 0.43860419310659066 0.31602748977504874 0.45189022054259453 0.3060675541466255 0.4653379192395799 0.3379582544714819
0 0.465432134521144 0.38356023842866915 0.4731071288981489 0.3629643835927805 0.4835919068306901 0.3699103863852066 0.4759169124536852 0.3905062412210953
0 0.4690343322753906 0.3918429718017578 0.48759616088867186 0.3918429718017578 0.48759616088867186 0.40804057312011716 0.4690343322753906 0.40804057312011716
0 0.5113865356445305 0.5535035705566406 0.5113865356445305 0.5293159784386064 0.523507534453173 0.5293159784386064 0.523507534453173 0.5535035705566406
0 0.5446873111614728 0.5147999775396848 0.5698793173211432 0.5147999775396848 0.5698793173211432 0.5414596236063348 0.5446873111614728 0.5414596236063348
0 0.5735912509472139 0.5141426937942745 0.5735912509472139 0.4820267142179806 0.5894102478027305 0.4820267142179806 0.5894102478027305 0.5141426937942745
0 0.521409375835351 0.6095065307617176 0.521409375835351 0.581923292763937 0.5372277555620573 0.581923292763937 0.5372277555620573 0.6095065307617176
0 0.4841763801574705 0.6296568025351582 0.5219331576647469 0.6296568025351582 0.5219331576647469 0.6574742107391355 0.4841763801574705 0.6574742107391355
0 0.5743899230957018 0.6051237182617183 0.6014425552200205 0.6051237182617183 0.6014425552200205 0.6295292824351139 0.5743899230957018 0.6295292824351139
0 0.3773743555213576 0.5260713858867024 0.3773743555213576 0.4972484208756454 0.3987011837943643 0.4972484208756454 0.3987011837943643 0.5260713858867024
0 0.4425185241699219 0.4652934265136719 0.4653274841308594 0.4652934265136719 0.4653274841308594 0.4829185485839844 0.4425185241699219 0.4829185485839844
0 0.4257771335543179 0.564132230758666 0.4257771335543179 0.5376401034049075 0.4498214514540833 0.5376401034049075 0.4498214514540833 0.564132230758666
0 0.47646036723207147 0.5392368826141569 0.47646036723207147 0.5036963943801198 0.49959333708833364 0.5036963943801198 0.49959333708833364 0.5392368826141569
0 0.3793099420957872 0.62192493092436 0.3793099420957872 0.5976148328749455 0.39364139059058934 0.5976148328749455 0.39364139059058934 0.62192493092436
0 0.4343502295900834 0.70755239868164 0.4343502295900834 0.6769106877583324 0.44530484008788984 0.6769106877583324 0.44530484008788984 0.70755239868164
0 0.3929071207046497 0.2459927891711483 0.3929071207046497 0.2197449975824944 0.40649146941864817 0.2197449975824944 0.40649146941864817 0.2459927891711483
0 0.60702685546875 0.85173095703125 0.60702685546875 0.8136652018229166 0.6190710754394532 0.8136652018229166 0.6190710754394532 0.85173095703125
0 0.6612021107475944 0.6590126073603807 0.6612021107475944 0.625705071553089 0.6787665943901725 0.625705071553089 0.6787665943901725 0.6590126073603807
0 0.6701833630697407 0.6295816345214834 0.6701833630697407 0.5957163630718897 0.6867434591893572 0.5957163630718897 0.6867434591893572 0.6295816345214834
