0 0.17388522171505516 0.24958287383581826 0.19436392891172688 0.24958287383581826 0.19436392891172688 0.2712456105838291 0.17388522171505516 0.2712456105838291
0 0.23398422024386417 0.10619823329491147 0.247909473951741 0.08432968542396839 0.26114691165593495 0.09931495545640351 0.24722165794805812 0.1211835033273466
0 0.7197246398925782 0.09052490997314454 0.739187469482422 0.09052490997314454 0.739187469482422 0.10862989044189453 0.7197246398925782 0.10862989044189453
0 0.8755861184735548 0.26288302738693525 0.8755861184735548 0.2294770786053882 0.8955108192120187 0.2294770786053882 0.8955108192120187 0.26288302738693525
0 0.7871081341478277 0.3234021982555591 0.77519005725351 0.2855657352491188 0.7920666673387462 0.276115157885184 0.8039847442330639 0.31395162089162426
0 0.7094496491970308 0.2998334513625346 0.7428494728570034 0.2998334513625346 0.7428494728570034 0.3291222800893033 0.7094496491970308 0.3291222800893033
0 0.7693636327006322 0.34065738913499005 0.7477469517889345 0.3161711802291758 0.7591760433736124 0.29823389774793274 0.7807927242853102 0.322720106653747
0 0.8413624691790234 0.33113949535558435 0.8595425779699628 0.313287853464699 0.8688993574515755 0.3302281956669754 0.8507192486606361 0.3480798375578607
0 0.9111631130326407 0.38820179447210107 0.9376875853815568 0.38820179447210107 0.9376875853815568 0.4139827294320882 0.9111631130326407 0.4139827294320882
0 0.8628164314377917 0.42573521360145433 0.8918215080153351 0.42573521360145433 0.8918215080153351 0.44946512698551394 0.8628164314377917 0.44946512698551394
0 0.9253811297693744 0.3502549511610791 0.9484586947933936 0.3502549511610791 0.9484586947933936 0.36871460692279756 0.9253811297693744 0.36871460692279756
0 0.8316770584998866 0.4609887032652809 0.852903259501911 0.4609887032652809 0.852903259501911 0.48667742156406696 0.8316770584998866 0.48667742156406696
0 0.896546351749727 0.5290093966113927 0.8795071784207955 0.507207921665923 0.8912613767183627 0.49087615633468723 0.9083005500472942 0.512677631280157
0 0.7749765362462516 0.5495864154430615 0.7749765362462516 0.5191132709118115 0.7915555068753942 0.5191132709118115 0.7915555068753942 0.5495864154430615
0 0.6922901345275839 0.5054366027657728 0.6721168850847972 0.4817241500993295 0.6841061794882953 0.46359111594704033 0.7042794289310821 0.4873035686134837
0 0.7361245422363283 0.42479603576660163 0.759858367919922 0.42479603576660163 0.759858367919922 0.44354869079589854 0.7361245422363283 0.44354869079589854
0 0.7620517626324143 0.4496851952090249 0.7761702036520997 0.4293124411603904 0.7874232097045886 0.4431762648724767 0.7733047686849032 0.46354901892111117
0 0.7922223552855301 0.39771671853654483 0.7746920451590671 0.36544222223661843 0.7888157605099865 0.35180403791844284 0.8063460706364495 0.38407853421836924
0 0.8260714229052535 0.40156780426509003 0.8044084223519815 0.3795264275820886 0.8135213427968521 0.36360379234093615 0.835184343350124 0.3856451690239376
0 0.7029411315917968 0.5033228149414063 0.722279815673828 0.5033228149414063 0.722279815673828 0.5173873291015626 0.7029411315917968 0.5173873291015626
0 0.7282132873535158 0.5179733428955078 0.7282132873535158 0.5003927357991537 0.735794906616211 0.5003927357991537 0.735794906616211 0.5179733428955078
0 0.6970076904296875 0.5267636413574219 0.7211810302734375 0.5267636413574219 0.7211810302734375 0.5408281555175781 0.6970076904296875 0.5408281555175781
0 0.6104898848362587 0.6196541491008104 0.5938875606755147 0.5868609549662779 0.6073552850639827 0.5747394411024159 0.6239576092247267 0.6075326352369484
0 0.6141589965820327 0.5520655056470821 0.6378904626188238 0.5520655056470821 0.6378904626188238 0.5700261691576062 0.6141589965820327 0.5700261691576062
0 0.6281578808420406 0.5845129680116635 0.6390022476646356 0.6006708070032423 0.630486650407965 0.6108312702695876 0.61964228358537 0.5946734312780089
0 0.5599602917559131 0.6519878592116309 0.5839218721359178 0.6416806017755408 0.5887293407600671 0.6615491560465764 0.5647677603800624 0.6718564134826664
0 0.5829533100128174 0.6240430316925049 0.6062476177215576 0.6240430316925049 0.6062476177215576 0.6439677104949951 0.5829533100128174 0.6439677104949951
0 0.6238669260891337 0.6874719014414863 0.6238669260891337 0.6592977968983512 0.6425156842876889 0.6592977968983512 0.6425156842876889 0.6874719014414863
0 0.6755487020317785 0.631368347167969 0.6983262634277351 0.631368347167969 0.6983262634277351 0.6524587345320955 0.6755487020317785 0.6524587345320955
0 0.6816410744791943 0.6127563386883349 0.6987048032363303 0.5906122822593494 0.7087707433237438 0.6044017839966994 0.6917070145666078 0.6265458404256851
0 0.8099631958007812 0.6328334655761719 0.8279833374023438 0.6328334655761719 0.8279833374023438 0.6504140930175781 0.8099631958007812 0.6504140930175781
0 0.5619138217458557 0.42246486018389295 0.5619138217458557 0.39472030366043204 0.5796066758679507 0.39472030366043204 0.5796066758679507 0.42246486018389295
0 0.4269801806042058 0.5819005322602052 0.44033054237880626 0.5607636362481033 0.450866882947826 0.572594572029468 0.43751652117322554 0.5937314680415697
0 0.4840494811610977 0.6042327861538247 0.46862871635620795 0.581137947008041 0.48019828512450036 0.5674043083467603 0.4956190499293901 0.5904991474925438
0 0.5132080111553872 0.6345887339664863 0.49967381294621827 0.6087274917900135 0.5129365032407966 0.5963881426497902 0.5264707014499656 0.622249384826263
0 0.5205798480390071 0.6964031332319869 0.5063873419564389 0.6789227923383145 0.5140341133648324 0.6678854434154281 0.5282266194474007 0.6853657843091004
0 0.33381529716775304 0.8050208965977856 0.3538727531784389 0.8050208965977856 0.3538727531784389 0.8266625839788055 0.33381529716775304 0.8266625839788055
0 0.3653116149902344 0.864976379394531 0.3844026794433594 0.864976379394531 0.3844026794433594 0.878282287597656 0.3653116149902344 0.878282287597656
0 0.3928635253906237 0.8586388587878652 0.3928635253906237 0.826522271460412 0.40803966133721226 0.826522271460412 0.40803966133721226 0.8586388587878652
0 0.4156426715850825 0.7948969634503779 0.4453837661860259 0.7948969634503779 0.4453837661860259 0.8146452932357785 0.4156426715850825 0.8146452932357785
0 0.4568817014167282 0.7913203862394568 0.4568817014167282 0.7539095789477902 0.47526773352122037 0.7539095789477902 0.47526773352122037 0.7913203862394568
0 0.1822127527522516 0.9614494248395649 0.20465413794675705 0.942378898425587 0.2150606684298988 0.9641494991517537 0.19261928323539335 0.9832200255657316
0 0.22761123565371993 0.9476965986830826 0.22761123565371993 0.9127750339321473 0.24399034061600974 0.9127750339321473 0.24399034061600974 0.9476965986830826
0 0.3064605503375004 0.9115918979620435 0.3064605503375004 0.8890822556732436 0.3255662063322799 0.8890822556732436 0.3255662063322799 0.9115918979620435
0 0.6678284931182862 0.7847556743621825 0.6678284931182862 0.7558943513234455 0.6814367971420289 0.7558943513234455 0.6814367971420289 0.7847556743621825
0 0.5406457286539207 0.720343041620844 0.5318884683823739 0.699975752164738 0.5447816992148086 0.6901203522209238 0.5535389594863553 0.7104876416770298
0 0.5138398742675782 0.7357339782714845 0.5463088073730469 0.7357339782714845 0.5463088073730469 0.7589715881347657 0.5138398742675782 0.7589715881347657
0 0.17750878143310547 0.7587944030761719 0.17750878143310547 0.7103091328938801 0.19796350479125976 0.7103091328938801 0.19796350479125976 0.7587944030761719
0 0.2852718281316449 0.5504855748292017 0.27216470078922916 0.5136439766361798 0.28953960453343314 0.5026547042625698 0.3026467318758489 0.5394963024555917
