0 0.254857408378713 0.0 0.2921077135544943 0.0 0.2921077135544943 0.0313971112514479 0.254857408378713 0.0313971112514479
0 0.37483364790558915 0.23924388243637038 0.37483364790558915 0.19750491933962455 0.4039144236528727 0.19750491933962455 0.4039144236528727 0.23924388243637038
0 0.3503354223054679 0.14811957087860161 0.3503354223054679 0.11434520102246358 0.36894641155361546 0.11434520102246358 0.36894641155361546 0.14811957087860161
0 0.3769667091369623 0.24459704780578614 0.3997049631321692 0.24459704780578614 0.3997049631321692 0.2750381450653076 0.3769667091369623 0.2750381450653076
0 0.40981105041503907 0.4181647796630859 0.45266893005371095 0.4181647796630859 0.45266893005371095 0.45768482971191404 0.40981105041503907 0.45768482971191404
0 0.36735369873046886 0.4304480590820321 0.36735369873046886 0.3686870474775894 0.39473690251289495 0.3686870474775894 0.39473690251289495 0.4304480590820321
0 0.49192189407348635 0.4432653694152833 0.5395862846374512 0.4432653694152833 0.5395862846374512 0.48438758468627935 0.49192189407348635 0.48438758468627935
0 0.4548766515535141 0.4401857809093497 0.4548766515535141 0.3858594975128115 0.48078806389092144 0.3858594975128115 0.48078806389092144 0.4401857809093497
0 0.22057807101485286 0.6520680954643227 0.22057807101485286 0.6018824586953417 0.24300177714883187 0.6018824586953417 0.24300177714883187 0.6520680954643227
0 0.3043100495433646 0.7033135029888181 0.3043100495433646 0.6613153720360992 0.3437236596464909 0.6613153720360992 0.3437236596464909 0.7033135029888181
0 0.3929599736439999 0.5716991974208818 0.4244449685460418 0.5716991974208818 0.4244449685460418 0.6091825080650328 0.3929599736439999 0.6091825080650328
0 0.4697368667731534 0.6437677858538565 0.50790896989559 0.6366076101317999 0.5105073816103466 0.6612344023671909 0.47233527848791007 0.6683945780892476
0 0.21763447668072305 0.8959461853137944 0.21763447668072305 0.8496853969299266 0.2472981318634577 0.8496853969299266 0.2472981318634577 0.8959461853137944
0 0.5059409027099583 0.8376473999023463 0.5059409027099583 0.7917093120428401 0.5324232847762913 0.7917093120428401 0.5324232847762913 0.8376473999023463
0 0.5678591216844314 0.7958867262122128 0.5678591216844314 0.7385260401529828 0.5885871185106033 0.7385260401529828 0.5885871185106033 0.7958867262122128
0 0.6060761451721184 0.8424538612365718 0.6557904375016993 0.8424538612365718 0.6557904375016993 0.8862463340759273 0.6060761451721184 0.8862463340759273
0 0.762287109374999 0.9663545227050762 0.762287109374999 0.8930013048920876 0.7944305419921864 0.8930013048920876 0.7944305419921864 0.9663545227050762
0 0.6348799289893251 0.6812137780637281 0.677439089797333 0.6664754740837174 0.6830607988589236 0.6953351457157754 0.6405016380509156 0.7100734496957859
0 0.8193339932668029 0.5426524215476984 0.8761522333341801 0.5426524215476984 0.8761522333341801 0.5974294996620197 0.8193339932668029 0.5974294996620197
0 0.49228069312110156 0.616826042611182 0.5130253176146728 0.616826042611182 0.5130253176146728 0.6363806653896182 0.49228069312110156 0.6363806653896182
0 0.4601007259800097 0.6296002835762115 0.4866709084868726 0.617902720152096 0.491269261005318 0.6364713074672371 0.46469907849845504 0.6481688708913526
