0 0.20022185451345176 0.1771444444650284 0.20022185451345176 0.12375976411699412 0.2430912907774898 0.12375976411699409 0.2430912907774898 0.1771444444650284
0 0.12016434097290031 0.2537524490356448 0.1201643409729003 0.18907682331479192 0.1605980281829833 0.18907682331479192 0.1605980281829833 0.2537524490356448
0 0.0720986061096192 0.2767560275775573 0.15783749008178716 0.2767560275775573 0.15783749008178716 0.34122343444824166 0.0720986061096192 0.34122343444824166
0 0.44703295596350023 0.263489919376181 0.3946352770626747 0.21037833934251493 0.4223485203129756 0.16177258870008648 0.4747461992138011 0.21488416873375252
0 0.5281058403765687 0.257012336559551 0.5897835710871085 0.22443817475302644 0.6023453776862987 0.26672301684567573 0.5406676469757589 0.2992971786522003
0 0.452727298736572 0.3845258598327635 0.452727298736572 0.3013851229349771 0.49018203588769704 0.3013851229349771 0.49018203588769704 0.3845258598327635
0 0.4309451261415774 0.36061645111836294 0.4964455772076243 0.41694926285994854 0.47215206537765025 0.46716624798884737 0.40665161431160335 0.4108334362472617
0 0.3989480408794322 0.4797325452566909 0.45870545665091655 0.4797325452566909 0.45870545665091655 0.5325615857840346 0.3989480408794322 0.5325615857840346
0 0.5228773498535156 0.39665061950683594 0.5936768493652343 0.39665061950683594 0.5936768493652343 0.44428334045410156 0.5228773498535156 0.44428334045410156
0 0.6859603384990849 0.487243986074871 0.6600517422754093 0.38000240277459696 0.7022474891355215 0.3618795393750882 0.7281560853591971 0.46912112267536227
0 0.5756303502906617 0.6391015136231263 0.6411931595879413 0.6391015136231263 0.6411931595879413 0.6962607543457824 0.5756303502906617 0.6962607543457824
0 0.6862281017977108 0.6079666175842285 0.7710004196166983 0.6079666175842285 0.7710004196166983 0.6633937339782715 0.6862281017977108 0.6633937339782715
0 0.23967916107177717 0.601038299560547 0.23967916107177717 0.5484608308103492 0.29890946547082003 0.5484608308103492 0.29890946547082003 0.601038299560547
0 0.25019373945929646 0.694007541319706 0.2799107599376173 0.642203688644211 0.3116402480097782 0.6745618429979165 0.28192322753145727 0.7263656956734116
0 0.15783748626708985 0.7540420227050783 0.21174906158447265 0.7540420227050783 0.21174906158447265 0.792148162841797 0.15783748626708985 0.792148162841797
0 0.35919396972656176 0.8545037536621094 0.35919396972656176 0.7991676428732895 0.40299569353793396 0.7991676428732895 0.40299569353793396 0.8545037536621094
0 0.4774096832275391 0.9107969055175781 0.5319708099365235 0.9107969055175781 0.5319708099365235 0.9463049011230468 0.4774096832275391 0.9463049011230468
0 0.12294063688318733 0.5686664149762725 0.12294063688318733 0.5202919662410571 0.15151969266932014 0.5202919662410571 0.15151969266932014 0.5686664149762725
0 0.9594487609863281 0.18340548324584957 0.9594487609863281 0.1077099367777506 0.9883414764404297 0.1077099367777506 0.9883414764404297 0.18340548324584957
