0 0.2717520961021506 0.08543574739964356 0.2717520961021506 0.04026436216892509 0.2911535668975936 0.04026436216892508 0.2911535668975936 0.08543574739964356
0 0.25852613670387403 0.17419947667414262 0.25852613670387403 0.13521059473903224 0.2718308776096357 0.13521059473903224 0.2718308776096357 0.17419947667414262
0 0.24893990009748085 0.1799619111119571 0.28828402507648004 0.1799619111119571 0.28828402507648004 0.20504827585805074 0.24893990009748085 0.20504827585805074
0 0.30897198005791116 0.25284340027008595 0.30897198005791116 0.21267148570355335 0.33274440487156776 0.21267148570355335 0.33274440487156776 0.25284340027008595
0 0.40997022289448315 0.3754650327565547 0.40997022289448315 0.33553300253912016 0.4419831583431336 0.33553300253912016 0.4419831583431336 0.3754650327565547
0 0.1064378662109375 0.44653727722167974 0.1472928009033203 0.44653727722167974 0.1472928009033203 0.48452522277832033 0.1064378662109375 0.48452522277832033
0 0.2660733329393394 0.39146097737528135 0.2660733329393394 0.3662787072329496 0.28765287742806145 0.3662787072329496 0.28765287742806145 0.39146097737528135
0 0.3064174900384729 0.5043359606947772 0.3064174900384729 0.469034457547212 0.32586124837822084 0.469034457547212 0.32586124837822084 0.5043359606947772
0 0.25535428244510816 0.5196388460355353 0.25535428244510816 0.4950910423112646 0.2799853827378475 0.4950910423112646 0.2799853827378475 0.5196388460355353
0 0.2906562017574543 0.5906932961330273 0.2906562017574543 0.5595746156544074 0.3135331845559854 0.5595746156544074 0.3135331845559854 0.5906932961330273
0 0.2742636149941144 0.6506943176233717 0.2742636149941144 0.6046779099105125 0.3001495311015152 0.6046779099105125 0.3001495311015152 0.6506943176233717
0 0.10912568664550781 0.7095857849121093 0.1091256866455078 0.5910826110839844 0.13412245559692382 0.5910826110839844 0.13412245559692382 0.7095857849121093
0 0.2471353049777524 0.7567435552080145 0.2814566718903702 0.7567435552080145 0.2814566718903702 0.7852511687590703 0.2471353049777524 0.7852511687590703
0 0.2134133071899414 0.8020469665527342 0.24459206390380858 0.8020469665527342 0.24459206390380858 0.8328673400878905 0.2134133071899414 0.8328673400878905
0 0.3448557101508322 0.6661815012423777 0.3785066625880292 0.6661815012423777 0.3785066625880292 0.6915929060677475 0.3448557101508322 0.6915929060677475
0 0.3403450243611217 0.7645392078970087 0.3403450243611217 0.7153561467144091 0.3595809181587758 0.7153561467144091 0.3595809181587758 0.7645392078970087
0 0.35210507202148444 0.807064208984375 0.38220870971679693 0.807064208984375 0.38220870971679693 0.8328673095703124 0.35210507202148444 0.8328673095703124
0 0.363028284664683 0.7503521140232174 0.363028284664683 0.7223612514662304 0.3848160502665549 0.7223612514662304 0.3848160502665549 0.7503521140232174
0 0.4626110219506447 0.8794562683105432 0.4626110219506447 0.8451164852492701 0.48183007061533645 0.8451164852492701 0.48183007061533645 0.8794562683105432
0 0.24105185423860512 0.9889091776201514 0.24105185423860512 0.959113706348746 0.2684076564296185 0.959113706348746 0.2684076564296185 0.9889091776201514
0 0.27469569396972654 0.9555613098144531 0.31125010681152343 0.9555613098144531 0.31125010681152343 0.9770639343261718 0.27469569396972654 0.9770639343261718
0 0.37683302307128896 0.8883671584734943 0.4138815130064961 0.8883671584734943 0.4138815130064961 0.9190068969726544 0.37683302307128896 0.9190068969726544
0 0.54562841796875 0.8860362854003906 0.5762696533203124 0.8860362854003906 0.5762696533203124 0.9111226501464843 0.54562841796875 0.9111226501464843
0 0.7939834918975829 0.7432472896276555 0.7939834918975829 0.7011459080491899 0.8244974848411325 0.7011459080491899 0.8244974848411325 0.7432472896276555
0 0.7833241506146684 0.8545313707588362 0.7833241506146684 0.8031961017958991 0.8054805660996098 0.8031961017958991 0.8054805660996098 0.8545313707588362
0 0.6464097395092878 0.9952926445605952 0.6464097395092878 0.9631870730731887 0.6705214105774879 0.9631870730731887 0.6705214105774879 0.9952926445605952
0 0.4748321017015803 0.5578467768232347 0.4748321017015803 0.537833902221179 0.5000186709154493 0.537833902221179 0.5000186709154493 0.5578467768232347
