0 0.20216526985168456 0.12055416202545166 0.22654701042175293 0.12055416202545166 0.22654701042175293 0.1354541082382202 0.20216526985168456 0.1354541082382202
0 0.17007230437176904 0.17879941749572667 0.1864187126159668 0.17879941749572667 0.1864187126159668 0.19776299095153713 0.17007230437176904 0.19776299095153713
0 0.17291998461928684 0.2188170693240814 0.17291998461928684 0.20065344733994891 0.1844349240865419 0.20065344733994891 0.1844349240865419 0.2188170693240814
0 0.21982766687987865 0.06914026573521431 0.21982766687987865 0.044669699681063296 0.23582517147149892 0.044669699681063296 0.23582517147149892 0.06914026573521431
0 0.3611545267105104 0.29732174491882296 0.3611545267105104 0.264709702727985 0.3729704520708789 0.264709702727985 0.3729704520708789 0.29732174491882296
0 0.2720017078322868 0.414501051090618 0.2720017078322868 0.38541331617673574 0.28762126807398597 0.38541331617673574 0.28762126807398597 0.414501051090618
0 0.22908677864074703 0.3948487558364868 0.25011369411017215 0.3948487558364868 0.25011369411017215 0.40974871730804446 0.22908677864074703 0.40974871730804446
0 0.17524377441406253 0.48357118225097656 0.19302212524414064 0.48357118225097656 0.19302212524414064 0.4957620697021485 0.17524377441406253 0.4957620697021485
0 0.21994361877441407 0.44903039550781254 0.24686512756347656 0.44903039550781254 0.24686512756347656 0.45918945312500004 0.21994361877441407 0.45918945312500004
0 0.2375067893086492 0.46976752768285435 0.2533600279346799 0.4489462833715148 0.26271360397563653 0.46160723854396296 0.2468603653496059 0.4824284828553025
0 0.2971524524688721 0.42333997592314193 0.3213677420976177 0.42333997592314193 0.3213677420976177 0.4483531322479242 0.2971524524688721 0.4483531322479242
0 0.2880325993035514 0.4865136675188672 0.31388604483588156 0.4865136675188672 0.31388604483588156 0.5070078526711916 0.2880325993035514 0.5070078526711916
0 0.22130103257918518 0.526927976749798 0.23824712870264994 0.526927976749798 0.23824712870264994 0.5422144756070627 0.22130103257918518 0.5422144756070627
0 0.31210419745653434 0.516011363134025 0.3358342700188583 0.516011363134025 0.3358342700188583 0.5343665161132811 0.31210419745653434 0.5343665161132811
0 0.23980845116609079 0.5605810403947107 0.25303796722344757 0.5605810403947107 0.25303796722344757 0.5791122365890357 0.23980845116609079 0.5791122365890357
0 0.25787670359435766 0.5824985891280977 0.2802837961488108 0.5824985891280977 0.2802837961488108 0.5994303518234102 0.25787670359435766 0.5994303518234102
0 0.24240839460632202 0.6461161804199207 0.24240839460632202 0.6275737699055541 0.262407272797304 0.6275737699055541 0.262407272797304 0.6461161804199207
0 0.38248855590820313 0.6230889282226563 0.4109339294433594 0.6230889282226563 0.4109339294433594 0.6434070434570313 0.38248855590820313 0.6434070434570313
0 0.21638795471191405 0.7084250488281251 0.25092875671386716 0.7084250488281251 0.25092875671386716 0.72942041015625 0.21638795471191405 0.72942041015625
0 0.12559972028861274 0.7679510729311257 0.14691538316566427 0.7422897627793018 0.15724731600403088 0.7575471112292423 0.13593165312697936 0.7832084213810663
0 0.2946415697576239 0.7361930847167969 0.31340698242187487 0.7361930847167969 0.31340698242187487 0.7578657531738281 0.2946415697576239 0.7578657531738281
0 0.24788104248046866 0.7810764487975449 0.24788104248046866 0.7564121085441333 0.2622099782652512 0.7564121085441333 0.2622099782652512 0.7810764487975449
0 0.18902299158998337 0.8434863057235634 0.20268550753498824 0.8178891099335489 0.21652044938084114 0.8310169447248837 0.20285793343583627 0.8566141405148984
0 0.1782914886474602 0.873001800537104 0.1782914886474602 0.8530604327710799 0.19516713547388115 0.8530604327710799 0.19516713547388115 0.873001800537104
0 0.35336445238882674 0.8125163903138661 0.36568819681806325 0.7842606328810314 0.3769452220147191 0.7929890771053408 0.3646214775854826 0.8212448345381755
0 0.38231155682861984 0.8454507979416568 0.38231155682861984 0.8139016356568508 0.39591882821138025 0.8139016356568508 0.39591882821138025 0.8454507979416568
0 0.6274898441631168 0.7375476379394544 0.6274898441631168 0.7171299906108305 0.6399847026275429 0.7171299906108305 0.6399847026275429 0.7375476379394544
0 0.7125739866098487 0.6857391227152648 0.7125739866098487 0.6439865798266063 0.7298064254527683 0.6439865798266063 0.7298064254527683 0.6857391227152648
0 0.7497865399923039 0.7814636333408268 0.7497865399923039 0.7595225565135765 0.7635412587328351 0.7595225565135765 0.7635412587328351 0.7814636333408268
0 0.9182196044921888 0.7602462463378905 0.9182196044921888 0.741101160913936 0.9277260079238895 0.741101160913936 0.9277260079238895 0.7602462463378905
0 0.9451410522460943 0.7622780151367189 0.9451410522460943 0.737186791486322 0.9602446094425184 0.737186791486322 0.9602446094425184 0.7622780151367189
0 0.3009466795783632 0.9695228576660152 0.3009466795783632 0.9509143714689 0.3166270317868589 0.9509143714689 0.3166270317868589 0.9695228576660152
0 0.10667012786865233 0.5787376708984375 0.1544177017211914 0.5787376708984375 0.1544177017211914 0.5990557861328125 0.10667012786865233 0.5990557861328125
0 0.31117330641954727 0.6803165597915625 0.32713512992858884 0.6803165597915625 0.32713512992858884 0.6952499685287451 0.31117330641954727 0.6952499685287451
0 0.49552204990386994 0.8492185039520258 0.49552204990386994 0.8301022828192851 0.5084287317176038 0.8301022828192851 0.5084287317176038 0.8492185039520258
