0 0.7534843863840921 0.04448807545634606 0.7534843863840921 -4.625929269271486e-17 0.7906319738152775 -5.5357827501444396e-17 0.7906319738152775 0.04448807545634605
0 0.7174405822753891 0.16009775161743162 0.7174405822753891 0.1300309786764979 0.7552994943683499 0.1300309786764979 0.7552994943683499 0.1600977516174316
0 0.8894315660866687 0.07425551926000269 0.9263394214998804 0.07425551926000269 0.9263394214998804 0.11713742390552585 0.8894315660866687 0.11713742390552585
0 0.6370680812878421 0.32728257179972836 0.6370680812878421 0.26277845615578477 0.6804023171757405 0.26277845615578477 0.6804023171757405 0.32728257179972836
0 0.9343599548339845 0.18838167572021466 0.9343599548339845 0.1388425884404703 0.9618690821958688 0.1388425884404703 0.9618690821958688 0.18838167572021466
0 0.7950748901367174 0.2790140567736785 0.8393372483842547 0.2790140567736785 0.8393372483842547 0.32286381530761615 0.7950748901367174 0.32286381530761615
0 0.7338487010484314 0.42154588489318473 0.7338487010484314 0.3845259577148233 0.7569170888836587 0.3845259577148233 0.7569170888836587 0.42154588489318473
0 0.6693981056213364 0.3627984977679412 0.7053450231230269 0.3627984977679412 0.7053450231230269 0.38903750419616606 0.6693981056213364 0.38903750419616606
0 0.8605039615931098 0.3548833770751953 0.8605039615931098 0.3093114721748725 0.8934000890839173 0.3093114721748725 0.8934000890839173 0.3548833770751953
0 0.9075435523986816 0.34421013259887695 0.9587748069763182 0.34421013259887695 0.9587748069763182 0.3810326042175293 0.9075435523986816 0.3810326042175293
0 0.952370910644531 0.277560745079259 0.9914024174379201 0.277560745079259 0.9914024174379201 0.310841987649863 0.952370910644531 0.310841987649863
0 0.8065586366117788 0.46094698085143576 0.8065586366117788 0.41129866953652156 0.8369875646012797 0.41129866953652156 0.8369875646012797 0.46094698085143576
0 0.8729115562738957 0.49503707140802594 0.8729115562738957 0.45778464817526854 0.9042447125445918 0.45778464817526854 0.9042447125445918 0.49503707140802594
0 0.8526883450154439 0.6237068405351357 0.8526883450154439 0.5763396142881686 0.8804976251559532 0.5763396142881686 0.8804976251559532 0.6237068405351357
0 0.6572225501457146 0.6424208986232446 0.6572225501457146 0.5878650188803919 0.6772796439588885 0.5878650188803919 0.6772796439588885 0.6424208986232446
0 0.60515724953643 0.36552662772989736 0.6343112131182904 0.36552662772989736 0.6343112131182904 0.3943442241654449 0.60515724953643 0.3943442241654449
0 0.5770951861263921 0.390773068052981 0.6245853418071124 0.390773068052981 0.6245853418071124 0.42271786079691775 0.5770951861263921 0.42271786079691775
0 0.5942932602833753 0.5085342865494512 0.6120301524298754 0.44012050031602473 0.6394482869582853 0.452757654232585 0.6217113948117852 0.5211714404660114
0 0.5707605889135786 0.5333868514752377 0.6123428190188193 0.5046710126767344 0.6241236664849721 0.5349987686419485 0.5825414363797314 0.5637146074404518
0 0.6198239190605169 0.5720377824761947 0.6198239190605169 0.5195701274515514 0.640034559099879 0.5195701274515514 0.640034559099879 0.5720377824761947
0 0.628867947593429 0.6926316224744516 0.628867947593429 0.6516310890684055 0.659091842651367 0.6516310890684055 0.659091842651367 0.6926316224744516
0 0.7782764529132159 0.7320200504632202 0.7407892334439719 0.6931345384370453 0.7562147665095598 0.6666974842539616 0.7937019859788038 0.7055829962801364
0 0.46157038883681845 0.6278073911773757 0.46157038883681845 0.5939595334199911 0.4979020401815697 0.5939595334199911 0.4979020401815697 0.6278073911773757
0 0.49938398399780404 0.6548895229382354 0.49938398399780404 0.6070169821750676 0.5313905991972306 0.6070169821750676 0.5313905991972306 0.6548895229382354
0 0.4488365952962311 0.6707347382623402 0.4216600775769166 0.6455710689721897 0.43398822977638196 0.6219012302353608 0.46116474749569647 0.6470648995255113
0 0.4160434417724592 0.4538943678037613 0.4160434417724592 0.40164640048032085 0.4436482205337484 0.40164640048032085 0.4436482205337484 0.4538943678037613
0 0.3423984832763665 0.6428350305450345 0.3423984832763665 0.5884720213244391 0.37078132380797824 0.5884720213244391 0.37078132380797824 0.6428350305450345
0 0.26666260108520196 0.6879764064831572 0.26666260108520196 0.655345350058376 0.2821832839451564 0.655345350058376 0.2821832839451564 0.6879764064831572
0 0.3475007591676295 0.6850838369305373 0.3475007591676295 0.6401502235213052 0.3796971368682784 0.6401502235213052 0.3796971368682784 0.6850838369305373
0 0.41085494758172303 0.698008955649371 0.37939905064232904 0.6554252514507712 0.3977917819626327 0.6312716254785374 0.4292476789020267 0.6738553296771373
0 0.23313177490234377 0.7862742845627912 0.23313177490234377 0.7338890669119515 0.2576064613599646 0.7338890669119515 0.2576064613599646 0.7862742845627912
0 0.3097676792444771 0.9036410909930618 0.3097676792444771 0.8703295131498062 0.3398838422282636 0.8703295131498062 0.3398838422282636 0.9036410909930618
0 0.2913564262690135 0.8015849417840144 0.2913564262690135 0.758408324855315 0.31360258763989063 0.758408324855315 0.31360258763989063 0.8015849417840144
0 0.3346355274835311 0.7281587394845789 0.3725833411330292 0.7534541747079967 0.3613775590804583 0.7833399308004059 0.3234297454309602 0.7580444955769879
0 0.38839713769013984 0.798521053137934 0.37037606694733455 0.7598693109902875 0.396125215428994 0.7385264879903163 0.41414628617179927 0.7771782301379626
0 0.026096908111988747 0.9386310612949603 0.011137018070722262 0.8883666650744861 0.03373738879818913 0.8764085984809471 0.04869727883945562 0.9266729947014213
0 0.07740265199790113 0.9167023084175753 0.08469132036104982 0.8720755497082221 0.10957125626147772 0.8792995802891433 0.10228258789832903 0.9239263389984965
0 0.10633776958336122 0.8915844687015538 0.13755682475914247 0.8915844687015538 0.13755682475914247 0.92253667817421 0.10633776958336122 0.92253667817421
