0 0.6599345703125 0.0 0.71830908203125 0.0 0.71830908203125 0.02443583869934082 0.6599345703125 0.02443583869934082
0 0.8411670532226563 0.09231315994262695 0.8411670532226563 0.021117389678955073 0.8788389892578126 0.021117389678955063 0.8788389892578126 0.09231315994262695
0 0.6079882303779949 0.3299154489393434 0.5692256238104709 0.2825908734850365 0.5919159335576578 0.24955056113401666 0.6306785401251818 0.2968751365883236
0 0.6752937137592683 0.2556613022735582 0.6752937137592683 0.19747053023643069 0.7036175571519154 0.19747053023643069 0.7036175571519154 0.2556613022735582
0 0.733400589758841 0.23426449938774443 0.733400589758841 0.20271767907662927 0.7686460012552184 0.20271767907662927 0.7686460012552184 0.23426449938774443
0 0.9232986793518065 0.17376594161987305 0.9850670433044433 0.17376594161987305 0.9850670433044433 0.21539735794067383 0.9232986793518065 0.21539735794067383
0 0.8126585388183593 0.2876942488960273 0.8126585388183593 0.2533336362978571 0.8426830452031766 0.2533336362978571 0.8426830452031766 0.2876942488960273
0 0.8625955209704377 0.2852103651847851 0.8625955209704377 0.22637636026597963 0.8931291063347476 0.22637636026597963 0.8931291063347476 0.2852103651847851
0 0.6631946008721005 0.2982176592895518 0.7005174148404554 0.2982176592895518 0.7005174148404554 0.33139982500495774 0.6631946008721005 0.33139982500495774
0 0.6894141225842505 0.2970614838973979 0.6894141225842505 0.2561742911961841 0.7133730377285846 0.2561742911961841 0.7133730377285846 0.2970614838973979
0 0.8502833547619859 0.3458673901542702 0.8502833547619859 0.3038921259563406 0.8886587082042064 0.3038921259563406 0.8886587082042064 0.3458673901542702
0 0.9042929725646974 0.4280796318054199 0.9042929725646974 0.35447047042846686 0.9292378826141359 0.35447047042846686 0.9292378826141359 0.4280796318054199
0 0.8106222534179688 0.4240698356075295 0.8465972290039063 0.4240698356075295 0.8465972290039063 0.45846100992393574 0.8106222534179688 0.45846100992393574
0 0.8649241027832031 0.43441491699218754 0.9070080261230469 0.43441491699218754 0.9070080261230469 0.4715211791992188 0.8649241027832031 0.4715211791992188
0 0.6424889236204588 0.46820778300830673 0.6205193098926696 0.42537854123048074 0.6377474941554612 0.40966771531296553 0.6597171078832504 0.4524969570907915
0 0.412781882854954 0.44866415104522583 0.412781882854954 0.3842062962631155 0.4422860881905071 0.3842062962631155 0.4422860881905071 0.44866415104522583
0 0.44883607482910065 0.40726397705078116 0.48071375788590426 0.40726397705078116 0.48071375788590426 0.4470853271484374 0.44883607482910065 0.4470853271484374
0 0.8057183532714843 0.707449951171875 0.8401354064941405 0.707449951171875 0.8401354064941405 0.7344158935546875 0.8057183532714843 0.7344158935546875
0 0.8197336837812841 0.5889125664974195 0.8197336837812841 0.5390806980078362 0.8455464736982763 0.5390806980078362 0.8455464736982763 0.5889125664974195
0 0.8184474720034435 0.5165891914920799 0.8633534555407492 0.5165891914920799 0.8633534555407492 0.5426089668827049 0.8184474720034435 0.5426089668827049
0 0.5514046703360767 0.6736544527469605 0.5514046703360767 0.5967677621482829 0.5820079450718019 0.5967677621482829 0.5820079450718019 0.6736544527469605
0 0.5785699598273624 0.6483140869140623 0.6182208852795625 0.6483140869140623 0.6182208852795625 0.6752800292968749 0.5785699598273624 0.6752800292968749
0 0.6180211181640625 0.6516257019042969 0.6520833740234375 0.6516257019042969 0.6520833740234375 0.6833225402832032 0.6180211181640625 0.6833225402832032
0 0.4794240008231118 0.6361934661750921 0.516441028822639 0.6678999487696039 0.5041675625968445 0.6933740099151455 0.46715053459731726 0.6616675273206337
0 0.26506848067572947 0.6952674650772114 0.30336643542745134 0.6952674650772114 0.30336643542745134 0.7334696960449221 0.26506848067572947 0.7334696960449221
0 0.3749060804328309 0.6587809645942699 0.4177724483501062 0.6587809645942699 0.4177724483501062 0.6940261978370668 0.3749060804328309 0.6940261978370668
0 0.4370618214004335 0.6978726706029232 0.4206046732229572 0.6662650155926179 0.43525075088918724 0.6527080932278925 0.45170789906666353 0.6843157482381979
0 0.3735535583496093 0.7528662414550779 0.4125832214355468 0.7528662414550779 0.4125832214355468 0.7911862487792966 0.3735535583496093 0.7911862487792966
0 0.3734430818640784 0.6553815546230287 0.3734430818640784 0.584733930925112 0.40377976704474244 0.584733930925112 0.40377976704474244 0.6553815546230287
0 0.17529817199707032 0.3658158874511719 0.2217598114013672 0.3658158874511719 0.2217598114013672 0.3967903137207031 0.17529817199707032 0.3967903137207031
0 0.33822829131637155 0.5342599502342228 0.33822829131637155 0.49253378138897935 0.3629541597449377 0.49253378138897935 0.3629541597449377 0.5342599502342228
0 0.2306536645916964 0.7439359374225626 0.2306536645916964 0.6914283384131071 0.25538534546728875 0.6914283384131071 0.25538534546728875 0.7439359374225626
0 0.5392530668352782 0.5592789489303595 0.5392530668352782 0.5013766995418482 0.5771293943499266 0.5013766995418482 0.5771293943499266 0.5592789489303595
0 0.6292248506629059 0.47406923449973987 0.6645877462326173 0.47406923449973987 0.6645877462326173 0.5062933562347419 0.6292248506629059 0.5062933562347419
0 0.07874110660497598 0.8523704769409234 0.07874110660497596 0.7891834972660016 0.10760100612584997 0.7891834972660016 0.10760100612585 0.8523704769409234
0 0.18614634323120105 0.93863588894272 0.2223054277215202 0.93863588894272 0.2223054277215202 0.9749880962371799 0.18614634323120105 0.9749880962371799
0 0.28069750515979247 0.9019146311961498 0.2670897196647954 0.8628840674491909 0.2860459019376427 0.8511347948605344 0.29965368743263976 0.8901653586074935
0 0.28772867545749364 0.8414486107646931 0.32909452018405616 0.8414486107646931 0.32909452018405616 0.872232546311568 0.28772867545749364 0.872232546311568
0 0.3633218027053968 0.872547960154339 0.3633218027053968 0.7986115749084418 0.3963540229880408 0.7986115749084418 0.3963540229880408 0.872547960154339
0 0.40836761474609334 0.9788360290527339 0.40836761474609334 0.92056617688191 0.4350630187988277 0.92056617688191 0.4350630187988277 0.9788360290527339
