0 0.22869030761718748 0.15304659271240234 0.26504620361328124 0.15304659271240234 0.26504620361328124 0.18295224761962892 0.22869030761718748 0.18295224761962892
0 0.16460024447190688 0.2524612569993375 0.212970606024157 0.2659417761776012 0.19785608488363862 0.29644808301607195 0.14948572333138851 0.2829675638378083
0 0.6995514076865627 0.11745156187696457 0.7521777244131629 0.10515724389905703 0.760548323758749 0.1253120031865124 0.7079220070321487 0.13760632116441993
0 0.315646843828343 0.6755010561157904 0.3604021495210203 0.6820597631318515 0.35455473696055106 0.7045043987906714 0.3097994312678738 0.6979456917746103
0 0.2099259872436524 0.8373584289550774 0.2099259872436524 0.8056935882568352 0.24469417469410418 0.8056935882568352 0.24469417469410418 0.8373584289550774
0 0.38349606323242186 0.5295060424804687 0.4304068908691406 0.5295060424804687 0.4304068908691406 0.5664483032226563 0.38349606323242186 0.5664483032226563
0 0.5693719024707414 0.11244216387100192 0.6150782623340226 0.11244216387100192 0.6150782623340226 0.1391971153480527 0.5693719024707414 0.1391971153480527
0 0.2385649108886719 0.519213134765625 0.28092691040039064 0.519213134765625 0.28092691040039064 0.548476318359375 0.2385649108886719 0.548476318359375
0 0.3247230987499617 0.4937489363960276 0.3247230987499617 0.47305566094436746 0.3603963572135034 0.47305566094436746 0.3603963572135034 0.4937489363960276
0 0.06465778732299805 0.9765893859863282 0.10590498733520509 0.9765893859863282 0.10590498733520509 0.9974916687011719 0.06465778732299805 0.9974916687011719
