0 0.11800148010253907 0.050284725189208984 0.15197160339355467 0.050284725189208984 0.15197160339355467 0.0757623176574707 0.11800148010253907 0.0757623176574707
0 0.12933000727439573 0.24370009587981906 0.16642124476062917 0.24370009587981906 0.16642124476062917 0.26599958407272206 0.12933000727439573 0.26599958407272206
0 0.005216885640264 0.29384215354618337 0.022827320781037483 0.2587451384819404 0.04895042394784207 0.26611818879400767 0.031339988807068585 0.3012152038582506
0 0.28969911718234015 0.2984525608821516 0.3013541324614522 0.26689980829003757 0.3318692496323182 0.27324015728670686 0.3202142343532061 0.3047929098788209
0 0.43177818298339843 0.24002575683593752 0.4577027740478516 0.24002575683593752 0.4577027740478516 0.26013964843750004 0.43177818298339843 0.26013964843750004
0 0.5694465637207031 0.30774253845214844 0.6078864440917969 0.30774253845214844 0.6078864440917969 0.32383363342285154 0.5694465637207031 0.32383363342285154
0 0.6905592750193423 0.2523327187336121 0.732311803147777 0.2523327187336121 0.732311803147777 0.2720791916895762 0.6905592750193423 0.2720791916895762
0 0.823300115979801 0.20163160934629276 0.823300115979801 0.1819617392943523 0.8508104167114438 0.1819617392943523 0.8508104167114438 0.20163160934629276
0 0.7377814800966535 0.23427661638345526 0.7638781922639305 0.21470246582972877 0.7765210802582859 0.22418384879069017 0.7504243680910089 0.24375799934441666
0 0.7678394157536047 0.2306913269677439 0.7960996641899162 0.21992898740388409 0.8056153518454985 0.2339840243009561 0.777355103409187 0.2447463638648159
0 0.6503187588251859 0.3341935516607974 0.6503187588251859 0.3060151190903348 0.6774704673721104 0.3060151190903348 0.6774704673721104 0.3341935516607974
0 0.19705064161228672 0.4475472643496724 0.23905089612576869 0.4475472643496724 0.23905089612576869 0.46506270515554676 0.19705064161228672 0.46506270515554676
0 0.46517805193175316 0.39317103803036446 0.4899750490020656 0.39317103803036446 0.4899750490020656 0.4072327750909113 0.46517805193175316 0.4072327750909113
0 0.5291379611578874 0.5915995144990641 0.5700150918613696 0.5915995144990641 0.5700150918613696 0.6222468611038617 0.5291379611578874 0.6222468611038617
