0 0.19078059768676758 0.004140872955322266 0.24901160812377932 0.004140872955322266 0.24901160812377932 0.03726784896850586 0.19078059768676758 0.03726784896850586
0 0.41455189171795004 0.2644783944819907 0.41455189171795004 0.21797953473711099 0.45469147516118635 0.21797953473711099 0.45469147516118635 0.2644783944819907
0 0.3080190887451172 0.24327627563476562 0.3080190887451172 0.1908252258300781 0.3254883804321289 0.1908252258300781 0.3254883804321289 0.24327627563476562
0 0.2805735900468424 0.34162200927734315 0.3087954711914052 0.34162200927734315 0.3087954711914052 0.36513165735955755 0.2805735900468424 0.36513165735955755
0 0.2622392326157044 0.4088120823965109 0.2920379637352679 0.4088120823965109 0.2920379637352679 0.43679499137765415 0.2622392326157044 0.43679499137765415
0 0.3211974723390245 0.44899073370640125 0.347683638412486 0.4153922208416496 0.3624629169776181 0.43610458870932023 0.33597675090415663 0.46970310157407186
0 0.5265944264589204 0.28882585144043027 0.5265944264589204 0.25445778274781133 0.5384198303222664 0.25445778274781133 0.5384198303222664 0.28882585144043027
0 0.3113785572180203 0.5106309017989465 0.3431326208929971 0.5106309017989465 0.3431326208929971 0.5401155581619906 0.3113785572180203 0.5401155581619906
0 0.1688420504332711 0.5795209146847223 0.1688420504332711 0.5199315820841356 0.19318416632470037 0.5199315820841356 0.19318416632470037 0.5795209146847223
0 0.1541394027867287 0.6351050397093213 0.16343633823218012 0.5896364382191882 0.19039835637302877 0.5994371606291189 0.18110142092757733 0.6449057621192519
0 0.2901615600585937 0.6780679321289064 0.3639208374023437 0.6780679321289064 0.3639208374023437 0.7236174926757813 0.2901615600585937 0.7236174926757813
0 0.3716849822998046 0.6542578735351563 0.42758674621582027 0.6542578735351563 0.42758674621582027 0.6904905395507813 0.3716849822998046 0.6904905395507813
0 0.36243583373369725 0.5900596296367601 0.39027709560582796 0.5586137055666891 0.40533248650006115 0.5823107434567153 0.37749122462793044 0.6137566675267863
0 0.4033608008282377 0.5848481467793428 0.3961243938017288 0.5622038983394355 0.40913159714216696 0.5548142039425253 0.41636800416867586 0.5774584523824325
0 0.32514530557518534 0.9117871146346039 0.32514530557518534 0.8766639152759561 0.3429578758822105 0.8766639152759561 0.3429578758822105 0.9117871146346039
0 0.3804198290453573 0.8153731641596668 0.3804198290453573 0.7670630241857084 0.40312991968256434 0.7670630241857084 0.40312991968256434 0.8153731641596668
0 0.4620924409707278 0.7884768548098147 0.4620924409707278 0.7479915732953506 0.47935272647008587 0.7479915732953506 0.47935272647008587 0.7884768548098147
0 0.3667624026443715 0.9346781056024437 0.38237659118496614 0.9013789614231937 0.4012442258211874 0.9171072430972297 0.38563003728059275 0.9504063872764797
0 0.4221518707275387 0.874738586425781 0.45511922162382035 0.874738586425781 0.45511922162382035 0.9128826001408412 0.4221518707275387 0.9128826001408412
0 0.508990868589584 0.8230571740506728 0.508990868589584 0.793162777074296 0.5289089418993611 0.793162777074296 0.5289089418993611 0.8230571740506728
0 0.5896782050450228 0.7872030072183428 0.5896782050450228 0.7364450962877553 0.6258261968135527 0.7364450962877553 0.6258261968135527 0.7872030072183428
0 0.643922386270123 0.8226197156733384 0.643922386270123 0.778450444840005 0.6672148209625058 0.778450444840005 0.6672148209625058 0.8226197156733384
0 0.6592120152949981 0.9293665332679013 0.6592120152949981 0.89646533741813 0.6804590168422574 0.89646533741813 0.6804590168422574 0.9293665332679013
0 0.8718510015112806 0.7399534774559022 0.8718510015112806 0.6785254916427564 0.8980531167576135 0.6785254916427564 0.8980531167576135 0.7399534774559022
0 0.24193630205529232 0.10562006171206705 0.26106291672262255 0.10562006171206705 0.26106291672262255 0.1306585911329149 0.24193630205529232 0.1306585911329149
