0 0.7640505981445312 0.01808041763305664 0.8020194702148438 0.01808041763305664 0.8020194702148438 0.05333723068237304 0.7640505981445312 0.05333723068237304
0 0.8955855712890625 0.05695330619812012 0.8955855712890625 -0.0021093819936116496 0.9189771118164062 -0.002109381993611655 0.9189771118164062 0.05695330619812011
0 0.7267597045898438 0.09492218017578125 0.7667626342773438 0.09492218017578125 0.7667626342773438 0.13017898559570312 0.7267597045898438 0.13017898559570312
0 0.5884445190429688 0.27843838500976564 0.5884445190429688 0.16151838175455732 0.6164126892089844 0.16151838175455732 0.6164126892089844 0.27843838500976564
0 0.4487467941795578 0.34008583031766254 0.46519424810212956 0.2924663275749449 0.49050136610157113 0.3080057182581757 0.4740539121789994 0.3556252210008933
0 0.6657383422851563 0.32815956115722655 0.7131994018554688 0.32815956115722655 0.7131994018554688 0.3561841888427734 0.6657383422851563 0.3561841888427734
0 0.6089783946391207 0.4105998894505534 0.6530687645665949 0.39257301948657775 0.6600053521278487 0.4227340907438404 0.6159149822003746 0.44076096070781606
0 0.6630262145996088 0.4068093566894533 0.6630262145996088 0.3547600677270221 0.6900958000899835 0.3547600677270221 0.6900958000899835 0.4068093566894533
0 0.6093968231675051 0.4466717876018027 0.6531133119786475 0.427242354289823 0.6614751503574938 0.46068990968429446 0.6177586615463514 0.4801193429962742
0 0.7390051691430163 0.36902265370674486 0.7390051691430163 0.33392223269716315 0.7637889036520449 0.33392223269716315 0.7637889036520449 0.36902265370674486
0 0.7776109313964844 0.2874786071777344 0.8365982971191407 0.2874786071777344 0.8365982971191407 0.32906356811523435 0.7776109313964844 0.32906356811523435
0 0.8800367503972953 0.3110168834758283 0.8800367503972953 0.25064540911282834 0.9120350565438999 0.25064540911282834 0.9120350565438999 0.3110168834758283
0 0.8289689423107244 0.4742181319637308 0.8289689423107244 0.41778620573424724 0.8616799001285851 0.41778620573424724 0.8616799001285851 0.4742181319637308
0 0.8815595765942545 0.4717342978435531 0.8815595765942545 0.4277941360917366 0.9130823436204227 0.4277941360917366 0.9130823436204227 0.4717342978435531
0 0.9316320889320082 0.3722341484355119 0.8948927512339079 0.3331314770314125 0.9139270987350142 0.3013378290400401 0.9506664364331145 0.34044050044413954
0 0.9254182434082011 0.2892866516113273 0.9477345805335872 0.2892866516113273 0.9477345805335872 0.3216155184030971 0.9254182434082011 0.3216155184030971
0 0.9717194635689566 0.302868796364779 0.9575427719131083 0.26515270967104393 0.985328360322044 0.24658555567010912 0.9995050519778922 0.2843016423638442
0 0.699262245612976 0.6188066161224368 0.699262245612976 0.5691321080306936 0.72810915242161 0.5691321080306936 0.72810915242161 0.6188066161224368
0 0.6589482187471402 0.6851870522520181 0.632609845913038 0.6465049605047665 0.6551845489110715 0.6191788066720747 0.6815229217451736 0.6578608984193264
0 0.6243382756812015 0.5388600180141467 0.6243382756812015 0.4819168499271331 0.6481905652342089 0.4819168499271331 0.6481905652342089 0.5388600180141467
0 0.5369396715670532 0.5062308336575211 0.5698497776648515 0.488771593843591 0.577894917059466 0.5157312903323588 0.5449848109616678 0.5331905301462888
0 0.5733623550986668 0.5441691530497619 0.5733623550986668 0.5106914713167049 0.5947079126949805 0.5106914713167049 0.5947079126949805 0.5441691530497619
0 0.8545278095778188 0.622705763908006 0.8545278095778188 0.5733963143170617 0.8872716333981056 0.5733963143170617 0.8872716333981056 0.622705763908006
0 0.7328618469238282 0.6933839416503907 0.776254852294922 0.6933839416503907 0.776254852294922 0.7232166442871094 0.7328618469238282 0.7232166442871094
0 0.44824923948494766 0.5918099207203196 0.4921251378274746 0.5918099207203196 0.4921251378274746 0.6234506067554757 0.44824923948494766 0.6234506067554757
0 0.3440391562631328 0.5524592860635601 0.3440391562631328 0.4978336071241282 0.3807903360386946 0.4978336071241282 0.3807903360386946 0.5524592860635601
0 0.37055365213043 0.5685989385138344 0.4026120393982947 0.5333537717807252 0.41685855214808043 0.5563908897256961 0.38480016488021573 0.5916360564588053
0 0.286116361895761 0.6684018348073298 0.2657265911932882 0.640389255847651 0.2822875895179011 0.6189592033667318 0.30267736022037395 0.6469717823264106
0 0.2531350825843716 0.7449558895997578 0.23559726115994048 0.6964041304535439 0.2552974629931957 0.6837533062022936 0.27283528441762683 0.7323050653485074
0 0.34164688110351393 0.6499909362792957 0.34164688110351393 0.5965034036967881 0.3680427318825813 0.5965034036967881 0.3680427318825813 0.6499909362792957
0 0.3735202017102302 0.6722921986557089 0.3950163201971001 0.6932435925091701 0.38178524295403254 0.7173770643697109 0.36028912446716266 0.6964256705162497
0 0.3900914140965079 0.7687391668859073 0.36628203529399017 0.7334381881728663 0.3899253968050103 0.7050885177593861 0.413734775607528 0.740389496472427
0 0.3005450766466326 0.7763922817920262 0.27679671949807805 0.7475722987814079 0.28980350840766544 0.7285182436979728 0.31355186555622 0.7573382267085913
0 0.3409803273303044 0.720060234928838 0.36794212202000426 0.732581410185058 0.3592133398588803 0.7659958997575558 0.3322515451691805 0.7534747245013359
0 0.31656028747558596 0.8588197937011719 0.3640213775634766 0.8588197937011719 0.3640213775634766 0.8841323547363281 0.31656028747558596 0.8841323547363281
0 0.0864051655918694 0.8398512072950498 0.0864051655918694 0.7985552707193732 0.11632578350693532 0.7985552707193732 0.11632578350693532 0.8398512072950498
0 0.42730770474744134 0.6323527607486448 0.42730770474744134 0.600901377615218 0.44701230364679023 0.600901377615218 0.44701230364679023 0.6323527607486448
0 0.010054792493221776 0.9426521550818211 0.010054792493221769 0.8931015774017633 0.03388519624916998 0.8931015774017633 0.03388519624916999 0.9426521550818211
0 0.07525972747802726 0.8835352044249309 0.10956916003341934 0.8835352044249309 0.10956916003341934 0.9095978698730457 0.07525972747802726 0.9095978698730457
