0 0.2595295191963687 0.1437896963649398 0.24731735258254034 0.12099499639557283 0.2580021134795085 0.11081843348280636 0.27021428009333687 0.13361313345217332
0 0.26366694637101945 0.18823687024948332 0.2552993442835529 0.16484867559533464 0.26545687654151706 0.15838811798822874 0.2738244786289836 0.1817763126423774
0 0.24464016144855585 0.28413101930954326 0.2355507452273773 0.27041080075818147 0.2426792075169451 0.2620152674040149 0.2517686237381237 0.27573548595537667
0 0.22032781982421878 0.2892208709716797 0.24372546386718752 0.2892208709716797 0.24372546386718752 0.30221955871582035 0.22032781982421878 0.30221955871582035
0 0.18404593144587927 0.29721948192077097 0.1995363676501127 0.29721948192077097 0.1995363676501127 0.30984891367443906 0.18404593144587927 0.30984891367443906
0 0.3616613667740561 0.3991554429603886 0.3616613667740561 0.37482787415453406 0.3714053556479751 0.37482787415453406 0.3714053556479751 0.3991554429603886
0 0.201525698311205 0.4941258058645029 0.21715539977034887 0.4941258058645029 0.21715539977034887 0.5098956106840485 0.201525698311205 0.5098956106840485
0 0.2530120275067458 0.510380419500001 0.2704274934263717 0.510380419500001 0.2704274934263717 0.5232107511770931 0.2530120275067458 0.5232107511770931
0 0.3024594102971969 0.4963450123180852 0.3238756710173729 0.4963450123180852 0.3238756710173729 0.5139665563082257 0.3024594102971969 0.5139665563082257
0 0.2571566314304785 0.5461966100846231 0.27611511063107014 0.5461966100846231 0.27611511063107014 0.5633035255682678 0.2571566314304785 0.5633035255682678
0 0.2969703029315078 0.5591443481445285 0.32009524536132694 0.5591443481445285 0.32009524536132694 0.5729005827855213 0.2969703029315078 0.5729005827855213
0 0.2961177366547515 0.5776776922269562 0.3079179006075192 0.5699338946725586 0.31151810551194725 0.5796869063269123 0.2997179415591795 0.5874307038813099
0 0.3079704284667969 0.586303955078125 0.34337490844726565 0.586303955078125 0.34337490844726565 0.6050570068359375 0.3079704284667969 0.6050570068359375
0 0.24831631469726564 0.6218701477050781 0.26432107543945316 0.6218701477050781 0.26432107543945316 0.6335099792480469 0.24831631469726564 0.6335099792480469
0 0.26674603271484376 0.6296300048828125 0.29002569580078125 0.6296300048828125 0.29002569580078125 0.6451497802734375 0.26674603271484376 0.6451497802734375
0 0.2878763139490998 0.6788786813081374 0.3132944149288559 0.6788786813081374 0.3132944149288559 0.6961474258923951 0.2878763139490998 0.6961474258923951
0 0.2224922791697767 0.7241115754248537 0.24087576788753196 0.709870073899193 0.24649575793959588 0.7227669691417326 0.22811226922184064 0.7370084706673933
0 0.17356126065160468 0.7147241380287492 0.19762337242853928 0.7147241380287492 0.19762337242853928 0.7355199641122767 0.17356126065160468 0.7355199641122767
0 0.2041819610595703 0.9057525634765625 0.2298865814208984 0.9057525634765625 0.2298865814208984 0.924505615234375 0.2041819610595703 0.924505615234375
0 0.2707363910282565 0.7676763280812104 0.2886477862573068 0.7676763280812104 0.2886477862573068 0.7860327398801267 0.2707363910282565 0.7860327398801267
0 0.2383330049243197 0.8403016231318375 0.25825393137323993 0.8170410768613405 0.2682307514153468 0.8322311279321156 0.24830982496642656 0.8554916742026126
0 0.3094417658046478 0.7792274660094097 0.32206050856295676 0.7847154189594338 0.3189081470545058 0.7976014507032133 0.30628940429619683 0.7921134977531893
0 0.2994665771483154 0.7907709202408765 0.31244445500085544 0.7939814122502563 0.31094751676884647 0.8047389639670374 0.29796963891630646 0.8015284719576575
0 0.32624592948428566 0.8138244761167893 0.34434484672546334 0.8138244761167893 0.34434484672546334 0.832680295944213 0.32624592948428566 0.832680295944213
0 0.36083464050292624 0.8531524657338619 0.36083464050292624 0.8252885336727265 0.37424927347503106 0.8252885336727265 0.37424927347503106 0.8531524657338619
0 0.2838947286939077 0.9472083116786892 0.29241453423723346 0.9279560625797895 0.30327733966824366 0.9365021569505371 0.2947575341249179 0.9557544060494368
0 0.6484353637695311 0.7376216735839835 0.6484353637695311 0.7051373410510614 0.6673500671386708 0.7051373410510614 0.6673500671386708 0.7376216735839835
0 0.4789813724050353 0.8744735503148182 0.4910654992084825 0.8744735503148182 0.4910654992084825 0.8901104657528657 0.4789813724050353 0.8901104657528657
0 0.5817287706920564 0.7938922258962267 0.5817287706920564 0.7773413790251555 0.5933290013450513 0.7773413790251555 0.5933290013450513 0.7938922258962267
0 0.875174320813591 0.7817931583689298 0.8935085645045504 0.7817931583689298 0.8935085645045504 0.8004035202253815 0.875174320813591 0.8004035202253815
0 0.9569285125536162 0.5124193160509636 0.9569285125536162 0.4884378121111506 0.9699715338529481 0.4884378121111506 0.9699715338529481 0.5124193160509636
0 0.9589493555152715 0.790291605969981 0.9589493555152715 0.7686918114586879 0.972206503976032 0.7686918114586879 0.972206503976032 0.790291605969981
0 0.91696942223396 0.9006300129051383 0.91696942223396 0.8811402877028559 0.9323394956380113 0.8811402877028559 0.9323394956380113 0.9006300129051383
0 0.22913993494838528 0.42614630177063423 0.22913993494838528 0.4077195124383491 0.2407851452144985 0.4077195124383491 0.2407851452144985 0.42614630177063423
0 0.22251235111368994 0.4601752585111985 0.23542476739695892 0.4601752585111985 0.23542476739695892 0.47338565231097496 0.22251235111368994 0.47338565231097496
0 0.26157853286125554 0.3796774238529997 0.26157853286125554 0.3636405005500509 0.27165920887180856 0.3636405005500509 0.27165920887180856 0.3796774238529997
0 0.3020716867446888 0.8513886699676498 0.3020716867446888 0.8218158127175635 0.3150298033050592 0.8218158127175635 0.3150298033050592 0.8513886699676498
0 0.3966082271847139 0.11050494242199756 0.3966082271847139 0.09183684266189829 0.4191348571188626 0.09183684266189829 0.4191348571188626 0.11050494242199756
0 0.19919282278733239 0.06151813509021412 0.19919282278733239 0.04906912954860606 0.20677062182520128 0.04906912954860606 0.20677062182520128 0.06151813509021412
0 0.23195278420729307 0.016368924680557232 0.23195278420729307 6.938893903907228e-18 0.24692453592620134 3.2718723398692518e-18 0.24692453592620134 0.01636892468055723
0 0.29712765841577793 0.7091256103515627 0.31319418334960913 0.7091256103515627 0.31319418334960913 0.7257022840903918 0.29712765841577793 0.7257022840903918
0 0.5179479203099486 0.9918053607940674 0.530922771918225 0.9918053607940674 0.530922771918225 1.0000000000000002 0.5179479203099486 1.0000000000000002
0 0.6977431710114158 0.9910813855454471 0.7126304590199253 0.9910813855454471 0.7126304590199253 0.9996294455966801 0.6977431710114158 0.9996294455966801
0 0.8403356503167316 0.8010812189358276 0.8403356503167316 0.7865574865539989 0.8514448586136139 0.7865574865539989 0.8514448586136139 0.8010812189358276
