0 0.27671499107347686 1.1296623174848383e-18 0.30231632596461944 1.1296623174848383e-18 0.30231632596461944 0.026931617736816363 0.27671499107347686 0.026931617736816363
0 0.2605865135466238 0.08164277760519109 0.2605865135466238 0.03378233131659478 0.28072369245685236 0.03378233131659477 0.28072369245685236 0.08164277760519108
0 0.2507343760727023 0.134648911030167 0.2732314815527049 0.134648911030167 0.2732314815527049 0.15942157926032416 0.2507343760727023 0.15942157926032416
0 0.25329360127267614 0.17503713518594421 0.28374933445522627 0.17503713518594421 0.28374933445522627 0.20975374045246475 0.25329360127267614 0.20975374045246475
0 0.2965475072453028 0.24804141450793515 0.31383857566404755 0.21874632968227214 0.3290774401830029 0.23473664952006953 0.31178637176425816 0.2640317343457325
0 0.4205165633044549 0.39280433525408825 0.3983446198929056 0.35567552454187307 0.41941792391645016 0.33330362662017227 0.4415898673279995 0.37043243733238745
0 0.5096361669192111 0.023189955184828578 0.5096361669192111 1.0639637319324417e-16 0.5228915837893282 1.0314973242497362e-16 0.5228915837893282 0.02318995518482857
0 0.2594272003173828 0.3795674591064453 0.2846755828857422 0.3795674591064453 0.2846755828857422 0.40313261413574214 0.2594272003173828 0.40313261413574214
0 0.13199364563046728 0.4585847003629797 0.1630568931792137 0.4585847003629797 0.1630568931792137 0.4923436126708975 0.13199364563046728 0.4923436126708975
0 0.2774567243739112 0.5216214142710174 0.2774567243739112 0.47986364257638864 0.29685253239319 0.47986364257638864 0.29685253239319 0.5216214142710174
0 0.2576364953680087 0.5068191921260404 0.2808410623376969 0.5157562397487735 0.2764059721251853 0.5362281951808863 0.2532014051554971 0.5272911475581532
0 0.10063346297983145 0.6554170839827588 0.13656505963593737 0.6599599096362695 0.13451367682684737 0.6888051811549006 0.09858208017074144 0.6842623555013899
0 0.2781307195020524 0.5548194202418469 0.3089989543430489 0.5318560541499635 0.31945549614470875 0.5568446467856761 0.28858726130371226 0.5798080128775597
0 0.26446685857247937 0.6525067886626708 0.2806143966613522 0.6036257780997204 0.3012033050026152 0.615717187751944 0.2850557669137424 0.6645981983148943
0 0.41281120300292967 0.5554646301269531 0.4462653350830078 0.5554646301269531 0.4462653350830078 0.5815546569824219 0.41281120300292967 0.5815546569824219
0 0.32759788513183596 0.6833898010253905 0.3755698394775391 0.6833898010253905 0.3755698394775391 0.6993804626464842 0.32759788513183596 0.6993804626464842
0 0.31876091194152834 0.7027468280792236 0.34969019889831543 0.7027468280792236 0.34969019889831543 0.7237871074676513 0.31876091194152834 0.7237871074676513
0 0.3231793975830078 0.7380946044921876 0.36294560241699214 0.7380946044921876 0.36294560241699214 0.7700759277343749 0.3231793975830078 0.7700759277343749
0 0.20649328088164345 0.8111112610113822 0.20649328088164345 0.7771688206890449 0.22567668953088044 0.7771688206890449 0.22567668953088044 0.8111112610113822
0 0.23467604841072515 0.7771736416671104 0.26475246599474034 0.7771736416671104 0.26475246599474034 0.8063222396349476 0.23467604841072515 0.8063222396349476
0 0.3626346299522315 0.8458185368642827 0.3626346299522315 0.8161958404115123 0.38088580161029356 0.8161958404115123 0.38088580161029356 0.8458185368642827
0 0.34262979666849225 0.8951062848446624 0.37572992789115545 0.8951062848446624 0.37572992789115545 0.9245278636374809 0.34262979666849225 0.9245278636374809
0 0.30534377071148927 0.9409926746061433 0.32930525028694274 0.9409926746061433 0.32930525028694274 0.9673310354887276 0.30534377071148927 0.9673310354887276
0 0.23121829733724852 0.9772764282226545 0.2517818975824228 0.9772764282226545 0.2517818975824228 0.9999999999999982 0.23121829733724852 0.9999999999999982
0 0.4718693067713708 0.8780132909928233 0.4718693067713708 0.8516775683197948 0.48890502511206574 0.8516775683197948 0.48890502511206574 0.8780132909928233
0 0.8144550422168628 0.9184864897354141 0.8144550422168628 0.8565915177942794 0.8544718278194096 0.8565915177942794 0.8544718278194096 0.9184864897354141
0 0.7921050173930386 0.8241037910659951 0.7921050173930386 0.7772562219136843 0.8150233893211764 0.7772562219136843 0.8150233893211764 0.8241037910659951
0 0.6629338703155512 0.9999999980926497 0.6629338703155512 0.9751266247018139 0.6898182004645669 0.9751266247018139 0.6898182004645669 0.9999999980926497
0 0.5508460712432861 0.8977676105499267 0.5809023418426513 0.8977676105499267 0.5809023418426513 0.9255747966766358 0.5508460712432861 0.9255747966766358
