0 0.2510381529052571 0.03352548603125837 0.2510381529052571 1.850371707708594e-17 0.26778855855118444 1.4401050945345008e-17 0.26778855855118444 0.033525486031258364
0 0.2465967330932608 0.2117394776392828 0.2465967330932608 0.19304471906966433 0.2595747820741935 0.19304471906966433 0.2595747820741935 0.2117394776392828
0 0.25367226505279505 0.10455888641244572 0.25367226505279505 0.08465812684045741 0.26767066104065745 0.08465812684045741 0.26767066104065745 0.10455888641244572
0 0.40037150573730435 0.02578636741638181 0.4229709506468701 0.02578636741638181 0.4229709506468701 0.04276763343811032 0.40037150573730435 0.04276763343811032
0 0.2305588769912713 0.24020380579818576 0.2305588769912713 0.22249877350718564 0.2442816975518731 0.22249877350718564 0.2442816975518731 0.24020380579818576
0 0.20084165191650322 0.24968748474121016 0.20084165191650322 0.23261360062472905 0.21763303419823177 0.23261360062472905 0.21763303419823177 0.24968748474121016
0 0.36750631882312335 0.3333359374999989 0.36750631882312335 0.31112684469489854 0.377534957043514 0.31112684469489854 0.377534957043514 0.3333359374999989
0 0.26074775791168125 0.44591543388366545 0.26074775791168125 0.41977715373736796 0.27435515209907985 0.41977715373736796 0.27435515209907985 0.44591543388366545
0 0.24989862823486303 0.4463324952174079 0.2728580992066599 0.4463324952174079 0.2728580992066599 0.4591230621337885 0.24989862823486303 0.4591230621337885
0 0.30084243774414 0.4327574197114565 0.33000348576639643 0.4327574197114565 0.33000348576639643 0.45094691467285003 0.30084243774414 0.45094691467285003
0 0.2565024433135986 0.4817647562026977 0.28244604301452636 0.4817647562026977 0.28244604301452636 0.49685920619964596 0.2565024433135986 0.49685920619964596
0 0.2914083862304688 0.494972412109375 0.3253709106445313 0.494972412109375 0.3253709106445313 0.5125826416015625 0.2914083862304688 0.5125826416015625
0 0.26499310302734375 0.525790283203125 0.28574798583984373 0.525790283203125 0.28574798583984373 0.5396268310546876 0.26499310302734375 0.5396268310546876
0 0.3164085998535156 0.5188720092773438 0.3376351623535156 0.5188720092773438 0.3376351623535156 0.5377400512695313 0.3164085998535156 0.5377400512695313
0 0.26813707870929737 0.5741104595660872 0.28892821731742174 0.5623579969275233 0.29315112552661127 0.5756392333959902 0.2723599869184869 0.5873916960345542
0 0.9570751647949218 0.43773925781250006 0.9570751647949218 0.4008417154947917 0.9694573516845703 0.4008417154947917 0.9694573516845703 0.43773925781250006
0 0.8693386230468757 0.7396284179687491 0.8693386230468757 0.7190755104646466 0.8825826682197246 0.7190755104646466 0.8825826682197246 0.7396284179687491
0 0.8358477802276612 0.7251628427505493 0.8547158184051514 0.7251628427505493 0.8547158184051514 0.7402573232650757 0.8358477802276612 0.7402573232650757
0 0.9641506652832029 0.735854797363281 0.9641506652832029 0.7104020517427149 0.9783017425537107 0.7104020517427149 0.9783017425537107 0.735854797363281
0 0.9065321237544731 0.820115601139639 0.9225699617366508 0.820115601139639 0.9225699617366508 0.8398183935271137 0.9065321237544731 0.8398183935271137
0 0.6553478649540786 0.6734680197554161 0.6553478649540786 0.6424405946252078 0.6719753521366958 0.6424405946252078 0.6719753521366958 0.6734680197554161
0 0.6632215476321316 0.9301785981080645 0.6632215476321316 0.9122800355745034 0.6759574914263822 0.9122800355745034 0.6759574914263822 0.9301785981080645
0 0.5216943664550779 0.9295592041015667 0.5216943664550779 0.9157853089436451 0.5374688431705956 0.9157853089436451 0.5374688431705956 0.9295592041015667
0 0.534925526296352 0.9528298339843765 0.534925526296352 0.9308339915384303 0.5482028021408721 0.9308339915384303 0.5482028021408721 0.9528298339843765
0 0.3653494927773791 0.7967670625808254 0.3800971559719935 0.7967670625808254 0.3800971559719935 0.8100614318847658 0.3653494927773791 0.8100614318847658
0 0.21084287261963022 0.8440239562988291 0.21084287261963022 0.8280973348553834 0.22307844566766033 0.8280973348553834 0.22307844566766033 0.8440239562988291
0 0.3113153839111349 0.875470733642579 0.3113153839111349 0.8594040006323497 0.3229882485808123 0.8594040006323497 0.3229882485808123 0.875470733642579
0 0.2206069837408765 0.7593350993779304 0.23548435941823917 0.7593350993779304 0.23548435941823917 0.7760987844467241 0.2206069837408765 0.7760987844467241
0 0.5834873046875007 0.7264129333496091 0.5834873046875007 0.707125579833984 0.5951337184805503 0.707125579833984 0.5951337184805503 0.7264129333496091
0 0.4825431385040282 0.8088034982681274 0.4924524664422545 0.8088034982681274 0.4924524664422545 0.8226401052474975 0.4825431385040282 0.8226401052474975
0 0.3853725605010986 0.6415065937042236 0.4061274394989013 0.6415065937042236 0.4061274394989013 0.6597457256317137 0.3853725605010986 0.6597457256317137
0 0.31084362888336176 0.7327022695541383 0.31084362888336176 0.7205088982571434 0.32319140115195016 0.7205088982571434 0.32319140115195016 0.7327022695541383
0 0.29008874702453624 0.7333311443328855 0.29008874702453624 0.717421953096753 0.3073148121300342 0.717421953096753 0.3073148121300342 0.7333311443328855
0 0.2615629439823778 0.6455576131420707 0.2818461127751024 0.6455576131420707 0.2818461127751024 0.660652093656597 0.2615629439823778 0.660652093656597
0 0.21787618593739755 0.6540920071456265 0.23721595339345225 0.6540920071456265 0.23721595339345225 0.672960049137814 0.21787618593739755 0.672960049137814
0 0.17027652740478516 0.6339594421386718 0.1882011947631836 0.6339594421386718 0.1882011947631836 0.6509407043457031 0.17027652740478516 0.6509407043457031
0 0.2377298898696898 0.6006257305145255 0.2377298898696898 0.5788226757049552 0.2518064816400084 0.5788226757049552 0.2518064816400084 0.6006257305145255
0 0.2623769491455499 0.5789558336941373 0.25379296390010603 0.5624010873826119 0.25903096975862216 0.5575726135114459 0.267614955004066 0.5741273598229714
0 0.19335192108154298 0.41817111206054686 0.21399475860595704 0.41817111206054686 0.21399475860595704 0.43525485229492183 0.19335192108154298 0.43525485229492183
0 0.2371411506106735 0.39824012756347366 0.2530982530025489 0.39824012756347366 0.2530982530025489 0.4134256439208954 0.2371411506106735 0.4134256439208954
0 0.2631104745864856 0.29668676567077573 0.2631104745864856 0.2814202890587211 0.274907373595515 0.2814202890587211 0.274907373595515 0.29668676567077573
0 0.3440632177067579 0.759202880812437 0.3440632177067579 0.7348492490909254 0.35917950767454915 0.7348492490909254 0.35917950767454915 0.759202880812437
0 0.29527685546875004 0.7660124152298745 0.3129583740234375 0.7660124152298745 0.3129583740234375 0.7804046936035158 0.29527685546875004 0.7804046936035158
