0 0.2199129638671875 0.30043495178222657 0.2199129638671875 0.2426937001546224 0.25036244201660157 0.2426937001546224 0.25036244201660157 0.30043495178222657
0 0.4168196411132812 0.3302077484130859 0.47230535888671865 0.3302077484130859 0.47230535888671865 0.3744159088134766 0.4168196411132812 0.3744159088134766
0 0.6983082580566407 0.0 0.7632671813964844 0.0 0.7632671813964844 0.028870624542236333 0.6983082580566407 0.028870624542236333
0 0.6259061584472642 0.343718575695805 0.6259061584472642 0.29141843075992896 0.6719333412325423 0.29141843075992896 0.6719333412325423 0.343718575695805
0 0.7047928293377627 0.24168565379714754 0.7047928293377627 0.18247413089064649 0.7271997167659221 0.18247413089064649 0.7271997167659221 0.24168565379714754
0 0.702368194580077 0.31774114753608806 0.702368194580077 0.2830535073544765 0.7398035097205226 0.2830535073544765 0.7398035097205226 0.31774114753608806
0 0.6768366972348316 0.45708194455131185 0.6541209069864099 0.41361168669919396 0.678528771007682 0.3909369171475969 0.7012445612561038 0.4344071749997147
0 0.8925347328186035 0.07164349937438964 0.8925347328186035 0.009636261622111 0.9250570964813233 0.009636261622110991 0.9250570964813233 0.07164349937438964
0 0.790658127600637 0.16276152726325968 0.817664846222356 0.16276152726325968 0.817664846222356 0.1966979286304472 0.790658127600637 0.1966979286304472
0 0.7138972473144524 0.25263764953613244 0.7416220369422033 0.25263764953613244 0.7416220369422033 0.2789277848838784 0.7138972473144524 0.2789277848838784
0 0.8350314025878872 0.2509319867340124 0.8350314025878872 0.20266044105885037 0.8741693050484172 0.20266044105885037 0.8741693050484172 0.2509319867340124
0 0.8887976757016315 0.25306447309380437 0.8887976757016315 0.18807874289282803 0.9208149160501361 0.18807874289282803 0.9208149160501361 0.25306447309380437
0 0.9627641944885253 0.15899828720092773 0.9999999656677245 0.15899828720092773 0.9999999656677245 0.19180347061157224 0.9627641944885253 0.19180347061157224
0 0.8863961055766655 0.3644047067172984 0.8863961055766655 0.3234130517049104 0.9249055002361988 0.3234130517049104 0.9249055002361988 0.3644047067172984
0 0.8727384967803955 0.3795848712921142 0.9033755168914794 0.3795848712921142 0.9033755168914794 0.4091220989227295 0.8727384967803955 0.4091220989227295
0 0.9015294630011904 0.3650930672245017 0.9392365552863466 0.3650930672245017 0.9392365552863466 0.40028636556434544 0.9015294630011904 0.40028636556434544
0 0.9505038084035674 0.4014683953990912 0.9505038084035674 0.35538192892773707 0.9858147894066187 0.35538192892773707 0.9858147894066187 0.4014683953990912
0 0.6530945472717284 0.6334793415069581 0.7011710777282714 0.6334793415069581 0.7011710777282714 0.6642734661102295 0.6530945472717284 0.6642734661102295
0 0.6062480142583608 0.5528777248237766 0.5726739745013001 0.514988601611652 0.5914096283206818 0.4854741056119063 0.6249836680777425 0.5233632288240309
0 0.8472861957550049 0.6366216087341309 0.8472861957550049 0.5863454958597819 0.8709709768295287 0.5863454958597819 0.8709709768295287 0.6366216087341309
0 0.8232479553222656 0.7459722900390625 0.8232479553222656 0.6856409098307291 0.8494072723388671 0.6856409098307291 0.8494072723388671 0.7459722900390625
0 0.8746238403320312 0.4820225524902344 0.9109169311523437 0.4820225524902344 0.9109169311523437 0.5115597839355469 0.8746238403320312 0.5115597839355469
0 0.45518399729278836 0.5204329847098157 0.45518399729278836 0.4591931755951532 0.4785449173243535 0.4591931755951532 0.4785449173243535 0.5204329847098157
0 0.6597758178710937 0.4597178931415568 0.6963171997070312 0.4597178931415568 0.6963171997070312 0.49096343757515054 0.6597758178710937 0.49096343757515054
0 0.31819676030022753 0.7356035683463537 0.2928952144318097 0.6876790172651931 0.3126261940755595 0.6691601199021845 0.33792773994397735 0.717084670983345
0 0.34480480957031223 0.5482687683105466 0.34480480957031223 0.5010658349212856 0.36900165476349145 0.5010658349212856 0.36900165476349145 0.5482687683105466
0 0.3939941890589128 0.5805533849286292 0.370026455677407 0.5305848976288478 0.39411841317497265 0.5100411191122981 0.41808614655647847 0.5600096064120796
0 0.3956643257536976 0.6384930613021146 0.3956643257536976 0.5808088315352318 0.4201397382214382 0.5808088315352318 0.4201397382214382 0.6384930613021146
0 0.4437241993346303 0.676027601004408 0.4437241993346303 0.6296263178198727 0.4631837198725282 0.6296263178198727 0.4631837198725282 0.676027601004408
0 0.4524430847167969 0.7394490661621095 0.4524430847167969 0.7020249938964844 0.4712102508544922 0.7020249938964844 0.4712102508544922 0.7394490661621095
0 0.4278366737761584 0.8139459282165137 0.4278366737761584 0.7550387669418046 0.4514666702738338 0.7550387669418046 0.4514666702738338 0.8139459282165137
0 0.10428395080566402 0.838707489013672 0.10428395080566401 0.7803358964540182 0.1291848204522756 0.7803358964540182 0.12918482045227564 0.838707489013672
0 0.24923863220214845 0.771270477294922 0.24923863220214845 0.7216008257881125 0.2753009749052657 0.7216008257881125 0.2753009749052657 0.771270477294922
0 0.2789595489501953 0.9179633178710938 0.3097233123779297 0.9179633178710938 0.3097233123779297 0.9422962036132813 0.2789595489501953 0.9422962036132813
0 0.2393316650390625 0.9144871520996093 0.2695740051269531 0.9144871520996093 0.2695740051269531 0.9395152893066405 0.2393316650390625 0.9395152893066405
0 0.32484449768066403 0.8004700317382815 0.38324351501464843 0.8004700317382815 0.38324351501464843 0.833145690917969 0.32484449768066403 0.833145690917969
0 0.4254785308837893 0.9628827950962048 0.4254785308837893 0.9082497988163585 0.45321817129782893 0.9082497988163585 0.45321817129782893 0.9628827950962048
0 0.5101279945373535 0.6158030738830567 0.5480140953063964 0.6158030738830567 0.5480140953063964 0.6499538841247559 0.5101279945373535 0.6499538841247559
0 0.6051005661055023 0.6191016349239358 0.6051005661055023 0.5549404146499602 0.6308960497029797 0.5549404146499602 0.6308960497029797 0.6191016349239358
0 0.6333816330000336 0.6093093788257599 0.6333816330000336 0.564776267762244 0.6711832506307138 0.564776267762244 0.6711832506307138 0.6093093788257599
