0 0.0018889236450195313 0.31192683410644534 0.04155635452270508 0.31192683410644534 0.04155635452270508 0.3454552459716797 0.0018889236450195313 0.3454552459716797
0 0.041556356430053745 0.1938690109252926 0.068224334874231 0.1938690109252926 0.068224334874231 0.22125843048095664 0.041556356430053745 0.22125843048095664
0 0.13663225936889656 0.12397876548767094 0.16724911538591258 0.12397876548767094 0.16724911538591258 0.1532571048736573 0.13663225936889656 0.1532571048736573
0 0.13285441589355468 0.2887875061035156 0.18322575378417968 0.2887875061035156 0.18322575378417968 0.3260937805175781 0.13285441589355468 0.3260937805175781
0 0.2065224914550781 0.2675370788574226 0.24675716846474346 0.2675370788574226 0.24675716846474346 0.28521313686379757 0.2065224914550781 0.28521313686379757
0 0.28270912170410195 0.28831527709961 0.3270355500029965 0.28831527709961 0.3270355500029965 0.31578481685881377 0.28270912170410195 0.31578481685881377
0 0.48860198974609376 0.2014247055053711 0.5358251342773438 0.2014247055053711 0.5358251342773438 0.23070304107666015 0.48860198974609376 0.23070304107666015
0 0.3288620544052401 0.3152324676513677 0.3288620544052401 0.28563823106837605 0.35236868689221934 0.28563823106837605 0.35236868689221934 0.3152324676513677
0 0.3620440101623536 0.28143871113965707 0.4030644887281818 0.28143871113965707 0.4030644887281818 0.29920440088788314 0.3620440101623536 0.29920440088788314
0 0.4111560516357422 0.2580924682617188 0.44326777648925786 0.2580924682617188 0.44326777648925786 0.2812318115234375 0.4111560516357422 0.2812318115234375
0 0.35472755447555443 0.307374264303796 0.3822494895988475 0.31808656714176764 0.3704409076569708 0.3351519642788436 0.3429189725336777 0.32443966144087194
0 0.43319354248046876 0.3086212005615234 0.4848241577148438 0.3086212005615234 0.4848241577148438 0.32987159729003906 0.43319354248046876 0.32987159729003906
0 0.40466285161521925 0.29690759676373507 0.424372425912305 0.3086673145836245 0.39756317418484083 0.3339421049834756 0.377853599887755 0.32218238716358616
0 0.1295692712055244 0.3968257647370286 0.17315148925781246 0.3968257647370286 0.17315148925781246 0.4347069702148436 0.1295692712055244 0.4347069702148436
0 0.24304170227050748 0.472485458374021 0.24304170227050748 0.42892212677001723 0.28599077776875487 0.42892212677001723 0.28599077776875487 0.472485458374021
0 0.30852447509765496 0.36366396533108186 0.35826617431640484 0.36366396533108186 0.35826617431640484 0.38879317440665084 0.30852447509765496 0.38879317440665084
0 0.36078473281860357 0.34451077461242674 0.409896785736084 0.34451077461242674 0.409896785736084 0.3685945720672607 0.36078473281860357 0.3685945720672607
0 0.40690800813062644 0.36115062840445455 0.4252657278321228 0.3472181881639027 0.4579197945526798 0.37142019326216663 0.4395620748511834 0.3853526335027185
0 0.4612718067516432 0.3809445346970697 0.4950938756867908 0.36575007617696526 0.5070651962054179 0.38073931323010773 0.47324312727027024 0.39593377175021216
0 0.4036006156366259 0.42769026114866987 0.4413690463940052 0.40811974023793685 0.456728726023191 0.4247934116765652 0.41896029526581174 0.4443639325872982
0 0.4407966819420206 0.4460413111186846 0.4859193086946982 0.43694693367635995 0.49245557358774766 0.4551889806647685 0.44733294683507013 0.46428335810709315
0 0.47982636828813147 0.4679501634985585 0.5366128018239181 0.4679501634985585 0.5366128018239181 0.49080425766117936 0.47982636828813147 0.49080425766117936
0 0.5507661931772936 0.48745915124736716 0.5940541038138297 0.48745915124736716 0.5940541038138297 0.506997877409906 0.5507661931772936 0.506997877409906
0 0.6397160034179687 0.3534831848144531 0.6649016723632812 0.3534831848144531 0.6649016723632812 0.3785114440917969 0.6397160034179687 0.3785114440917969
0 0.5339362182617182 0.4200677947998037 0.5594091857042406 0.4200677947998037 0.5594091857042406 0.43848481750488183 0.5339362182617182 0.43848481750488183
0 0.50801820859213 0.36516841152142837 0.5666775512695291 0.36516841152142837 0.5666775512695291 0.38941636613290453 0.50801820859213 0.38941636613290453
0 0.6001665609953761 0.43257207338739156 0.6184261397002101 0.43257207338739156 0.6184261397002101 0.44957237474847556 0.6001665609953761 0.44957237474847556
0 0.6638913956938914 0.4691798706054689 0.6938652038574219 0.4691798706054689 0.6938652038574219 0.49150273294981606 0.6638913956938914 0.49150273294981606
0 0.4023544074449632 0.6168504457267374 0.4023544074449632 0.5966625671180338 0.429219107762346 0.5966625671180338 0.429219107762346 0.6168504457267374
0 0.40171146011352543 0.5522925128936768 0.44200851058959967 0.5522925128936768 0.44200851058959967 0.5749595623016357 0.40171146011352543 0.5749595623016357
0 0.3987780477934136 0.5109835640232309 0.44430843344809157 0.4921972166020714 0.46009761137006794 0.513722110766483 0.41456722571539 0.5325084581876425
0 0.54841796875 0.5258475952148437 0.6233453369140626 0.5258475952148437 0.6233453369140626 0.5466257934570312 0.54841796875 0.5466257934570312
0 0.5062319526672363 0.565514986038208 0.5540846977233886 0.565514986038208 0.5540846977233886 0.5905432415008546 0.5062319526672363 0.5905432415008546
0 0.48259424478500423 0.6199593973366172 0.5216320255467229 0.6199593973366172 0.5216320255467229 0.6426265115944297 0.48259424478500423 0.6426265115944297
0 0.5333065795898437 0.6174605407714844 0.5861964721679688 0.6174605407714844 0.5861964721679688 0.6396554260253906 0.5333065795898437 0.6396554260253906
0 0.535195442199707 0.6439053974151612 0.6057153244018555 0.6439053974151612 0.6057153244018555 0.6712947978973389 0.535195442199707 0.6712947978973389
0 0.6176785297393799 0.567403902053833 0.6472716655731201 0.567403902053833 0.6472716655731201 0.591487699508667 0.6176785297393799 0.591487699508667
0 0.5780111389160156 0.5749596557617187 0.6107525329589844 0.5749596557617187 0.6107525329589844 0.5976267700195312 0.5780111389160156 0.5976267700195312
0 0.6050857543945313 0.5995157165527344 0.6579756469726563 0.5995157165527344 0.6579756469726563 0.6198216857910156 0.6050857543945313 0.6198216857910156
0 0.34000656127929685 0.7907694091796875 0.4054892883300781 0.7907694091796875 0.4054892883300781 0.81721435546875 0.34000656127929685 0.81721435546875
0 0.39037791824340823 0.7052954730987548 0.4489345817565919 0.7052954730987548 0.4489345817565919 0.7326848735809326 0.39037791824340823 0.7326848735809326
0 0.4728609619140625 0.7241847229003906 0.5169359130859376 0.7241847229003906 0.5169359130859376 0.7435462341308593 0.4728609619140625 0.7435462341308593
0 0.5421215591430664 0.6746003742218017 0.6069746322631836 0.6746003742218017 0.6069746322631836 0.6986841716766358 0.5421215591430664 0.6986841716766358
0 0.5748628845214844 0.714740203857422 0.6390863342285156 0.714740203857422 0.6390863342285156 0.7407129211425783 0.5748628845214844 0.7407129211425783
0 0.5389733276367188 0.7577131652832031 0.6113821411132813 0.7577131652832031 0.6113821411132813 0.7898249206542969 0.5389733276367188 0.7898249206542969
0 0.5773813819885254 0.8039918842315674 0.6315306053161621 0.8039918842315674 0.6315306053161621 0.8266589946746826 0.5773813819885254 0.8266589946746826
0 0.6176785888671875 0.8663585205078125 0.6667906494140624 0.8663585205078125 0.6667906494140624 0.903664794921875 0.6176785888671875 0.903664794921875
0 0.49489836311340324 0.9249151878356934 0.49489836311340324 0.8781642932891845 0.5251212177276611 0.8781642932891845 0.5251212177276611 0.9249151878356934
0 0.5207137145996094 0.8743865051269532 0.5843075256347655 0.8743865051269532 0.5843075256347655 0.8975258483886719 0.5207137145996094 0.8975258483886719
0 0.7473569946289063 0.08637191009521486 0.7833452758789062 0.08637191009521486 0.7833452758789062 0.12146050262451173 0.7473569946289063 0.12146050262451173
0 0.9307056671100784 0.1565188846478557 0.9307056671100784 0.12277985953188893 0.9660288437008046 0.12277985953188893 0.9660288437008046 0.1565188846478557
0 0.7578007331945652 0.6459898338317864 0.7578007331945652 0.5958633933648447 0.8225324948628742 0.5958633933648447 0.8225324948628742 0.6459898338317864
0 0.8469245948791504 0.8052381324768066 0.8853120994567871 0.8052381324768066 0.8853120994567871 0.8403266868591308 0.8469245948791504 0.8403266868591308
