0 0.19760416412353518 0.2827967376708984 0.22550771331787112 0.2827967376708984 0.22550771331787112 0.29579725646972654 0.19760416412353518 0.29579725646972654
0 0.34858852569523285 0.2728171620265767 0.3807198657220883 0.2728171620265767 0.3807198657220883 0.2877202057735249 0.34858852569523285 0.2877202057735249
0 0.25959052618955564 0.3265197182114423 0.2883396068475146 0.3265197182114423 0.2883396068475146 0.35125238041237006 0.25959052618955564 0.35125238041237006
0 0.3408573227976688 0.3157039843431117 0.38778599558819615 0.3157039843431117 0.38778599558819615 0.32965576466232555 0.3408573227976688 0.32965576466232555
0 0.3636022633593307 0.29772362751193376 0.40799428453852987 0.29772362751193376 0.40799428453852987 0.31135829967685075 0.3636022633593307 0.31135829967685075
0 0.33786139639119644 0.38426311366558336 0.37548889883260267 0.38426311366558336 0.37548889883260267 0.40614201991558335 0.33786139639119644 0.40614201991558335
0 0.39635168555062733 0.4010508642423231 0.39635168555062733 0.3732265920865614 0.4256645110714607 0.3732265920865614 0.4256645110714607 0.4010508642423231
0 0.4275506160163169 0.348130877564887 0.4275506160163169 0.32613690998017925 0.45918054567762345 0.32613690998017925 0.45918054567762345 0.348130877564887
0 0.46353337097167896 0.3367012939453124 0.4990469512939446 0.3367012939453124 0.4990469512939446 0.3531829697662224 0.46353337097167896 0.3531829697662224
0 0.4646393066308397 0.3633123347542068 0.5024292449951174 0.3633123347542068 0.5024292449951174 0.3782395172119143 0.4646393066308397 0.3782395172119143
0 0.40603517150878893 0.4502179718017578 0.40603517150878893 0.4278634262084961 0.43760283915201814 0.4278634262084961 0.43760283915201814 0.4502179718017578
0 0.48609415190211025 0.38354294405765854 0.5106154493569443 0.38354294405765854 0.5106154493569443 0.3962263833124193 0.48609415190211025 0.3962263833124193
0 0.5929043579101563 0.3443113555908203 0.5929043579101563 0.3269509201049805 0.6199623006184897 0.3269509201049805 0.6199623006184897 0.3443113555908203
0 0.52018603515625 0.39536215209960945 0.556545166015625 0.39536215209960945 0.556545166015625 0.41058224487304695 0.52018603515625 0.41058224487304695
0 0.5792360632131355 0.35773331725135415 0.6037573606679695 0.35773331725135415 0.6037573606679695 0.3710509117795524 0.5792360632131355 0.3710509117795524
0 0.5290643920898438 0.4264365539550781 0.5476668090820314 0.4264365539550781 0.5476668090820314 0.4435591735839844 0.5290643920898438 0.4435591735839844
0 0.5430162048339844 0.4116137510274725 0.5692286682128906 0.4116137510274725 0.5692286682128906 0.42239466533411313 0.5430162048339844 0.42239466533411313
0 0.543110129657877 0.380226432331254 0.5733758384085516 0.3873185724399769 0.568080372823264 0.4000301724455741 0.5378146640725895 0.3929380323368512
0 0.5781569310426236 0.4108583663684289 0.6106236807856897 0.4199757854516366 0.6033593927805602 0.4345264382127501 0.570892643037494 0.4254090191295424
0 0.5772250981965213 0.4252541804597393 0.5930226891417405 0.4353052727484169 0.5818092114002829 0.4452190796518454 0.5660116204550637 0.43516798736316775
0 0.5489351196289063 0.46131597900390614 0.5709197387695313 0.46131597900390614 0.5709197387695313 0.4762189941406249 0.5489351196289063 0.4762189941406249
0 0.5666717607614583 0.4488194808170551 0.5816753287727269 0.45429065944886715 0.5755454568024253 0.4637462266899944 0.5605418887911569 0.4582750480581823
0 0.5782025715209879 0.4604101109690884 0.584196624304469 0.45017674520626794 0.5986475359931455 0.45493798264362756 0.5926534832096643 0.465171348406448
0 0.5901466431164315 0.4634133608267106 0.6002702006620763 0.45509764097417504 0.6160813975561894 0.46592495117817695 0.6059578400105446 0.4742406710307125
0 0.583180269241333 0.4797069253921509 0.607701566696167 0.4797069253921509 0.607701566696167 0.49556120204925536 0.583180269241333 0.49556120204925536
0 0.46541011528043524 0.4807384458516913 0.4954275713351228 0.4807384458516913 0.4954275713351228 0.4931048093770819 0.46541011528043524 0.4931048093770819
0 0.4326703643798828 0.59163818359375 0.46733842468261716 0.59163818359375 0.46733842468261716 0.6100291748046874 0.4326703643798828 0.6100291748046874
0 0.4512727508544922 0.5586612854003906 0.4736801300048828 0.5586612854003906 0.4736801300048828 0.5722959899902343 0.4512727508544922 0.5722959899902343
0 0.4862655609326563 0.49893411774244245 0.515795770253888 0.49893411774244245 0.515795770253888 0.5106662954768174 0.4862655609326563 0.5106662954768174
0 0.4669156188964843 0.5187085266113282 0.48847744750976557 0.5187085266113282 0.48847744750976557 0.5320260925292969 0.4669156188964843 0.5320260925292969
0 0.5502034015655518 0.5168059091567994 0.5802207927703859 0.5168059091567994 0.5802207927703859 0.5301235342025757 0.5502034015655518 0.5301235342025757
0 0.5011608581542969 0.5428070068359375 0.5239909973144531 0.5428070068359375 0.5239909973144531 0.5558074951171875 0.5011608581542969 0.5558074951171875
0 0.5256821899414063 0.5364652709960938 0.5480895385742187 0.5364652709960938 0.5480895385742187 0.5497828979492188 0.5256821899414063 0.5497828979492188
0 0.5979776935577392 0.5358310556411743 0.6203850994110107 0.5358310556411743 0.6203850994110107 0.5497828359603881 0.5979776935577392 0.5497828359603881
0 0.5235682373046875 0.5808572998046875 0.5645780029296875 0.5808572998046875 0.5645780029296875 0.5938577880859375 0.5235682373046875 0.5938577880859375
0 0.5683830280303955 0.5631003742218017 0.595018217086792 0.5631003742218017 0.595018217086792 0.5884672527313232 0.5683830280303955 0.5884672527313232
0 0.5578135375976563 0.6055899963378907 0.5899448852539063 0.6055899963378907 0.5899448852539063 0.6176392517089845 0.5578135375976563 0.6176392517089845
0 0.5330612818897684 0.6370114656689686 0.5644382413299339 0.6259541480996161 0.5720637889735346 0.6381259433756542 0.540686829533369 0.6491832609450067
0 0.5736042763534811 0.6340336322892286 0.5839129889249387 0.6407023142990202 0.5699903723793501 0.6528085133575746 0.5596816598078926 0.646139831347783
0 0.6103079489613643 0.5140566042615468 0.6103079489613643 0.49786203879810853 0.622300869815949 0.49786203879810853 0.622300869815949 0.5140566042615468
0 0.6207382546519169 0.5052584442782773 0.6355355568980107 0.5052584442782773 0.6355355568980107 0.5185760712314023 0.6207382546519169 0.5185760712314023
0 0.6430760271260992 0.5027391714533789 0.6616783830831304 0.5027391714533789 0.6616783830831304 0.5144713491877538 0.6430760271260992 0.5144713491877538
0 0.24368728637695314 0.6363473205566407 0.2635579833984375 0.6363473205566407 0.2635579833984375 0.6512503356933594 0.24368728637695314 0.6512503356933594
0 0.34853695678710944 0.6674216918945313 0.39715676879882816 0.6674216918945313 0.39715676879882816 0.6826417846679688 0.34853695678710944 0.6826417846679688
0 0.43436146545410154 0.6731292419433593 0.4631105804443359 0.6731292419433593 0.4631105804443359 0.6918373107910156 0.43436146545410154 0.6918373107910156
0 0.49355082702636716 0.699764404296875 0.49355082702636716 0.6774098815917969 0.516662846883138 0.6774098815917969 0.516662846883138 0.699764404296875
0 0.48627779420100864 0.6969647340156975 0.5210826495937321 0.7092610793901907 0.5107306088976152 0.725743169272756 0.4759257535048918 0.7134468238982627
0 0.553194383239441 0.7335353493206813 0.5802523666378786 0.7335353493206813 0.5802523666378786 0.7519263405316188 0.553194383239441 0.7519263405316188
0 0.5722229946887822 0.7217324933196122 0.6081593960559698 0.7217324933196122 0.6081593960559698 0.736635508456331 0.5722229946887822 0.736635508456331
0 0.565088213196594 0.6924242760123078 0.5866500418098752 0.6924242760123078 0.5866500418098752 0.7085956627310578 0.565088213196594 0.7085956627310578
0 0.5891027100363774 0.6601286334991456 0.6148923790732427 0.6601286334991456 0.6148923790732427 0.6845442180633546 0.5891027100363774 0.6845442180633546
0 0.6093928527832034 0.6896176757812512 0.6279741842628794 0.6896176757812512 0.6279741842628794 0.7124478759765637 0.6093928527832034 0.7124478759765637
0 0.6009371948242187 0.8193057250976562 0.6212306518554688 0.8193057250976562 0.6212306518554688 0.8361112670898437 0.6009371948242187 0.8361112670898437
0 0.45000439453125 0.8319892272949219 0.5007380981445313 0.8319892272949219 0.5007380981445313 0.8503801574707031 0.45000439453125 0.8503801574707031
0 0.4914369049072265 0.8611610717773438 0.5244138031005859 0.8611610717773438 0.5244138031005859 0.8763811645507813 0.4914369049072265 0.8763811645507813
0 0.5579328563004724 0.8449386405435341 0.5531488268652286 0.820240275108298 0.5656108925961434 0.8188824676328075 0.5703949220313872 0.8435808330680435
0 0.5664822622676395 0.8303382055882966 0.5664822622676395 0.8151181128148591 0.5845209178665979 0.8151181128148591 0.5845209178665979 0.8303382055882966
0 0.4390120868682861 0.9822431964874268 0.46226501274108883 0.9822431964874268 0.46226501274108883 0.9984145183563232 0.4390120868682861 0.9984145183563232
0 0.5692285785675049 0.9479978961944578 0.5924815044403076 0.9479978961944578 0.5924815044403076 0.9689255657196043 0.5692285785675049 0.9689255657196043
0 0.028023921948615516 0.27346235462195784 0.06826142211131773 0.26327365788009205 0.07404225282356551 0.27611543516746284 0.0338047526608633 0.28630413190932863
0 0.8635573749542237 0.4233848991394043 0.8635573749542237 0.3974630527496338 0.9033155078887939 0.3974630527496338 0.9033155078887939 0.4233848991394043
0 0.8997011108398438 0.523006103515625 0.8997011108398438 0.4894601745605469 0.9346400756835939 0.4894601745605469 0.9346400756835939 0.523006103515625
0 0.20869290161132806 0.9630105285644531 0.24777606201171867 0.9630105285644531 0.24777606201171867 0.9797604675292969 0.20869290161132806 0.9797604675292969
