0 0.37446608483200255 0.12890841089299934 0.40254805494536966 0.12890841089299934 0.40254805494536966 0.1496947544051266 0.37446608483200255 0.1496947544051266
0 0.2335197559750279 0.20651491316816348 0.2335197559750279 0.18569774529691033 0.2501728418673862 0.18569774529691033 0.2501728418673862 0.20651491316816348
0 0.4090212316963055 0.45636500944786024 0.4090212316963055 0.4247521816868382 0.42898774434635956 0.4247521816868382 0.42898774434635956 0.45636500944786024
0 0.3495124225616455 0.5942327890396119 0.37293655204772946 0.5942327890396119 0.37293655204772946 0.6098488759994508 0.3495124225616455 0.6098488759994508
0 0.5369053649902343 0.6238211669921875 0.5646444396972656 0.6238211669921875 0.5646444396972656 0.64436865234375 0.5369053649902343 0.64436865234375
0 0.47446059270806484 0.652157026548626 0.47446059270806484 0.6405724622022253 0.485798458511769 0.6405724622022253 0.485798458511769 0.652157026548626
0 0.4980706787109375 0.6838197937011717 0.5147141113281251 0.6838197937011717 0.5147141113281251 0.699435821533203 0.4980706787109375 0.699435821533203
0 0.5160447498012175 0.6948828596853996 0.5160447498012175 0.6776231490814247 0.5310396293691826 0.6776231490814247 0.5310396293691826 0.6948828596853996
0 0.5382360950160623 0.7024755636335419 0.5382360950160623 0.6824633333017568 0.5496791570251114 0.6824633333017568 0.5496791570251114 0.7024755636335419
0 0.4522324971896194 0.7584738605354463 0.4522324971896194 0.7435940318127595 0.4644254948247796 0.7435940318127595 0.4644254948247796 0.7584738605354463
0 0.16211954498291015 0.8126070556640625 0.1818451156616211 0.8126070556640625 0.1818451156616211 0.8290450439453125 0.16211954498291015 0.8290450439453125
0 0.2644459238052375 0.8668524131774921 0.2644459238052375 0.8321731117216338 0.27641599136682865 0.8321731117216338 0.27641599136682865 0.8668524131774921
0 0.22383594604762266 0.9612673566777273 0.22383594604762266 0.9311736660770403 0.238804504202589 0.9311736660770403 0.238804504202589 0.9612673566777273
0 0.2694513253811176 0.9840034226987813 0.2694513253811176 0.9632450742828357 0.27952195652938766 0.9632450742828357 0.27952195652938766 0.9840034226987813
0 0.31799727806737754 0.9185380709680674 0.31799727806737754 0.9032180062816013 0.331676717445189 0.9032180062816013 0.331676717445189 0.9185380709680674
0 0.36704712877997603 0.8236384683017351 0.38596300457853094 0.8236384683017351 0.38596300457853094 0.8389275413565596 0.36704712877997603 0.8389275413565596
0 0.37954645161990824 0.7985851588229207 0.37954645161990824 0.7772757173771251 0.393688882750803 0.7772757173771251 0.393688882750803 0.7985851588229207
0 0.39142929077148436 0.9983562011718748 0.39142929077148436 0.9698636881510415 0.4025249328613281 0.9698636881510415 0.4025249328613281 0.9983562011718748
0 0.5608178685111261 0.4660803468334119 0.5608178685111261 0.4516539107929211 0.5699962904714936 0.4516539107929211 0.5699962904714936 0.4660803468334119
0 0.5682758211566223 0.4516516543665518 0.5682758211566223 0.4370425926824765 0.5782446901783614 0.4370425926824765 0.5782446901783614 0.4516516543665518
0 0.6013886898363192 0.5409457539457307 0.6013886898363192 0.5214140548768035 0.61578440253113 0.5214140548768035 0.61578440253113 0.5409457539457307
0 0.6198119220733642 0.5375621957778931 0.6440109539031982 0.5375621957778931 0.6440109539031982 0.5534906606674195 0.6198119220733642 0.5534906606674195
0 0.6242369430393102 0.5941680935859877 0.6164542963753438 0.5790715120979585 0.6243976350273022 0.5717915477949947 0.6321802816912686 0.5868881292830239
0 0.6279728013384595 0.5748895432043266 0.6404544134775417 0.5584166482076253 0.649020100039103 0.5699549104270285 0.6365384879000208 0.5864278054237299
0 0.6234877319335937 0.5886150207519532 0.6479931030273437 0.5886150207519532 0.6479931030273437 0.6016845397949219 0.6234877319335937 0.6016845397949219
0 0.6718671043980444 0.46622219527447734 0.6718671043980444 0.43542474060907727 0.6874730677713553 0.43542474060907727 0.6874730677713553 0.46622219527447734
0 0.6793624861640187 0.5154325117541568 0.6793624861640187 0.49554341084294545 0.6894377286419539 0.49554341084294545 0.6894377286419539 0.5154325117541568
0 0.7331492004394531 0.36153207397460935 0.7503029479980469 0.36153207397460935 0.7503029479980469 0.37705215454101565 0.7331492004394531 0.37705215454101565
0 0.7515282592773438 0.37746055603027345 0.7754209594726563 0.37746055603027345 0.7754209594726563 0.3929806060791015 0.7515282592773438 0.3929806060791015
0 0.6963409721974871 0.4337309521029569 0.6963409721974871 0.41508756612566494 0.7093466613801375 0.41508756612566494 0.7093466613801375 0.4337309521029569
0 0.7021235513548987 0.46095348354470395 0.7021235513548987 0.4465667751252001 0.7134036496717574 0.4465667751252001 0.7134036496717574 0.46095348354470395
0 0.7130574009818292 0.4599540193187634 0.7130574009818292 0.44705577807696034 0.7217874577445246 0.44705577807696034 0.7217874577445246 0.4599540193187634
0 0.7243691084500096 0.49771448779875654 0.7083621792552915 0.47628803254121294 0.7165713625594766 0.46538530593486743 0.7325782917541946 0.48681176119241104
0 0.7821022051789496 0.47676147975102373 0.7821022051789496 0.4568149248855315 0.8000288265257183 0.4568149248855315 0.8000288265257183 0.47676147975102373
0 0.6901269686207442 0.5401794907785064 0.7092131166872567 0.5401794907785064 0.7092131166872567 0.5552741328332386 0.6901269686207442 0.5552741328332386
0 0.7421322073110999 0.612436609476018 0.7421322073110999 0.5911986562899828 0.7513217200407446 0.5911986562899828 0.7513217200407446 0.612436609476018
0 0.8596929393266136 0.4967121067095308 0.8596929393266136 0.4762495750562159 0.8710754860928587 0.4762495750562159 0.8710754860928587 0.4967121067095308
0 0.7196712646484374 0.3992102813720703 0.7380502929687499 0.3992102813720703 0.7380502929687499 0.4159556121826172 0.7196712646484374 0.4159556121826172
0 0.8885005798339843 0.36204385375976567 0.8885005798339843 0.333726552327474 0.9011361846923828 0.333726552327474 0.9011361846923828 0.36204385375976567
0 0.9053480548858643 0.23951706123352054 0.9280154705047609 0.23951706123352054 0.9280154705047609 0.25748763847351075 0.9053480548858643 0.25748763847351075
0 0.8453099670410131 0.3414720634959621 0.8453099670410131 0.3165727895100903 0.8596080051511283 0.3165727895100903 0.8596080051511283 0.3414720634959621
0 0.8606469761420609 0.3485752809970173 0.8606469761420609 0.3247926006756859 0.8772906973116905 0.3247926006756859 0.8772906973116905 0.3485752809970173
0 0.7667335220510928 0.30646608794274055 0.7772005058141652 0.30646608794274055 0.7772005058141652 0.318358745274235 0.7667335220510928 0.318358745274235
0 0.7958578759625062 0.29089507831103595 0.7958578759625062 0.2680234199858406 0.8068853098347292 0.2680234199858406 0.8068853098347292 0.29089507831103595
0 0.8494852155080537 0.2764287196189197 0.8394730418105056 0.2530981215851128 0.8535988955671009 0.24232120098536317 0.8636110692646489 0.2656517990191701
0 0.786015255631016 0.23912820390990439 0.7892244848268355 0.21617255608311745 0.8000651722567144 0.21886685314114532 0.7968559430608949 0.24182250096793226
0 0.7169631042480448 0.2307199866870432 0.7405684976319705 0.2307199866870432 0.7405684976319705 0.247277084350586 0.7169631042480448 0.247277084350586
0 0.7409060239972228 0.14092130292600738 0.7409060239972228 0.1271286121609256 0.7506842927752384 0.1271286121609256 0.7506842927752384 0.14092130292600738
0 0.8606257953643799 0.15170617866516115 0.8863563823699951 0.15170617866516115 0.8863563823699951 0.17294415092468265 0.8606257953643799 0.17294415092468265
0 0.7656617627016069 0.22041512976825914 0.7836168946773611 0.20954145271413518 0.7881498506570799 0.2228481766209328 0.7701947186813257 0.2337218536750567
0 0.6216110009697083 0.2914438403068532 0.6216110009697083 0.2646181560731079 0.6362280901962554 0.2646181560731079 0.6362280901962554 0.2914438403068532
0 0.9008518695831299 0.335817274093628 0.9008518695831299 0.31207195854187014 0.9131811819076538 0.31207195854187014 0.9131811819076538 0.335817274093628
0 0.8055473859814565 0.24361376845369417 0.8230597455869372 0.24361376845369417 0.8230597455869372 0.2653964797303103 0.8055473859814565 0.2653964797303103
0 0.7138528033115381 0.48500673745400597 0.7244005500384856 0.4959999585342152 0.71922331001676 0.5048309711244641 0.7086755632898125 0.49383775004425484
0 0.6138089516963202 0.5430612148832091 0.6145087699899385 0.5430612148832091 0.6145087699899385 0.5449273969995243 0.6138089516963202 0.5449273969995243
0 0.6276538714408535 0.4398961546890539 0.6322055327972487 0.4398961546890539 0.6322055327972487 0.44394207589473855 0.6276538714408535 0.44394207589473855
