0 0.4106443939208984 0.16553147888183595 0.45871839904785155 0.16553147888183595 0.45871839904785155 0.1966703338623047 0.4106443939208984 0.1966703338623047
0 0.5585083351135254 0.2141517906188965 0.6087675437927246 0.2141517906188965 0.6087675437927246 0.24747580337524416 0.5585083351135254 0.24747580337524416
0 0.6036687355041503 0.2644109354019165 0.657569911956787 0.2644109354019165 0.657569911956787 0.2780683126449585 0.6036687355041503 0.2780683126449585
0 0.5720963978396476 0.32362550202130985 0.609359307971799 0.32362550202130985 0.609359307971799 0.347555172160863 0.5720963978396476 0.347555172160863
0 0.21628944899974115 0.3852164021404297 0.24178325393138178 0.3852164021404297 0.24178325393138178 0.39996640214042967 0.21628944899974115 0.39996640214042967
0 0.05472835488739406 0.5693180256755859 0.08750609155121242 0.5693180256755859 0.08750609155121242 0.5818828450115233 0.05472835488739406 0.5818828450115233
0 0.29354283142089843 0.4976791839599609 0.32704896545410156 0.4976791839599609 0.32704896545410156 0.509151382446289 0.29354283142089843 0.509151382446289
0 0.31168096923828126 0.42816094970703117 0.3464630126953125 0.42816094970703117 0.3464630126953125 0.4417713012695312 0.31168096923828126 0.4417713012695312
0 0.33033220100402827 0.46483326816558834 0.3560406627655029 0.46483326816558834 0.3560406627655029 0.4735287923812866 0.33033220100402827 0.4735287923812866
0 0.3353730621337891 0.4826023712158204 0.3522599945068359 0.4826023712158204 0.3522599945068359 0.4975359344482423 0.3353730621337891 0.4975359344482423
0 0.36007337951660157 0.47031523132324227 0.37897666931152346 0.47031523132324227 0.37897666931152346 0.4833584747314454 0.36007337951660157 0.4833584747314454
0 0.3824057920239274 0.48498309779753546 0.40759041507857097 0.4755412351469118 0.4137346835086246 0.48475995217043416 0.38855006045398094 0.4942018148210578
0 0.3765520204966209 0.4996411902203134 0.39373225672019285 0.511413322548697 0.3832859426091099 0.5199888255448273 0.36610570638553797 0.5082166932164437
0 0.3817491302490235 0.4944628378698248 0.4104831341827471 0.4944628378698248 0.4104831341827471 0.5047153426093761 0.3817491302490235 0.5047153426093761
0 0.36864285278320325 0.43912486267089845 0.39787991333007827 0.43912486267089845 0.39787991333007827 0.4521681060791016 0.36864285278320325 0.4521681060791016
0 0.40512745822526003 0.41360615938339834 0.4259185012473963 0.41360615938339834 0.4259185012473963 0.42612786366748096 0.40512745822526003 0.42612786366748096
0 0.40607286869355425 0.42527911875439434 0.42686594668274713 0.42527911875439434 0.42686594668274713 0.4404951161905275 0.40607286869355425 0.4404951161905275
0 0.40821371459960937 0.4402134946905269 0.4404753112792969 0.4402134946905269 0.4404753112792969 0.4528787168584956 0.40821371459960937 0.4528787168584956
0 0.4182944384490888 0.4639837858890624 0.44255645665208276 0.4639837858890624 0.44255645665208276 0.475371273864551 0.4182944384490888 0.475371273864551
0 0.45660612678527834 0.4446067667007446 0.47525733757019045 0.4446067667007446 0.47525733757019045 0.45670487880706784 0.45660612678527834 0.45670487880706784
0 0.48004617309570313 0.44668614196777345 0.5029821472167969 0.44668614196777345 0.5029821472167969 0.4597293853759766 0.48004617309570313 0.4597293853759766
0 0.4586224212646484 0.48033396911621096 0.4956728668212891 0.48033396911621096 0.4956728668212891 0.4916759185791016 0.4586224212646484 0.4916759185791016
0 0.518104736328125 0.49621273803710936 0.546585693359375 0.49621273803710936 0.546585693359375 0.5098230895996093 0.518104736328125 0.5098230895996093
0 0.5002096557617187 0.4814681701660156 0.5168445434570312 0.4814681701660156 0.5168445434570312 0.49129788208007813 0.5002096557617187 0.49129788208007813
0 0.5196169452667236 0.47768751621246336 0.5491060771942139 0.47768751621246336 0.5491060771942139 0.4905417318344116 0.5196169452667236 0.4905417318344116
0 0.49693309020996096 0.4631319885253906 0.5271783599853516 0.4631319885253906 0.5271783599853516 0.4729617004394531 0.49693309020996096 0.4729617004394531
0 0.45837040901184084 0.4602964940071106 0.4767696056365967 0.4602964940071106 0.4767696056365967 0.4676687769889831 0.45837040901184084 0.4676687769889831
0 0.47532419386675934 0.4624229278131471 0.4886824988441763 0.4624229278131471 0.4886824988441763 0.4724416636987672 0.47532419386675934 0.4724416636987672
0 0.5344875202178955 0.5137926950454712 0.5612041301727295 0.5137926950454712 0.5612041301727295 0.5245675344467163 0.5344875202178955 0.5245675344467163
0 0.5037383117675781 0.5585935974121093 0.5375121765136718 0.5585935974121093 0.5375121765136718 0.5737162170410156 0.5037383117675781 0.5737162170410156
0 0.5480979614257813 0.5321289978027344 0.5843922729492187 0.5321289978027344 0.5843922729492187 0.5438490295410157 0.5480979614257813 0.5438490295410157
0 0.6007750549316406 0.5419586791992187 0.6237110290527345 0.5419586791992187 0.6237110290527345 0.5568922729492187 0.6007750549316406 0.5568922729492187
0 0.4118627014174983 0.5382712962413703 0.4431881289039867 0.5382712962413703 0.4431881289039867 0.5503693778301169 0.4118627014174983 0.5503693778301169
0 0.4562305786819651 0.5359088400062518 0.4562305786819651 0.5177194280613272 0.47345049274342443 0.5177194280613272 0.47345049274342443 0.5359088400062518
0 0.4298894672393799 0.5791980600357056 0.4573622417449951 0.5791980600357056 0.4573622417449951 0.588082579612732 0.4298894672393799 0.588082579612732
0 0.46820218450318957 0.5490485594486325 0.46820218450318957 0.5310431578373044 0.4819805455057937 0.5310431578373044 0.4819805455057937 0.5490485594486325
0 0.45558535127347083 0.5359195803066376 0.46877432756635856 0.5420275284565991 0.4558862822000173 0.5576815284336073 0.4426973059071295 0.5515735802836458
0 0.5584317054748535 0.5693683176040649 0.5995148277282715 0.5693683176040649 0.5995148277282715 0.58411288356781 0.5584317054748535 0.58411288356781
0 0.5211879249931001 0.6532997476402342 0.5453882229545574 0.6532997476402342 0.5453882229545574 0.6647805523877935 0.5211879249931001 0.6647805523877935
0 0.5274303283691406 0.5886498107910156 0.5543990173339843 0.5886498107910156 0.5543990173339843 0.5986685485839844 0.5274303283691406 0.5986685485839844
0 0.5925214273277343 0.6167724055799795 0.5925214273277343 0.6038217425340816 0.6149564204928374 0.6038217425340816 0.6149564204928374 0.6167724055799795
0 0.547341796875 0.6296698608398438 0.5717900390624999 0.6296698608398438 0.5717900390624999 0.6398776245117188 0.547341796875 0.6398776245117188
0 0.5259181213378906 0.6050955810546875 0.5569195251464844 0.6050955810546875 0.5569195251464844 0.6158704833984375 0.5259181213378906 0.6158704833984375
0 0.5753186645507813 0.6275904846191406 0.5977505493164063 0.6275904846191406 0.5977505493164063 0.6383653259277343 0.5753186645507813 0.6383653259277343
0 0.5644807739257812 0.642713134765625 0.5959862670898437 0.642713134765625 0.5959862670898437 0.6519757080078125 0.5644807739257812 0.6519757080078125
0 0.5588730399391195 0.6535843920269163 0.5840136571365319 0.6535843920269163 0.5840136571365319 0.6677116792421275 0.5588730399391195 0.6677116792421275
0 0.5853386703834633 0.6558018861688479 0.6012174545631508 0.6558018861688479 0.6012174545631508 0.6686561342157229 0.5853386703834633 0.6686561342157229
0 0.5991403791244776 0.6772120076091798 0.5991403791244776 0.6514101642257808 0.6164240789121088 0.6514101642257808 0.6164240789121088 0.6772120076091798
0 0.5493581237792968 0.73174755859375 0.5990107727050781 0.73174755859375 0.5990107727050781 0.743278564453125 0.5493581237792968 0.743278564453125
0 0.5163383313964685 0.6825487693013946 0.5483561071899886 0.6825487693013946 0.5483561071899886 0.6974476797772193 0.5163383313964685 0.6974476797772193
0 0.5812313412168908 0.6914416721830016 0.61366062264421 0.6825466630964465 0.6200667544862338 0.6956840602388765 0.5876374730589148 0.7045790693254316
0 0.609092529296875 0.7298572387695313 0.6335407714843749 0.7298572387695313 0.6335407714843749 0.7430895385742189 0.609092529296875 0.7430895385742189
0 0.5796033935546875 0.7631270141601563 0.6257274169921875 0.7631270141601563 0.6257274169921875 0.7814631958007813 0.5796033935546875 0.7814631958007813
0 0.5531388549804688 0.8255078430175782 0.5531388549804688 0.8049505462646485 0.5894331258138021 0.8049505462646485 0.5894331258138021 0.8255078430175782
0 0.6234590148925782 0.833069091796875 0.6234590148925782 0.8143548889160157 0.6432864074707031 0.8143548889160157 0.6432864074707031 0.833069091796875
0 0.606695641057565 0.8267420433382523 0.6281095529440746 0.8267420433382523 0.6281095529440746 0.8408194580078125 0.606695641057565 0.8408194580078125
0 0.5851483764648437 0.8846750488281249 0.6242151489257812 0.8846750488281249 0.6242151489257812 0.9018770751953123 0.5851483764648437 0.9018770751953123
0 0.42458729345390855 0.7185167621261725 0.42458729345390855 0.6945551137491214 0.4419765736524714 0.6945551137491214 0.4419765736524714 0.7185167621261725
0 0.2961592750549316 0.664800934791565 0.3298383445739746 0.664800934791565 0.3298383445739746 0.6772707204818726 0.2961592750549316 0.6772707204818726
0 0.07649430812529338 0.6093191508380861 0.10889442409209026 0.6093191508380861 0.10889442409209026 0.6275441874591798 0.07649430812529338 0.6275441874591798
0 0.6131390075683594 0.9797961120605468 0.6458397521972656 0.9797961120605468 0.6458397521972656 0.998435577392578 0.6131390075683594 0.998435577392578
