0 0.04490940284729004 0.25483734226226806 0.08633745384216308 0.25483734226226806 0.08633745384216308 0.26841461086273194 0.04490940284729004 0.26841461086273194
0 0.22593956756591801 0.28120855712890624 0.26040491485595707 0.28120855712890624 0.26040491485595707 0.29478582763671873 0.22593956756591801 0.29478582763671873
0 0.27537471389770507 0.3138461780548096 0.30740311813354493 0.3138461780548096 0.30740311813354493 0.3415229015350342 0.27537471389770507 0.3415229015350342
0 0.37360621911520764 0.2635855232808287 0.4129454525136451 0.2635855232808287 0.4129454525136451 0.2774239021870787 0.37360621911520764 0.2774239021870787
0 0.3676304779052735 0.30810200500488283 0.4024439849853516 0.30810200500488283 0.4024439849853516 0.3219403533935547 0.3676304779052735 0.3219403533935547
0 0.38573349189758294 0.289738682530542 0.4167174968719481 0.289738682530542 0.4167174968719481 0.30218276522336435 0.38573349189758294 0.30218276522336435
0 0.35541702899220096 0.37979711982386744 0.38901730085181657 0.37979711982386744 0.38901730085181657 0.3957726111113854 0.35541702899220096 0.3957726111113854
0 0.4178193538808326 0.39326926875333784 0.4178193538808326 0.3705534560702324 0.4396129124240821 0.3705534560702324 0.4396129124240821 0.39326926875333784
0 0.4466571044921875 0.31880711364746095 0.4821668701171875 0.31880711364746095 0.4821668701171875 0.3485726470947266 0.4466571044921875 0.3485726470947266
0 0.4866926307678223 0.33133995246887205 0.5249874839782716 0.33133995246887205 0.5249874839782716 0.3517058238983154 0.4866926307678223 0.3517058238983154
0 0.48530006408691406 0.3561445770263672 0.5270762786865234 0.3561445770263672 0.5270762786865234 0.37311616516113283 0.48530006408691406 0.37311616516113283
0 0.5027068328857421 0.3772937774658203 0.5406535186767578 0.3772937774658203 0.5406535186767578 0.39165434265136717 0.5027068328857421 0.39165434265136717
0 0.617939453125 0.33630090332031254 0.617939453125 0.3196557006835938 0.642541015625 0.3196557006835938 0.642541015625 0.33630090332031254
0 0.556667724609375 0.37520497131347663 0.5869554443359375 0.37520497131347663 0.5869554443359375 0.3895655364990235 0.556667724609375 0.3895655364990235
0 0.49017398071289064 0.4081037292480469 0.5100176696777344 0.4081037292480469 0.5100176696777344 0.42141989135742186 0.49017398071289064 0.42141989135742186
0 0.54069367094189 0.38903350717761087 0.5724610987468265 0.3956802119794006 0.5678884058535955 0.4079735612895612 0.536120978048659 0.40132685648777144
0 0.5639785766601563 0.4065371398925781 0.5897405395507813 0.4065371398925781 0.5897405395507813 0.4175033874511719 0.5639785766601563 0.4175033874511719
0 0.5688524188995361 0.42011438083648683 0.5939180889129638 0.42011438083648683 0.5939180889129638 0.4297751455307007 0.5688524188995361 0.4297751455307007
0 0.60122900390625 0.42037550354003905 0.6374350585937499 0.42037550354003905 0.6374350585937499 0.4308195648193359 0.60122900390625 0.4308195648193359
0 0.6029696063995361 0.3537946329116821 0.6249020977020263 0.3537946329116821 0.6249020977020263 0.3663274984359741 0.6029696063995361 0.3663274984359741
0 0.5618897113800049 0.4326472330093384 0.584518491744995 0.4326472330093384 0.584518491744995 0.44753001308441165 0.5618897113800049 0.44753001308441165
0 0.4870407409667969 0.4715513458251953 0.5100176696777344 0.4715513458251953 0.5100176696777344 0.4898284149169922 0.4870407409667969 0.4898284149169922
0 0.5030960922692 0.49451280686566984 0.5340416629821026 0.49451280686566984 0.5340416629821026 0.5081054992675779 0.5030960922692 0.5081054992675779
0 0.5039911024814462 0.519586283193577 0.5249565982480507 0.519586283193577 0.5249565982480507 0.5302255975878593 0.5039911024814462 0.5302255975878593
0 0.567055986402 0.5242822994342786 0.5942206894247898 0.5242822994342786 0.5942206894247898 0.5362929805866223 0.567055986402 0.5362929805866223
0 0.5789483947753906 0.4613683776855469 0.5998365173339844 0.4613683776855469 0.5998365173339844 0.47207351684570314 0.5789483947753906 0.47207351684570314
0 0.5869806068236022 0.45319642843521 0.5958223754195464 0.4416135989470611 0.6151583446511492 0.4499161767589607 0.606316576055205 0.4614990062471096
0 0.6137972571648459 0.4518362923322673 0.634387919343005 0.4518362923322673 0.634387919343005 0.46301864908372065 0.6137972571648459 0.46301864908372065
0 0.5971063044236266 0.4894614764291784 0.6151544189453121 0.4894614764291784 0.6151544189453121 0.4997502441406236 0.5971063044236266 0.4997502441406236
0 0.6139151645125543 0.48281410184679346 0.6318785613960406 0.4817823919350932 0.6335956228637415 0.4985990321075591 0.6156322259802554 0.4996307420192594
0 0.6355380471844125 0.5180539427181275 0.6355380471844125 0.5061313955463473 0.6497966491263217 0.5061313955463473 0.6497966491263217 0.5180539427181275
0 0.6586712646484366 0.5021001586914058 0.6723246281396733 0.5021001586914058 0.6723246281396733 0.5141108398437495 0.6586712646484366 0.5141108398437495
0 0.43830184936523436 0.5898301696777344 0.47903366088867183 0.5898301696777344 0.47903366088867183 0.6070628967285157 0.43830184936523436 0.6070628967285157
0 0.4609306488037109 0.5740016912503734 0.4609306488037109 0.5571606573148264 0.48367548116048176 0.5571606573148264 0.48367548116048176 0.5740016912503734
0 0.5303099619226648 0.5758555509622567 0.5594527893066407 0.5758555509622567 0.5594527893066407 0.5894328214700693 0.5303099619226648 0.5894328214700693
0 0.5941265835400649 0.5624089992795087 0.6112127114301567 0.5775601749171576 0.5986835621365788 0.5855078742852415 0.581597434246487 0.5703566986475926
0 0.5787131616357649 0.6008017538688443 0.6105311564110694 0.6046507881979898 0.6075376451909432 0.6185703139470365 0.5757196504156388 0.614721279617891
0 0.6137617816925047 0.5297768259048453 0.6447457866668699 0.5297768259048453 0.6447457866668699 0.5433807087322269 0.6137617816925047 0.5433807087322269
0 0.5131508197784423 0.5404819955825803 0.53960906791687 0.5404819955825803 0.53960906791687 0.5512175578140298 0.5131508197784423 0.5512175578140298
0 0.5406838978867285 0.5338029849573088 0.5630651183543155 0.5338029849573088 0.5630651183543155 0.5447997185297008 0.5406838978867285 0.5447997185297008
0 0.45849368476867675 0.6692048654556274 0.48355941581726075 0.6692048654556274 0.48355941581726075 0.6835653982162475 0.45849368476867675 0.6835653982162475
0 0.5069950983713578 0.7065042794914228 0.5069950983713578 0.6758350842434122 0.5251595413662061 0.6758350842434122 0.5251595413662061 0.7065042794914228
0 0.5281206073760987 0.6637217111587524 0.5549270000457764 0.6637217111587524 0.5549270000457764 0.6746879568099976 0.5281206073760987 0.6746879568099976
0 0.5904367980957026 0.676254638671875 0.5904367980957026 0.6598509048019469 0.6010022637654829 0.6598509048019469 0.6010022637654829 0.676254638671875
0 0.61898388671875 0.6527555541992187 0.6412645263671876 0.6527555541992187 0.6412645263671876 0.6739047241210937 0.61898388671875 0.6739047241210937
0 0.5474839303992329 0.63645201202648 0.5823033481459979 0.6269889775795058 0.5889452415220156 0.6407359008871425 0.5541258237752505 0.6501989353341168
0 0.5236650349832018 0.7101977844238282 0.5455274353027338 0.7101977844238282 0.5455274353027338 0.725602752685547 0.5236650349832018 0.725602752685547
0 0.5483125 0.7138531799316407 0.574422607421875 0.7138531799316407 0.574422607421875 0.7297803649902344 0.5483125 0.7297803649902344
0 0.5895638962657869 0.7189618200136207 0.6184590989025056 0.7189618200136207 0.6184590989025056 0.7348890050722146 0.5895638962657869 0.7348890050722146
0 0.6172431945800781 0.6835655212402344 0.6454421081542969 0.6835655212402344 0.6454421081542969 0.7026258850097656 0.6172431945800781 0.7026258850097656
0 0.5646984931726019 0.8412706298828085 0.5646984931726019 0.819254719459756 0.5789006339378834 0.819254719459756 0.5789006339378834 0.8412706298828085
0 0.5833346548026902 0.820556296096299 0.5833346548026902 0.8055252774662929 0.5977928871814032 0.8055252774662929 0.5977928871814032 0.820556296096299
0 0.610930088195913 0.8225582383801812 0.6295899077935262 0.8225582383801812 0.6295899077935262 0.8383807855692123 0.610930088195913 0.8383807855692123
0 0.4988473740272478 0.8643041825865515 0.5250934480032843 0.8604760523606027 0.5281851103195164 0.8723992357693804 0.5019390363434799 0.8762273659953292
0 0.5052139806908013 0.8530382807614915 0.5377058623613938 0.8530382807614915 0.5377058623613938 0.8635514605183816 0.5052139806908013 0.8635514605183816
0 0.5789483642578125 0.9501296997070312 0.6054066162109375 0.9501296997070312 0.6054066162109375 0.9707566528320312 0.5789483642578125 0.9707566528320312
0 0.44387200927734377 0.9796340942382813 0.4755523071289063 0.9796340942382813 0.4755523071289063 0.9976500854492187 0.44387200927734377 0.9976500854492187
0 0.334445548418703 0.918486792469239 0.37105143834763443 0.9092010676982412 0.3754014974797358 0.9188471919057624 0.33879560755080435 0.9281329166767602
0 0.8934341478421013 0.3957570166444049 0.9194167528225701 0.3957570166444049 0.9194167528225701 0.41590456913463925 0.8934341478421013 0.41590456913463925
0 0.9269366735792706 0.5149501112785349 0.9269366735792706 0.4829425181767417 0.973134214716695 0.4829425181767417 0.973134214716695 0.5149501112785349
0 0.41891734313964846 0.4487749938964844 0.41891734313964846 0.42087617492675783 0.45629547627766925 0.42087617492675783 0.45629547627766925 0.4487749938964844
0 0.24295259284973145 0.6279743366241455 0.27314262199401856 0.6279743366241455 0.27314262199401856 0.650293363571167 0.24295259284973145 0.650293363571167
0 0.352499282836914 0.6787583618164063 0.4051161956787109 0.6787583618164063 0.4051161956787109 0.6929907836914062 0.352499282836914 0.6929907836914062
