0 0.23939092942834342 0.0020937773994455047 0.2644751430478254 0.0020937773994455047 0.2644751430478254 0.0340834190479277 0.23939092942834342 0.0340834190479277
0 0.29345747375488274 0.07274446868896486 0.32749712179430424 0.07274446868896486 0.32749712179430424 0.09675014495849611 0.29345747375488274 0.09675014495849611
0 0.3357734186189096 0.2477571288620002 0.3357734186189096 0.2042337809909779 0.3603543178658006 0.2042337809909779 0.3603543178658006 0.2477571288620002
0 0.4412038583838538 0.2705208403877268 0.4412038583838538 0.22475509663491863 0.48107811489714153 0.22475509663491863 0.48107811489714153 0.2705208403877268
0 0.3036503511478659 0.38708910490951437 0.3036503511478659 0.35915628814150297 0.32415282326685796 0.35915628814150297 0.32415282326685796 0.38708910490951437
0 0.2898510698379378 0.41318860054016077 0.318195317831718 0.41318860054016077 0.318195317831718 0.44374127006530717 0.2898510698379378 0.44374127006530717
0 0.34670065673316797 0.483428612965471 0.36600846995134895 0.4391814650413066 0.3843998839274453 0.4534487192673418 0.3650920707092643 0.4976958671915062
0 0.16126653556934456 0.6030516662597657 0.20561852264404296 0.6030516662597657 0.20561852264404296 0.6434511796150192 0.16126653556934456 0.6434511796150192
0 0.22680298347916034 0.6573969825965879 0.22680298347916034 0.6122827108965506 0.2526114532598034 0.6122827108965506 0.2526114532598034 0.6573969825965879
0 0.36997901772584707 0.6231109845527435 0.3477092097699235 0.5916129146670639 0.3617032091981853 0.5740234810748166 0.3839730171541089 0.6055215509604962
0 0.40543118832522085 0.5610641421976931 0.4357782611409279 0.5616614003171315 0.43548803690547605 0.5878773680149724 0.405140964089769 0.5872801098955339
0 0.396373610218005 0.6068568243254312 0.4198609452941511 0.5741922360498496 0.4343514694163707 0.5927155258987108 0.4108641343402246 0.6253801141742924
0 0.3900257568359375 0.6554276733398438 0.44185620117187496 0.6554276733398438 0.44185620117187496 0.6837980346679687 0.3900257568359375 0.6837980346679687
0 0.3092793502807617 0.7373923664093017 0.39002570343017573 0.7373923664093017 0.39002570343017573 0.7672176189422607 0.3092793502807617 0.7672176189422607
0 0.42439753723144524 0.8006801452636719 0.42439753723144524 0.7444243672688802 0.4387191085815429 0.7444243672688802 0.4387191085815429 0.8006801452636719
0 0.48441172790527337 0.8101368713378906 0.48441172790527337 0.7480615946451822 0.5089629898071288 0.7480615946451822 0.5089629898071288 0.8101368713378906
0 0.5887385616715042 0.8106661787905 0.6098084926631598 0.772189324620283 0.6279312582248869 0.789832042988026 0.6068613272332313 0.828308897158243
0 0.6470964265848762 0.808175502801313 0.6722752245962081 0.786042460971958 0.6830808333149487 0.8078959407033084 0.6579020353036168 0.8300289825326636
0 0.43312687683105466 0.8930656127929687 0.4751367950439453 0.8930656127929687 0.4751367950439453 0.9214359741210937 0.43312687683105466 0.9214359741210937
0 0.39548159980773934 0.9381671428680421 0.39548159980773934 0.8964603608449302 0.41798690700531016 0.8964603608449302 0.41798690700531016 0.9381671428680421
0 0.36820240783691405 0.9534435729980468 0.36820240783691405 0.9175562845865884 0.38743422698974606 0.9175562845865884 0.38743422698974606 0.9534435729980468
0 0.5122364501953125 0.8254132690429689 0.5351510009765625 0.8254132690429689 0.5351510009765625 0.8479640502929687 0.5122364501953125 0.8479640502929687
0 0.9006101182521892 0.7440387554371538 0.9006101182521892 0.6870778129049863 0.9247880758413846 0.6870778129049863 0.9247880758413846 0.7440387554371538
0 0.7038032763028705 0.9449641028690511 0.7038032763028705 0.9081068437544677 0.721807533505019 0.9081068437544677 0.721807533505019 0.9449641028690511
0 0.5464779024207183 0.27485152198677154 0.5464779024207183 0.24155830051612157 0.5617162456567796 0.24155830051612157 0.5617162456567796 0.27485152198677154
