0 0.007998761887715143 0.22402862838004137 0.007998761887715122 0.07702532132548702 0.07562858435729686 0.077025321325487 0.07562858435729689 0.22402862838004137
0 0.36427699602340774 0.5070512150796023 0.45866466081832963 0.5070512150796023 0.45866466081832963 0.5920851201088991 0.36427699602340774 0.5920851201088991
0 0.5057606287237694 0.2226953037246796 0.45110295130620803 0.1253655038690461 0.49937025038012567 0.07717784652692283 0.5540279277976871 0.17450764638255634
0 0.3738494567871094 0.001602783203125 0.4856436462402344 0.001602783203125 0.4856436462402344 0.07693364715576172 0.3738494567871094 0.07693364715576172
0 0.17849593665517444 0.7949809875488287 0.1784959366551744 0.6484876799332769 0.25806934290409705 0.6484876799332769 0.2580693429040971 0.7949809875488287
0 0.5810927830598592 0.7606798285293883 0.5459826964352481 0.5986214604299376 0.6282671826253752 0.5669290060040352 0.6633772692499863 0.7289873741034859
0 0.6796161991104603 0.6295510579999757 0.6796161991104603 0.4740605131793281 0.7364148746475696 0.4740605131793281 0.7364148746475696 0.6295510579999757
0 0.15747356414794922 0.8236936950683593 0.2680656814575195 0.8236936950683593 0.2680656814575195 0.9054356994628906 0.15747356414794922 0.9054356994628906
0 0.5685877990722656 0.9631359863281247 0.5685877990722656 0.8022272457619524 0.6373713043536845 0.8022272457619524 0.6373713043536845 0.9631359863281247
0 0.8289827479947877 0.9567248001098639 0.921872954143983 0.9567248001098639 0.921872954143983 1.0 0.8289827479947877 1.0
