0 0.35860538792256974 0.08725876823915403 0.35860538792256974 0.07659210793031614 0.3720901698236114 0.07659210793031614 0.3720901698236114 0.08725876823915403
0 0.40985263061523436 0.10019964981079102 0.42312667846679686 0.10019964981079102 0.42312667846679686 0.11157741928100587 0.40985263061523436 0.11157741928100587
0 0.3076713724136359 0.14884052006216114 0.3076713724136359 0.13344083309173596 0.3220819773087376 0.13344083309173596 0.3220819773087376 0.14884052006216114
0 0.20418055725097659 0.1356726837158203 0.22132548522949222 0.1356726837158203 0.22132548522949222 0.14970036315917967 0.20418055725097659 0.14970036315917967
0 0.3843299104820472 0.2618114125445359 0.4003397576391872 0.2618114125445359 0.4003397576391872 0.2757623371504961 0.3843299104820472 0.2757623371504961
0 0.4863157884510352 0.3661802821476071 0.4863157884510352 0.35031049063586983 0.5032218159508187 0.35031049063586983 0.5032218159508187 0.3661802821476071
0 0.25722227128278585 0.1724213506382421 0.2713904517484841 0.1724213506382421 0.2713904517484841 0.18437577072796377 0.25722227128278585 0.18437577072796377
0 0.16175357055664072 0.26595454387708367 0.16175357055664072 0.24928679307229207 0.1741011015428334 0.24928679307229207 0.1741011015428334 0.26595454387708367
0 0.13158599543352908 0.2797767236812411 0.13158599543352908 0.2681543801410495 0.1457541854359705 0.2681543801410495 0.1457541854359705 0.2797767236812411
0 0.7927901916503904 0.12751375579833985 0.8045970153808591 0.12751375579833985 0.8045970153808591 0.1363688735961914 0.7927901916503904 0.1363688735961914
0 0.7615019245147705 0.15894942569732667 0.7786218547821044 0.15894942569732667 0.7786218547821044 0.1678045415878296 0.7615019245147705 0.1678045415878296
0 0.7128777341504465 0.16752666718894904 0.7322616019122439 0.1651851384608069 0.73442067739848 0.17523896299030903 0.7150368096366827 0.17758049171845117
0 0.6152049554611329 0.1939670178642659 0.630123815022044 0.1939670178642659 0.630123815022044 0.20511700625638266 0.6152049554611329 0.20511700625638266
0 0.6445067449783215 0.20576067929049277 0.6445067449783215 0.19184347135491914 0.6578337546700349 0.19184347135491914 0.6578337546700349 0.20576067929049277
0 0.6755633672119302 0.19506980117996658 0.682589420264835 0.2010099531663927 0.6710791730244748 0.2086680534086993 0.66405311997157 0.20272790142227318
0 0.6789078196450338 0.2178360214233399 0.6789078196450338 0.20285210818369998 0.6883532949054505 0.20285210818369998 0.6883532949054505 0.2178360214233399
0 0.6711797800064087 0.2209353036880493 0.6823962697982787 0.2209353036880493 0.6823962697982787 0.23200421047210693 0.6711797800064087 0.23200421047210693
0 0.6375303649902344 0.2213780746459961 0.6581922912597656 0.2213780746459961 0.6581922912597656 0.23023319244384766 0.6375303649902344 0.23023319244384766
0 0.6139166564941407 0.24456213538773755 0.6292119008139507 0.24456213538773755 0.6292119008139507 0.2545847854614261 0.6139166564941407 0.2545847854614261
0 0.6143992639755133 0.2784935612678532 0.6333978557586674 0.2784935612678532 0.6333978557586674 0.2867853777339467 0.6143992639755133 0.2867853777339467
0 0.596796724319458 0.2922190098762512 0.6145069866180419 0.2922190098762512 0.6145069866180419 0.29886033582687377 0.596796724319458 0.29886033582687377
0 0.7051166884744487 0.27857224548886744 0.723707543972897 0.2741328420233971 0.726758810839984 0.2813203357470731 0.7081679553415356 0.28575973921254344
0 0.7219491577148428 0.26457422186094065 0.7361173706054678 0.26457422186094065 0.7361173706054678 0.276549049493968 0.7219491577148428 0.276549049493968
0 0.6629150085449218 0.3117003173828125 0.6812156066894531 0.3117003173828125 0.6812156066894531 0.3192271728515625 0.6629150085449218 0.3192271728515625
0 0.6501413015101472 0.33199183053977455 0.6726722677853404 0.3264172457866692 0.6772283377239948 0.33677534827473504 0.6546973714488015 0.3423499330278404
0 0.6544766312810766 0.382671419056281 0.6688183898925772 0.382671419056281 0.6688183898925772 0.3936101837158199 0.6544766312810766 0.3936101837158199
0 0.7962318173926742 0.34446426391601503 0.8164191291232576 0.34446426391601503 0.8164191291232576 0.3525959084731587 0.7962318173926742 0.3525959084731587
0 0.7626401705235916 0.4002515411376951 0.7626401705235916 0.38689712125465264 0.7766155412720961 0.38689712125465264 0.7766155412720961 0.4002515411376951
0 0.8654021301269529 0.3936102142333984 0.8919674987792967 0.3936102142333984 0.8919674987792967 0.40379359436035156 0.8654021301269529 0.40379359436035156
0 0.000590341567993165 0.2608328217924212 0.0005903415679931615 0.24657221478278707 0.009206643154132102 0.24657221478278707 0.009206643154132105 0.2608328217924212
0 0.03591915134115084 0.3324174020235695 0.03591915134115083 0.3177215901897616 0.054954308368380195 0.3177215901897616 0.0549543083683802 0.3324174020235695
0 0.7402497863769532 0.30860101318359373 0.7402497863769532 0.29432212829589843 0.7559922180175781 0.29432212829589843 0.7559922180175781 0.30860101318359373
0 0.7583342395488085 0.289530603966912 0.7724446242108599 0.289530603966912 0.7724446242108599 0.29958384006199734 0.7583342395488085 0.29958384006199734
0 0.5681804600746198 0.467360702050702 0.5681804600746198 0.45050042888164127 0.5880834432128612 0.45050042888164127 0.5880834432128612 0.467360702050702
0 0.7319849853515624 0.4434555358886719 0.7473338623046875 0.4434555358886719 0.7473338623046875 0.4540816955566407 0.7319849853515624 0.4540816955566407
0 0.7747056469258005 0.5085840511030704 0.7930062450703317 0.5085840511030704 0.7930062450703317 0.5183247127241641 0.7747056469258005 0.5183247127241641
0 0.7699928986667236 0.538043373753403 0.786080333298809 0.538043373753403 0.786080333298809 0.5522949025357093 0.7699928986667236 0.5522949025357093
0 0.6908012390136719 0.6387273864746094 0.709638946533203 0.6387273864746094 0.709638946533203 0.6562660217285156 0.6908012390136719 0.6562660217285156
0 0.75403759765625 0.6242424011230469 0.7750086669921874 0.6242424011230469 0.7750086669921874 0.6327729797363281 0.75403759765625 0.6327729797363281
0 0.7686085519790651 0.7648688974380494 0.7825404958724977 0.7648688974380494 0.7825404958724977 0.7775893545150758 0.7686085519790651 0.7775893545150758
0 0.7443122443128548 0.8207635791478316 0.7443122443128548 0.8048515261261497 0.7567812790435013 0.8048515261261497 0.7567812790435013 0.8207635791478316
0 0.7673969736099244 0.7903098459243775 0.7819346914291382 0.7903098459243775 0.7819346914291382 0.8012131032943726 0.7673969736099244 0.8012131032943726
0 0.7794195021005308 0.8499081906248033 0.7794195021005308 0.8358903326908734 0.7938614485870082 0.8358903326908734 0.7938614485870082 0.8499081906248033
0 0.7977044697043323 0.8193005200456686 0.8106045897695737 0.8193005200456686 0.8106045897695737 0.8294145126934418 0.7977044697043323 0.8294145126934418
0 0.7799922746991473 0.7365404706834145 0.7799922746991473 0.7234969264105492 0.7892581757236111 0.7234969264105492 0.7892581757236111 0.7365404706834145
0 0.7541401230172746 0.5647129348598499 0.7653684813565427 0.5647129348598499 0.7653684813565427 0.5722920767388556 0.7541401230172746 0.5722920767388556
