0 0.20327913235592948 0.009370209703615427 0.25511373058671594 0.009370209703615427 0.25511373058671594 0.048212909698486066 0.20327913235592948 0.048212909698486066
0 0.3838829362831761 0.06746624185596102 0.3838829362831761 0.02385018600064569 0.41107533172629734 0.023850186000645687 0.41107533172629734 0.06746624185596102
0 0.3806897717485866 0.08155163574218723 0.4107068634033194 0.08155163574218723 0.4107068634033194 0.11027423095703091 0.3806897717485866 0.11027423095703091
0 0.41059216908742735 0.18028587353782796 0.3888545525031892 0.13202514086482048 0.4137461573658538 0.11209325531261576 0.43548377395009197 0.16035398798562325
0 0.3860796971657049 0.3318484306335451 0.3860796971657049 0.276406078441354 0.4209119994741468 0.276406078441354 0.4209119994741468 0.3318484306335451
0 0.38224073791503904 0.34210656738281237 0.4345568695068359 0.34210656738281237 0.4345568695068359 0.3800614013671874 0.38224073791503904 0.3800614013671874
0 0.3837794532775879 0.4021162281036376 0.4299407615661621 0.4021162281036376 0.4299407615661621 0.4323775463104247 0.3837794532775879 0.4323775463104247
0 0.4751511309096832 0.4251836571772681 0.4326888049635097 0.3919463476218266 0.44875565814915436 0.3554553097009809 0.49121798409532785 0.38869261925642234
0 0.3091520080566406 0.5123905334472656 0.36377621459960935 0.5123905334472656 0.36377621459960935 0.5616292419433594 0.3091520080566406 0.5616292419433594
0 0.46052108165271866 0.4993250761894748 0.5084825055100106 0.4993250761894748 0.5084825055100106 0.533047576576818 0.46052108165271866 0.533047576576818
0 0.48839995062073027 0.4824501778763966 0.48839995062073027 0.4311598539831674 0.5071529947491482 0.4311598539831674 0.5071529947491482 0.4824501778763966
0 0.565546863705608 0.4845722766353864 0.6076470600948853 0.4845722766353864 0.6076470600948853 0.521250762611975 0.565546863705608 0.521250762611975
0 0.5288028564453126 0.6457453918457031 0.5288028564453126 0.5821453755696614 0.5504409790039063 0.5821453755696614 0.5504409790039063 0.6457453918457031
0 0.5270552133954745 0.6686675172971421 0.5744294366753278 0.6964065349160212 0.5607496614439497 0.7379408890086278 0.5133754381640964 0.7102018713897488
0 0.4637923736572266 0.7873066711425781 0.524186752319336 0.7873066711425781 0.524186752319336 0.8406486511230469 0.4637923736572266 0.8406486511230469
0 0.613779620546664 0.6850292158132919 0.6617941923735269 0.6850292158132919 0.6617941923735269 0.7181493953473262 0.613779620546664 0.7181493953473262
0 0.6901497879542778 0.7501915990890068 0.7217634826889858 0.6974389894375591 0.7443027163438202 0.721452072628913 0.7126890216091122 0.7742046822803607
0 0.7431444691008606 0.8345527183203846 0.7782498154282076 0.7862161576885968 0.8010482629275203 0.8156522573008226 0.7659429166001733 0.8639888179326105
0 0.3350959111447601 1.0 0.3350959111447601 0.930245127360026 0.3679858361478119 0.930245127360026 0.3679858361478119 1.0
0 0.19818367230757153 0.7290559278737992 0.19818367230757153 0.6570378614675492 0.22764559399946604 0.6570378614675492 0.22764559399946604 0.7290559278737992
0 0.25316590118408205 0.5740022888183594 0.303905876159668 0.5740022888183594 0.303905876159668 0.6116481018066405 0.25316590118408205 0.6116481018066405
0 0.8242124045670353 0.4821030315831562 0.8675727210258637 0.4357704880142272 0.8876820085065191 0.4692269841953121 0.8443216920476907 0.5155595277642412
