0 0.7729076232910156 0.011620929718017578 0.8121282653808594 0.011620929718017578 0.8121282653808594 0.04212587356567383 0.7729076232910156 0.04212587356567383
0 0.8668435401916504 0.06863611793518067 0.8997694969177247 0.06863611793518067 0.8997694969177247 0.09587267112731934 0.8668435401916504 0.09587267112731934
0 0.6552456970214844 0.12565130996704102 0.6954347229003907 0.12565130996704102 0.6954347229003907 0.16559826278686524 0.6552456970214844 0.16559826278686524
0 0.16686616428310677 0.18690178731617346 0.21799764730361573 0.175715096000346 0.22654020778720438 0.19767838236156085 0.17540872476669542 0.20886507367738832
0 0.28180803666331 0.21234641517013272 0.27025378367577785 0.18110151093911403 0.2924742687893736 0.17647941732208577 0.30402852177690576 0.20772432155310447
0 0.25288120415659154 0.21501754511776824 0.2812080889858192 0.20583149447246474 0.302796766781187 0.24327862571417058 0.27446988195195937 0.2524646763594741
0 0.3675763431474075 0.20410115504022172 0.3675763431474075 0.17813654603879275 0.3979198896968866 0.17813654603879275 0.3979198896968866 0.20410115504022172
0 0.35649098205566365 0.20406691146624914 0.39910105895996045 0.20406691146624914 0.39910105895996045 0.22406607055664052 0.35649098205566365 0.22406607055664052
0 0.4565987796311049 0.19040415280908313 0.4988199283439867 0.1711853843348162 0.5121348907652541 0.18763921266943145 0.4699137420523723 0.20685798114369838
0 0.40103787231445315 0.23496069335937497 0.4451005554199219 0.23496069335937497 0.4451005554199219 0.24803424072265623 0.40103787231445315 0.24803424072265623
0 0.5588203068951109 0.17799258624172654 0.5961783579092931 0.17799258624172654 0.5961783579092931 0.20303308927163474 0.5588203068951109 0.20303308927163474
0 0.564215087890625 0.21462405395507816 0.6106988525390625 0.21462405395507816 0.6106988525390625 0.23459753417968754 0.564215087890625 0.23459753417968754
0 0.40297468948364257 0.28108122444152833 0.46543717575073246 0.28108122444152833 0.46543717575073246 0.30831776237487796 0.40297468948364257 0.30831776237487796
0 0.5070788269042968 0.26691824340820314 0.5613098449707031 0.26691824340820314 0.5613098449707031 0.2923390197753906 0.5070788269042968 0.2923390197753906
0 0.5516258239746094 0.2966968536376953 0.6029515686035155 0.2966968536376953 0.6029515686035155 0.3166703338623047 0.5516258239746094 0.3166703338623047
0 0.5221328911284953 0.3232009222851605 0.5683118450730712 0.33760754735262016 0.5586416398441382 0.3550432741375808 0.5124626858995622 0.34063664907012114
0 0.5426710636425687 0.3464040688100434 0.5572567068129972 0.35971869940478657 0.5323321178428942 0.37507713549087424 0.5177464746724657 0.36176250489613104
0 0.6142599170122487 0.38838714223668513 0.6640603978655331 0.39989928290357096 0.6550752710029994 0.4217630095393642 0.6052747901497151 0.41025086887247836
0 0.6658982543945312 0.36605934143066404 0.7143187866210937 0.36605934143066404 0.7143187866210937 0.3929327239990234 0.6658982543945312 0.3929327239990234
0 0.7234444697377698 0.39805969976165495 0.7234444697377698 0.37168913855716507 0.753188064782957 0.37168913855716507 0.753188064782957 0.39805969976165495
0 0.7491815795898438 0.30904412841796874 0.7704866333007813 0.30904412841796874 0.7704866333007813 0.32611236572265623 0.7491815795898438 0.32611236572265623
0 0.5266620075396459 0.3785666564158261 0.5684131146265431 0.3460441646554126 0.5915431849908172 0.3627467486440256 0.54979207790392 0.3952692404044391
0 0.532380880062425 0.3983586397418189 0.5672793114001954 0.3983586397418189 0.5672793114001954 0.42367620071187306 0.532380880062425 0.42367620071187306
0 0.598505395017546 0.4152484007452314 0.6577379476395435 0.4282028310437706 0.6497404062192165 0.4487722088501605 0.5905078535972189 0.4358177785516213
0 0.4471178781128257 0.4179358540722579 0.4471178781128257 0.3958159649795495 0.4775794879933044 0.3958159649795495 0.4775794879933044 0.4179358540722579
0 0.4761020948204678 0.3904370890681727 0.5250068494591397 0.3904370890681727 0.5250068494591397 0.4151315470759852 0.4761020948204678 0.4151315470759852
0 0.7961495361328125 0.4110904235839844 0.8218123779296874 0.4110904235839844 0.8218123779296874 0.4288849792480469 0.7961495361328125 0.4288849792480469
0 0.6906040685094957 0.4609840478031117 0.7329393392571081 0.48532481074180966 0.7135606693231332 0.504283776726274 0.6712253985755209 0.479943013787576
0 0.610428998203586 0.435633211933151 0.6413357879323539 0.44692459981379346 0.6222704296526836 0.47627905800318626 0.5913636399239156 0.46498767012254383
0 0.5472678871154785 0.5127735004425049 0.6005304527282714 0.5127735004425049 0.6005304527282714 0.5367416362762452 0.5472678871154785 0.5367416362762452
0 0.6392669982910156 0.5243944702148438 0.6784876403808594 0.5243944702148438 0.6784876403808594 0.5425521850585937 0.6392669982910156 0.5425521850585937
0 0.7258996899016656 0.5153155221939086 0.757373013723687 0.5153155221939086 0.757373013723687 0.5298417043685912 0.7258996899016656 0.5298417043685912
0 0.7303147062962395 0.5494649726116013 0.7631036965513092 0.5494649726116013 0.7631036965513092 0.5803030915308839 0.7303147062962395 0.5803030915308839
0 0.6351333729632259 0.5668021760878421 0.6761582794571902 0.5561088641987507 0.6849007522050377 0.5749754006875021 0.6438758457110735 0.5856687125765935
0 0.4470373992919922 0.5527204895019531 0.5003000030517578 0.5527204895019531 0.5003000030517578 0.5814096374511718 0.4470373992919922 0.5814096374511718
0 0.7157713642120362 0.5890357990264893 0.7453078594207764 0.5890357990264893 0.7453078594207764 0.6119145183563233 0.7157713642120362 0.6119145183563233
0 0.6164750795950167 0.6293031695010397 0.6485182155684112 0.6293031695010397 0.6485182155684112 0.6530066517433736 0.6164750795950167 0.6530066517433736
0 0.5337101173400879 0.6511351947784424 0.5956884422302245 0.6511351947784424 0.5956884422302245 0.6790980815887452 0.5337101173400879 0.6790980815887452
0 0.7196450538635254 0.6271670246124268 0.766128749847412 0.6271670246124268 0.766128749847412 0.6547666912078858 0.7196450538635254 0.6547666912078858
0 0.6880533484229722 0.666106425104923 0.7508199334066883 0.6570087145597822 0.756883844093687 0.6805414118262119 0.6941172591099708 0.6896391223713527
0 0.6544190177009048 0.6540727576592922 0.6906145293023985 0.663447062699895 0.6824022049277522 0.6812833418161366 0.6462066933262584 0.6719090367755338
0 0.645427407913035 0.711338408821479 0.6945606658163238 0.69513695757564 0.708585460747929 0.719061337495504 0.6594522028446403 0.7352627887413431
0 0.6310354614257813 0.7731550598144531 0.6697719116210937 0.7731550598144531 0.6697719116210937 0.7971232604980468 0.6310354614257813 0.7971232604980468
0 0.707322208754943 0.6931850583366455 0.7494557519829304 0.6752898559673126 0.7618631091351186 0.6917219601325398 0.7197295659071311 0.7096171625018727
0 0.7738474987836078 0.6638456420898432 0.7738474987836078 0.6401678997484482 0.7969565633138013 0.6401678997484482 0.7969565633138013 0.6638456420898432
0 0.8969559736802498 0.6993927250817944 0.8969559736802498 0.6294091118401984 0.9509151517494399 0.6294091118401984 0.9509151517494399 0.6993927250817944
0 0.4959421081542969 0.793128448486328 0.5501731262207031 0.793128448486328 0.5501731262207031 0.8330754089355468 0.4959421081542969 0.8330754089355468
0 0.7085082416534424 0.907032527923584 0.7085082416534424 0.8746210346221924 0.7388518238067627 0.8746210346221924 0.7388518238067627 0.907032527923584
0 0.5869727554321289 0.9749423847198486 0.666866600036621 0.9749423847198486 0.666866600036621 0.9989105205535889 0.5869727554321289 0.9989105205535889
0 0.8571476459503172 0.23564306831359866 0.889006772994995 0.23564306831359866 0.889006772994995 0.26262057304382325 0.8571476459503172 0.26262057304382325
0 0.06474604034423828 0.14336622619628905 0.1068823471069336 0.14336622619628905 0.1068823471069336 0.1634066619873047 0.06474604034423828 0.1634066619873047
0 0.18190552139282226 0.002312358856201172 0.219930965423584 0.002312358856201172 0.219930965423584 0.015415721893310547 0.18190552139282226 0.015415721893310547
0 0.2882841428405083 0.44247174582073084 0.2882841428405083 0.4135672658402621 0.33350358457227913 0.4135672658402621 0.33350358457227913 0.44247174582073084
0 0.27706024576965305 0.35343327491300724 0.34591714884582486 0.35343327491300724 0.34591714884582486 0.38349394385831975 0.27706024576965305 0.38349394385831975
0 0.28925791622140357 0.32678804841892906 0.3454943318713375 0.32678804841892906 0.3454943318713375 0.3560779043759603 0.28925791622140357 0.3560779043759603
