0 0.08176760482788085 0.1271973419189453 0.11943582534790038 0.1271973419189453 0.11943582534790038 0.1492470245361328 0.08176760482788085 0.1492470245361328
0 0.011943580627441407 0.3366694030761719 0.048693065643310544 0.3366694030761719 0.048693065643310544 0.35734097290039063 0.011943580627441407 0.35734097290039063
0 0.05788043785095215 0.33804744148254395 0.09095496559143067 0.33804744148254395 0.09095496559143067 0.3559628124237061 0.05788043785095215 0.3559628124237061
0 0.31325227005141204 0.3868084192548374 0.31325227005141204 0.35781952307568804 0.33631339535826493 0.35781952307568804 0.33631339535826493 0.3868084192548374
0 0.39781315612792967 0.308418212890625 0.4262940216064453 0.308418212890625 0.4262940216064453 0.3284007568359375 0.39781315612792967 0.3284007568359375
0 0.5686982727050781 0.3559628601074219 0.610960174560547 0.3559628601074219 0.610960174560547 0.3759454040527344 0.5686982727050781 0.3759454040527344
0 0.6256599445343015 0.4002518517630263 0.6256599445343015 0.37594536018371594 0.652034129154113 0.37594536018371594 0.652034129154113 0.4002518517630263
0 0.6587344703674316 0.3263335437774659 0.7009963645935059 0.3263335437774659 0.7009963645935059 0.344248914718628 0.6587344703674316 0.344248914718628
0 0.7344188015412336 0.29826089270377903 0.7669240297998153 0.2815107468200494 0.7788812307823032 0.29456303584825794 0.7463760025237215 0.3113131817319876
0 0.48784941101074225 0.468967529296875 0.5163302764892579 0.468967529296875 0.5163302764892579 0.47792523193359376 0.48784941101074225 0.47792523193359376
0 3.814697265625e-09 0.47103470039367673 0.033074531555175785 0.47103470039367673 0.033074531555175785 0.4944624919891357 3.814697265625e-09 0.4944624919891357
0 0.8622214496894257 0.26552553169078436 0.8514828411915257 0.24620450943847136 0.8741871075035572 0.23910631473713378 0.8849257160014572 0.25842733698944675
0 0.9303319110870366 0.2692944927215576 0.9303319110870366 0.24696652317047116 0.9589061199190426 0.24696652317047116 0.9589061199190426 0.2692944927215576
0 0.715852783203125 0.32228468322753906 0.7385509033203125 0.32228468322753906 0.7385509033203125 0.3411998138427734 0.715852783203125 0.3411998138427734
0 0.5404837379455563 0.6640241089956674 0.5404837379455563 0.6281573657989488 0.5723855450962222 0.6281573657989488 0.5723855450962222 0.6640241089956674
