0 0.615314 0.192378 0.615994 0.173362 0.592231 0.172884 0.591551 0.1919
0 0.608467 0.458387 0.609798 0.434541 0.579045 0.433576 0.577714 0.457422
0 0.712483 0.499762 0.712472 0.481327 0.678341 0.481339 0.678352 0.499773
0 0.673547 0.332987 0.702638 0.33334 0.703288 0.303198 0.674197 0.302845
0 0.84153 0.510004 0.841444 0.486669 0.803708 0.486747 0.803794 0.510082
0 0.712598 0.211428 0.712394 0.19849 0.679367 0.198784 0.679571 0.211722
0 0.741317 0.789913 0.764427 0.789881 0.764327 0.749928 0.741216 0.749961
0 0.348295 0.296849 0.376549 0.297619 0.377934 0.269052 0.34968 0.268282
0 0.722355 0.712311 0.721904 0.695693 0.678403 0.696357 0.678854 0.712974
0 0.815714 0.404139 0.815975 0.387959 0.772078 0.387561 0.771817 0.40374
0 0.734433 0.655958 0.734766 0.638382 0.699592 0.638007 0.699259 0.655583
0 0.552817 0.284534 0.574104 0.284589 0.574267 0.249245 0.55298 0.24919
0 0.609486 0.223592 0.634199 0.224097 0.635115 0.198897 0.610402 0.198391
0 0.749835 0.517144 0.749967 0.500055 0.712091 0.499891 0.711959 0.51698
0 0.651503 0.439648 0.671287 0.435195 0.664633 0.418566 0.644849 0.423018
0 0.516651 0.344882 0.534485 0.345122 0.535046 0.321596 0.517212 0.321356
0 0.670572 0.531663 0.670592 0.515741 0.632226 0.515714 0.632206 0.531636
0 0.798203 0.300041 0.798064 0.281767 0.768944 0.281893 0.769083 0.300166
0 0.718581 0.612502 0.719544 0.597468 0.694754 0.596575 0.693791 0.611609
0 0.713064 0.596939 0.713015 0.569532 0.672723 0.569573 0.672772 0.59698
0 0.709377 0.97442 0.738468 0.974759 0.739194 0.939709 0.710103 0.93937
0 0.55121 0.14365 0.561647 0.130774 0.543162 0.122346 0.532725 0.135221
0 0.551701 0.419199 0.551766 0.402553 0.516401 0.402475 0.516336 0.419121
0 0.562328 0.552995 0.562449 0.539777 0.531916 0.53962 0.531795 0.552838
0 0.193492 0.639251 0.217308 0.639626 0.218149 0.609576 0.194332 0.609201
0 0.427765 0.389602 0.427592 0.375725 0.395851 0.375949 0.396025 0.389825
0 0.509661 0.533792 0.509836 0.518431 0.494848 0.518336 0.494674 0.533696
