0 0.480266 0.713291 0.480741 0.704258 0.47353 0.704045 0.473055 0.713078
0 0.708432 0.436164 0.709153 0.427763 0.700978 0.427368 0.700257 0.435769
0 0.664428 0.469109 0.664906 0.459397 0.657255 0.459185 0.656777 0.468898
0 0.334856 0.39421 0.335261 0.3871 0.323225 0.386715 0.322819 0.393824
0 0.5752 0.690143 0.575833 0.681182 0.567769 0.680861 0.567136 0.689823
0 0.579313 0.581454 0.579889 0.57356 0.574204 0.573327 0.573628 0.581221
0 0.313486 0.464934 0.313897 0.454104 0.302878 0.453869 0.302467 0.464699
0 0.879882 0.55677 0.880839 0.548132 0.874285 0.547723 0.873328 0.556361
0 0.377275 0.773534 0.3774 0.766866 0.37145 0.766803 0.371325 0.773471
0 0.485506 0.787696 0.485401 0.78022 0.478991 0.780271 0.479096 0.787747
0 0.297756 0.409732 0.298232 0.401129 0.288143 0.400815 0.287667 0.409418
0 0.665817 0.46837 0.666318 0.455829 0.658054 0.455643 0.657553 0.468184
