0 0.476738 0.462683 0.522081 0.462082 0.520545 0.396899 0.475201 0.3975
0 0.513077 0.552238 0.515584 0.505146 0.417004 0.502194 0.414497 0.549286
0 0.997809 0.346068 0.99433 0.284507 0.88751 0.287903 0.890989 0.349464
0 0.121693 0.664424 0.124181 0.620549 0.0118672 0.616965 0.00937855 0.66084
0 0.618202 0.378541 0.66348 0.379024 0.664329 0.334212 0.61905 0.33373
0 0.335027 0.564025 0.384351 0.563581 0.383415 0.50499 0.334091 0.505433
0 0.213002 0.385665 0.269632 0.385228 0.269053 0.343065 0.212423 0.343502
0 0.381499 0.458717 0.431136 0.458147 0.429997 0.402251 0.380359 0.40282
0 0.422102 0.381866 0.525001 0.377396 0.518936 0.298867 0.416037 0.303338
0 0.426744 0.492183 0.427488 0.466318 0.354659 0.465141 0.353916 0.491006
