0 0.233149 0.74485 0.233508 0.737411 0.223355 0.737135 0.222996 0.744574
0 0.850273 0.200797 0.850287 0.193342 0.836754 0.193327 0.836739 0.200782
0 0.62891 0.777162 0.629055 0.76875 0.620192 0.768664 0.620047 0.777076
0 0.344516 0.235093 0.344493 0.230196 0.332949 0.230226 0.332972 0.235123
0 0.369867 0.184168 0.370437 0.175793 0.358331 0.17533 0.357761 0.183704
0 0.729322 0.753571 0.729616 0.743767 0.722271 0.743643 0.721977 0.753447
0 0.0527465 0.494086 0.0531506 0.484322 0.0383585 0.483978 0.0379544 0.493742
0 0.728693 0.163311 0.728904 0.156147 0.721417 0.156023 0.721205 0.163187
0 0.325721 0.168888 0.325923 0.161816 0.317567 0.161681 0.317364 0.168754
0 0.493294 0.125544 0.49335 0.118617 0.475624 0.118537 0.475569 0.125464
0 0.551854 0.223879 0.552 0.218632 0.541549 0.218469 0.541404 0.223716
0 0.896382 0.49753 0.896506 0.493063 0.890471 0.492969 0.890347 0.497436
0 0.708489 0.557605 0.708599 0.551776 0.695458 0.551637 0.695348 0.557466
0 0.970514 0.322175 0.97068 0.317265 0.958307 0.317029 0.958141 0.321939
0 0.627493 0.78132 0.627813 0.770479 0.619513 0.770341 0.619192 0.781182
0 0.0824583 0.582453 0.0829565 0.577056 0.0750293 0.576644 0.0745311 0.582041
0 0.369998 0.184637 0.370153 0.174738 0.36265 0.174672 0.362495 0.184571
