0 0.882109 0.887647 0.882612 0.880029 0.87455 0.879729 0.874047 0.887348
0 0.879427 0.731395 0.879583 0.724771 0.870178 0.724647 0.870023 0.73127
0 0.48168 0.323209 0.481742 0.318014 0.47477 0.317967 0.474709 0.323162
0 0.326724 0.618854 0.327082 0.612578 0.321799 0.612409 0.321441 0.618685
0 0.775054 0.87844 0.77586 0.868646 0.76681 0.868227 0.766003 0.878021
0 0.30124 0.544013 0.301325 0.539884 0.291353 0.539768 0.291268 0.543898
0 0.641744 0.208227 0.64182 0.202963 0.632783 0.20289 0.632707 0.208154
0 0.775248 0.843984 0.775631 0.83683 0.766026 0.83654 0.765642 0.843694
0 0.876693 0.548521 0.876803 0.542727 0.869699 0.542651 0.869588 0.548445
0 0.586226 0.619987 0.586214 0.61219 0.580966 0.612195 0.580978 0.619992
0 0.647232 0.526645 0.647477 0.518691 0.64143 0.518586 0.641186 0.52654
0 0.858425 0.444038 0.858784 0.437119 0.849067 0.436836 0.848709 0.443755
0 0.856297 0.441304 0.856289 0.436614 0.84955 0.43662 0.849558 0.44131
0 0.929345 0.918018 0.930373 0.906127 0.92331 0.905783 0.922282 0.917675
0 0.474964 0.408615 0.475123 0.404276 0.46495 0.404067 0.464791 0.408406
0 0.771413 0.878032 0.77152 0.873947 0.766241 0.873869 0.766134 0.877954
0 0.541811 0.535159 0.542068 0.530614 0.534623 0.530378 0.534366 0.534923
0 0.775151 0.881874 0.776013 0.870036 0.765168 0.869593 0.764307 0.88143
0 0.695789 0.368963 0.696314 0.359024 0.690098 0.358839 0.689573 0.368778
0 0.875112 0.528237 0.875864 0.518589 0.866661 0.518186 0.865909 0.527833
0 0.575239 0.181313 0.575572 0.173294 0.568528 0.17313 0.568195 0.181149
0 0.861826 0.469442 0.862042 0.465188 0.85532 0.464997 0.855104 0.469251
