0 0.861718 0.898105 0.861878 0.892251 0.854861 0.892143 0.854701 0.897997
0 0.442909 0.360002 0.442966 0.355503 0.437316 0.355463 0.437259 0.359962
0 0.909043 0.451347 0.909336 0.443681 0.901621 0.443515 0.901328 0.451181
0 0.90895 0.54456 0.909097 0.539635 0.902492 0.539524 0.902345 0.544449
0 0.882045 0.443927 0.882306 0.436572 0.873804 0.436403 0.873543 0.443758
0 0.555673 0.768418 0.555593 0.761831 0.548098 0.761882 0.548178 0.768469
0 0.735062 0.887987 0.735381 0.879643 0.724926 0.879418 0.724607 0.887762
0 0.90189 0.932108 0.902323 0.925447 0.891768 0.925062 0.891335 0.931723
0 0.764865 0.585447 0.764996 0.579961 0.757911 0.579865 0.757779 0.585352
0 0.42928 0.41892 0.429673 0.412409 0.42414 0.412221 0.423747 0.418731
0 0.534143 0.35908 0.534491 0.353905 0.525007 0.353546 0.52466 0.358721
0 0.408354 0.483077 0.408452 0.478141 0.398935 0.478035 0.398837 0.482972
0 0.687361 0.264346 0.687294 0.260035 0.680501 0.260094 0.680569 0.264406
0 0.580404 0.521181 0.580578 0.515203 0.572899 0.515077 0.572725 0.521055
0 0.592514 0.156415 0.592891 0.149868 0.587493 0.149693 0.587117 0.15624
0 0.478663 0.206366 0.478859 0.200047 0.472519 0.199936 0.472322 0.206255
0 0.658464 0.639855 0.658376 0.634301 0.649543 0.634379 0.649631 0.639933
0 0.610318 0.658294 0.610427 0.654137 0.604315 0.654047 0.604206 0.658204
0 0.910129 0.502723 0.910603 0.493678 0.904463 0.493497 0.903989 0.502542
0 0.741661 0.859695 0.742004 0.85187 0.73037 0.851582 0.730027 0.859408
0 0.626704 0.0895525 0.627054 0.0812338 0.621141 0.0810939 0.620791 0.0894126
0 0.62579 0.0890072 0.625873 0.0833359 0.61651 0.0832581 0.616426 0.0889294
0 0.6753 0.781379 0.675676 0.773625 0.669028 0.773444 0.668652 0.781198
0 0.599727 0.606835 0.600296 0.599087 0.591615 0.598728 0.591046 0.606476
0 0.555996 0.663769 0.555959 0.659198 0.549325 0.659228 0.549362 0.6638
0 0.325135 0.706424 0.325535 0.698962 0.317441 0.698718 0.31704 0.706179
0 0.232918 0.53252 0.233119 0.527678 0.224996 0.527488 0.224795 0.53233
0 0.236555 0.132019 0.236761 0.127149 0.225083 0.126871 0.224877 0.131742
0 0.646367 0.706444 0.646705 0.699802 0.640975 0.699638 0.640637 0.70628
0 0.643131 0.601144 0.643458 0.593677 0.636781 0.593512 0.636454 0.600979
0 0.458862 0.281312 0.459239 0.274603 0.453675 0.274427 0.453298 0.281136
0 0.908771 0.0313094 0.909163 0.0236901 0.903896 0.0235379 0.903505 0.0311572
