0 0.896043 0.397732 0.896074 0.391826 0.887561 0.391801 0.88753 0.397707
0 0.797766 0.819097 0.798093 0.812022 0.789922 0.811809 0.789595 0.818885
0 0.289588 0.638776 0.289655 0.630786 0.282396 0.630751 0.282329 0.638742
0 0.176024 0.822473 0.176159 0.817153 0.167088 0.817024 0.166952 0.822343
0 0.547848 0.91028 0.547813 0.905693 0.540833 0.905723 0.540868 0.91031
0 0.815244 0.885149 0.815704 0.876486 0.80786 0.876252 0.807401 0.884915
0 0.328374 0.434002 0.328495 0.428147 0.320426 0.428054 0.320305 0.433909
0 0.898792 0.470106 0.898901 0.465497 0.891135 0.465394 0.891025 0.470002
0 0.242885 0.895334 0.243094 0.889301 0.23765 0.889194 0.237441 0.895228
0 0.168207 0.778921 0.168453 0.768591 0.157364 0.768443 0.157118 0.778772
0 0.898589 0.286285 0.898801 0.28072 0.891014 0.280553 0.890801 0.286117
0 0.527408 0.347272 0.527625 0.341446 0.521208 0.341311 0.520992 0.347137
0 0.975683 0.874106 0.976015 0.867817 0.968681 0.867599 0.968349 0.873888
0 0.883497 0.356838 0.883709 0.35013 0.873746 0.349953 0.873534 0.356661
0 0.168295 0.777878 0.168328 0.773107 0.163367 0.773088 0.163334 0.777858
0 0.910581 0.888003 0.911098 0.8808 0.904613 0.880538 0.904096 0.887741
0 0.232256 0.293997 0.232484 0.287707 0.223822 0.28753 0.223593 0.293819
0 0.625039 0.283854 0.625364 0.277573 0.61687 0.277326 0.616545 0.283606
0 0.817251 0.888774 0.81737 0.88005 0.808936 0.879986 0.808816 0.888709
0 0.847329 0.0970766 0.847724 0.0909821 0.840629 0.0907231 0.840234 0.0968176
0 0.953182 0.864021 0.953353 0.856856 0.947168 0.856774 0.946998 0.863939
0 0.762348 0.15657 0.763142 0.148233 0.75739 0.147925 0.756597 0.156262
0 0.919614 0.662563 0.919629 0.651784 0.913605 0.651779 0.913589 0.662558
0 0.908479 0.520306 0.908664 0.514497 0.89944 0.514332 0.899255 0.52014
0 0.924907 0.660073 0.925109 0.654837 0.912072 0.654554 0.91187 0.65979
0 0.600374 0.473505 0.600692 0.468476 0.591611 0.468153 0.591293 0.473182
0 0.908308 0.421294 0.908674 0.414901 0.89788 0.414553 0.897514 0.420946
0 0.308383 0.17094 0.308663 0.165391 0.300451 0.165158 0.300171 0.170707
0 0.191803 0.494041 0.192186 0.486283 0.183571 0.486045 0.183189 0.493802
0 0.820255 0.137758 0.820485 0.127329 0.81343 0.127241 0.813201 0.137671
0 0.664154 0.181622 0.664675 0.175281 0.657872 0.174966 0.65735 0.181307
0 0.189643 0.492413 0.189506 0.486539 0.182407 0.486632 0.182544 0.492506
0 0.875754 0.268984 0.876452 0.258561 0.868505 0.258262 0.867807 0.268685
0 0.875106 0.232431 0.87562 0.224745 0.865408 0.224361 0.864894 0.232047
0 0.914429 0.535282 0.914598 0.52971 0.906798 0.529577 0.906629 0.535149
0 0.245712 0.157016 0.246091 0.152031 0.240455 0.15179 0.240075 0.156775
0 0.876673 0.26622 0.877482 0.256295 0.870206 0.255962 0.869397 0.265886
0 0.844369 0.335832 0.844637 0.330889 0.837999 0.330687 0.837731 0.335629
0 0.321126 0.923824 0.321213 0.918033 0.308193 0.917924 0.308107 0.923715
0 0.346416 0.331801 0.346956 0.325313 0.340983 0.325033 0.340443 0.331522
0 0.897896 0.483354 0.89814 0.478022 0.89107 0.47784 0.890827 0.483173
0 0.201046 0.275621 0.201614 0.268671 0.191595 0.26821 0.191026 0.275161
0 0.865518 0.119234 0.866174 0.11207 0.858257 0.111663 0.857601 0.118827
0 0.287756 0.597615 0.28791 0.59214 0.274926 0.591935 0.274772 0.59741
0 0.395336 0.835392 0.395478 0.830623 0.388932 0.830514 0.38879 0.835283
0 0.824906 0.135389 0.825186 0.128992 0.812445 0.128678 0.812165 0.135076
0 0.622286 0.28777 0.622786 0.276127 0.615486 0.275951 0.614986 0.287594
0 0.775281 0.0624651 0.775662 0.0561255 0.76886 0.0558955 0.768479 0.0622351
0 0.2917 0.597564 0.291835 0.592659 0.278485 0.592453 0.27835 0.597358
0 0.712509 0.444423 0.713097 0.43843 0.70757 0.438125 0.706982 0.444118
0 0.874343 0.0903818 0.875279 0.0811381 0.863616 0.0804743 0.862681 0.089718
0 0.746665 0.0621054 0.746701 0.0558521 0.74087 0.0558332 0.740834 0.0620865
