0 0.586733 0.164346 0.586708 0.159028 0.581126 0.159043 0.581151 0.164361
0 0.808389 0.919913 0.808874 0.911474 0.798986 0.911155 0.798501 0.919594
0 0.714011 0.883704 0.714202 0.878204 0.70745 0.878073 0.707259 0.883573
0 0.847179 0.15647 0.847544 0.149969 0.840811 0.149756 0.840447 0.156258
0 0.858552 0.433199 0.858708 0.427676 0.849671 0.427533 0.849515 0.433056
0 0.68069 0.231508 0.680942 0.225868 0.673738 0.225686 0.673485 0.231326
0 0.714113 0.915848 0.714497 0.906198 0.707845 0.906049 0.707461 0.915699
0 0.247133 0.681382 0.247347 0.675204 0.240841 0.675077 0.240627 0.681255
0 0.716918 0.914451 0.716878 0.909162 0.708003 0.9092 0.708043 0.914488
0 0.852727 0.622848 0.853012 0.616019 0.841663 0.615754 0.841378 0.622582
0 0.841832 0.261766 0.842031 0.255835 0.832098 0.255648 0.831899 0.261578
0 0.516052 0.673787 0.516093 0.668435 0.508245 0.668401 0.508204 0.673754
0 0.854669 0.562966 0.854669 0.556823 0.848109 0.556824 0.84811 0.562966
0 0.180378 0.184351 0.180429 0.179722 0.174019 0.179683 0.173968 0.184311
0 0.350141 0.565073 0.350146 0.560422 0.34117 0.560417 0.341165 0.565068
0 0.162943 0.162283 0.16313 0.155793 0.156875 0.155692 0.156689 0.162182
0 0.644304 0.345715 0.644458 0.341532 0.638878 0.341417 0.638724 0.3456
0 0.631196 0.648008 0.63132 0.643188 0.624801 0.643094 0.624677 0.647914
0 0.695624 0.949145 0.695821 0.942927 0.689812 0.94282 0.689615 0.949038
0 0.708946 0.463459 0.709 0.456228 0.702983 0.456202 0.702929 0.463433
0 0.251697 0.26723 0.251601 0.261827 0.246096 0.261883 0.246192 0.267285
0 0.858383 0.532527 0.858652 0.526107 0.847707 0.525848 0.847438 0.532269
0 0.851639 0.388361 0.851643 0.382304 0.846258 0.382301 0.846254 0.388359
0 0.608318 0.761726 0.608579 0.755912 0.600004 0.755696 0.599744 0.76151
0 0.474886 0.353465 0.475411 0.343708 0.46673 0.343446 0.466205 0.353203
0 0.158267 0.185259 0.158664 0.177795 0.147553 0.177463 0.147156 0.184926
0 0.154553 0.187753 0.154946 0.177867 0.147706 0.177705 0.147313 0.18759
0 0.346597 0.568915 0.347074 0.558872 0.34075 0.558703 0.340273 0.568746
0 0.558706 0.243907 0.559066 0.236554 0.55231 0.236368 0.55195 0.243721
0 0.475081 0.356425 0.475507 0.347029 0.465981 0.346786 0.465555 0.356182
0 0.458414 0.468853 0.45867 0.46338 0.45117 0.463182 0.450913 0.468656
0 0.758346 0.770587 0.758456 0.765672 0.746846 0.765526 0.746736 0.770441
