0 0.742734 0.859586 0.7429 0.853161 0.734329 0.853037 0.734164 0.859462
0 0.741819 0.937281 0.742115 0.930893 0.732524 0.930643 0.732228 0.937031
0 0.92719 0.760828 0.927293 0.755455 0.92004 0.755377 0.919937 0.760749
0 0.918398 0.564583 0.918346 0.558367 0.911898 0.558398 0.91195 0.564614
0 0.68053 0.8566 0.680984 0.849867 0.674333 0.849614 0.673878 0.856348
0 0.408337 0.399474 0.40866 0.393339 0.398669 0.393043 0.398346 0.399178
0 0.929689 0.509419 0.929923 0.50457 0.923024 0.504383 0.92279 0.509231
0 0.908445 0.157499 0.908543 0.150792 0.895513 0.150685 0.895415 0.157392
0 0.145104 0.251996 0.145407 0.243767 0.138579 0.243626 0.138277 0.251855
0 0.925557 0.581511 0.926235 0.571734 0.918204 0.57142 0.917526 0.581198
0 0.733043 0.389418 0.733259 0.381169 0.72488 0.381045 0.724664 0.389295
0 0.909956 0.338295 0.91017 0.330893 0.903266 0.33078 0.903052 0.338182
0 0.658333 0.658115 0.65867 0.651895 0.649268 0.651609 0.648932 0.65783
0 0.911722 0.0950911 0.911839 0.0904852 0.90521 0.0903901 0.905093 0.0949959
0 0.899195 0.931643 0.899975 0.921955 0.891169 0.921556 0.89039 0.931245
0 0.517888 0.437833 0.517849 0.432879 0.512366 0.432903 0.512405 0.437857
0 0.590133 0.814455 0.590168 0.8094 0.582967 0.809372 0.582932 0.814427
0 0.129025 0.464782 0.129229 0.456188 0.122814 0.456103 0.12261 0.464697
0 0.931339 0.965573 0.932059 0.956052 0.924242 0.955719 0.923522 0.96524
0 0.534558 0.0957019 0.534689 0.0912447 0.524955 0.091083 0.524823 0.0955402
0 0.492804 0.133694 0.492965 0.128468 0.487043 0.128365 0.486881 0.133591
0 0.611029 0.756534 0.611155 0.75233 0.605675 0.752238 0.605549 0.756441
0 0.68989 0.987967 0.690044 0.981381 0.682408 0.981281 0.682254 0.987867
0 0.920581 0.44434 0.920406 0.437087 0.914356 0.437169 0.914531 0.444422
0 0.397674 0.608466 0.397902 0.60421 0.391296 0.604011 0.391068 0.608268
0 0.900725 0.92866 0.900777 0.924112 0.89638 0.924083 0.896328 0.928632
0 0.879963 0.685462 0.880113 0.680285 0.874442 0.680192 0.874292 0.68537
0 0.942974 0.59399 0.943421 0.586653 0.936862 0.586428 0.936415 0.593765
0 0.925053 0.532144 0.925478 0.524625 0.912602 0.524215 0.912176 0.531735
0 0.684501 0.712643 0.684608 0.704928 0.678384 0.704879 0.678276 0.712594
0 0.160574 0.357722 0.160674 0.352791 0.15499 0.352727 0.15489 0.357658
0 0.242305 0.906569 0.24253 0.901177 0.235629 0.901015 0.235404 0.906407
0 0.72928 0.619213 0.72972 0.61287 0.723702 0.612636 0.723262 0.618979
0 0.350689 0.0600853 0.350701 0.0551553 0.341594 0.0551423 0.341582 0.0600723
0 0.354073 0.163009 0.354237 0.156709 0.348839 0.156629 0.348675 0.16293
0 0.567198 0.719552 0.567432 0.715078 0.558388 0.714813 0.558154 0.719287
0 0.320213 0.0879418 0.320343 0.0819929 0.315202 0.0819298 0.315072 0.0878786
0 0.918837 0.565277 0.919494 0.555901 0.908215 0.555456 0.907557 0.564833
0 0.592816 0.88377 0.59299 0.87908 0.587369 0.878963 0.587196 0.883653
0 0.891599 0.450054 0.892093 0.443274 0.8824 0.442877 0.881906 0.449657
0 0.275461 0.485106 0.275534 0.481018 0.269231 0.480954 0.269158 0.485042
0 0.3603 0.486288 0.360397 0.480962 0.355084 0.480907 0.354987 0.486234
0 0.924977 0.445426 0.925265 0.439721 0.912945 0.439371 0.912657 0.445076
0 0.68454 0.71058 0.684703 0.705399 0.674941 0.705226 0.674778 0.710407
0 0.926953 0.148993 0.927043 0.143049 0.920854 0.142996 0.920764 0.14894
0 0.198135 0.065174 0.198398 0.0563544 0.190865 0.0562284 0.190603 0.065048
0 0.6085 0.656833 0.608686 0.650466 0.599906 0.650322 0.599719 0.656689
0 0.684007 0.677746 0.684546 0.668758 0.674879 0.668432 0.67434 0.67742
0 0.445912 0.224934 0.446026 0.218674 0.441291 0.218626 0.441177 0.224886
0 0.625319 0.269042 0.625644 0.262499 0.618952 0.262313 0.618627 0.268855
