0 0.605693 0.154297 0.630809 0.15394 0.629983 0.121225 0.604867 0.121581
0 0.717433 0.103769 0.717511 0.0865522 0.679311 0.0864549 0.679233 0.103672
0 0.796782 0.565361 0.840152 0.564952 0.839253 0.511299 0.795883 0.511707
0 0.618113 0.509954 0.651625 0.509661 0.651079 0.474547 0.617568 0.47484
0 0.509967 0.62722 0.555374 0.62636 0.553974 0.584766 0.508567 0.585626
0 0.0573301 0.504844 0.0920177 0.504033 0.0903642 0.46425 0.0556766 0.465061
0 0.122661 0.879259 0.165688 0.877852 0.16308 0.832983 0.120053 0.834389
0 0.639811 0.193141 0.674728 0.191974 0.673 0.162891 0.638083 0.164058
0 0.643157 0.262802 0.677475 0.262885 0.677634 0.225946 0.643316 0.225863
0 0.184525 0.42018 0.186944 0.395008 0.144626 0.392721 0.142207 0.417892
0 0.539557 0.671055 0.577994 0.67025 0.576426 0.628093 0.537988 0.628898
0 0.592192 0.0936631 0.624175 0.0935192 0.623877 0.0562131 0.591894 0.0563571
0 0.550426 0.149657 0.585198 0.148776 0.583685 0.115166 0.548913 0.116046
0 0.784329 0.263708 0.784885 0.241155 0.732366 0.240427 0.73181 0.262979
0 0.413739 0.155063 0.449431 0.155567 0.450416 0.116353 0.414725 0.115848
0 0.531798 0.259084 0.557727 0.258569 0.556467 0.222922 0.530538 0.223437
0 0.133941 0.531023 0.15319 0.530998 0.153132 0.506332 0.133883 0.506357
0 0.450606 0.928756 0.503622 0.925405 0.498788 0.882373 0.445771 0.885723
0 0.861993 0.298233 0.907338 0.297631 0.906295 0.253453 0.86095 0.254055
0 0.510448 0.490391 0.549943 0.48955 0.548052 0.439615 0.508558 0.440456
0 0.444317 0.357627 0.481549 0.358324 0.482655 0.3251 0.445423 0.324403
0 0.131368 0.431418 0.131465 0.413917 0.0909545 0.413791 0.0908575 0.431292
0 0.0996128 0.55737 0.0994397 0.528137 0.053153 0.528291 0.0533261 0.557525
0 0.786968 0.142582 0.787221 0.118426 0.746036 0.118183 0.745782 0.142339
0 0.843178 0.0816632 0.88303 0.0793659 0.878856 0.0386393 0.839004 0.0409365
0 0.90267 0.0918895 0.940232 0.0915244 0.939651 0.0578963 0.902089 0.0582614
0 0.0429234 0.906845 0.0846777 0.907126 0.0851635 0.86647 0.0434092 0.866189
0 0.514548 0.305313 0.563393 0.301959 0.558253 0.259863 0.509409 0.263217
0 0.0363553 0.514329 0.0369954 0.491915 9.58064e-05 0.491322 -0.000544331 0.513737
0 0.0258633 0.657659 0.0639074 0.658574 0.0656349 0.61817 0.0275908 0.617255
0 0.408511 0.331794 0.438772 0.330683 0.436768 0.299992 0.406508 0.301103
0 0.460141 0.250121 0.461239 0.234767 0.42578 0.233342 0.424682 0.248696
0 0.425832 0.237911 0.42576 0.223114 0.396148 0.223195 0.396221 0.237992
0 0.343136 0.274862 0.37055 0.272755 0.367252 0.248626 0.339838 0.250733
0 0.261556 0.378686 0.263542 0.355316 0.220899 0.353277 0.218912 0.376647
0 0.493776 0.24378 0.519891 0.244013 0.520525 0.204188 0.49441 0.203954
0 0.77261 0.0582996 0.802262 0.0580528 0.801449 0.00309117 0.771797 0.00333798
0 0.961738 0.411327 1.00185 0.410899 1.00123 0.37796 0.961113 0.378388
0 0.335575 0.433333 0.338807 0.403939 0.290776 0.400969 0.287544 0.430362
0 0.24426 0.297517 0.255137 0.271139 0.211864 0.261101 0.200986 0.287479
0 0.254797 0.280801 0.297279 0.280436 0.296543 0.232112 0.25406 0.232476
0 0.258719 0.410941 0.295855 0.40947 0.293526 0.376412 0.256391 0.377884
0 0.230031 0.387391 0.232979 0.367646 0.179605 0.363164 0.176657 0.382909
0 0.665762 0.399148 0.665128 0.371477 0.625172 0.371992 0.625806 0.399663
0 0.607839 0.197813 0.610221 0.175043 0.565005 0.172382 0.562624 0.195152
0 0.692726 0.345394 0.693394 0.304609 0.631314 0.304037 0.630647 0.344823
0 0.697868 0.138172 0.728361 0.13397 0.72075 0.102902 0.690257 0.107104
0 0.448473 0.271767 0.450558 0.252075 0.420428 0.25028 0.418343 0.269973
0 0.538461 0.200805 0.56223 0.199942 0.560697 0.176187 0.536928 0.177049
0 0.418328 0.301782 0.423128 0.273695 0.367814 0.268379 0.363014 0.296466
0 0.494051 0.165647 0.498055 0.148122 0.474092 0.145042 0.470088 0.162568
0 0.831377 0.0186892 0.833307 0.000976519 0.807027 -0.000633976 0.805097 0.0170787
0 0.579293 0.00820832 0.579166 -0.000125836 0.544594 0.000168831 0.544721 0.00850299
0 0.488457 0.1607 0.491795 0.144448 0.468922 0.141806 0.465585 0.158058
0 0.342652 0.687492 0.362742 0.68755 0.362867 0.663149 0.342776 0.663091
