0 0.400675 0.531332 0.424159 0.53077 0.423334 0.469416 0.39985 0.469978
0 0.595844 0.42741 0.620835 0.428132 0.621698 0.375028 0.596707 0.374306
0 0.795282 0.333338 0.795385 0.304406 0.748961 0.30411 0.748857 0.333042
0 0.222732 0.924271 0.245635 0.924464 0.245797 0.890358 0.222894 0.890165
0 0.663346 0.154342 0.685235 0.15448 0.685396 0.109218 0.663506 0.109081
0 0.239924 0.42915 0.264265 0.429553 0.264612 0.392326 0.240271 0.391923
0 0.779692 0.403829 0.779341 0.378544 0.738201 0.379561 0.738553 0.404845
0 0.806075 0.454035 0.831205 0.454892 0.832206 0.402736 0.807076 0.401878
0 0.386527 0.373963 0.417685 0.374928 0.419112 0.293039 0.387954 0.292074
0 0.240568 0.650025 0.269097 0.64972 0.268713 0.585746 0.240183 0.586051
0 0.6255 0.828004 0.625086 0.783545 0.571663 0.78443 0.572077 0.828889
0 0.884242 0.260673 0.909306 0.262032 0.910446 0.224639 0.885383 0.223281
0 0.18029 0.593387 0.202116 0.593469 0.202189 0.558636 0.180364 0.558554
0 0.190667 0.375184 0.225373 0.37476 0.224892 0.304709 0.190186 0.305133
0 0.24978 0.721335 0.272133 0.720897 0.271476 0.66128 0.249123 0.661718
0 0.402237 0.648537 0.402468 0.617474 0.37264 0.617079 0.372408 0.648141
0 0.335119 0.480134 0.333365 0.442367 0.301348 0.44501 0.303102 0.482777
0 0.396059 0.185402 0.395901 0.159984 0.367988 0.160293 0.368146 0.185711
0 0.73827 0.810978 0.739274 0.777473 0.702308 0.775503 0.701303 0.809008
0 0.464959 0.484428 0.489507 0.462976 0.47069 0.424696 0.446142 0.446148
0 0.215708 0.74948 0.234748 0.749855 0.235077 0.720097 0.216038 0.719722
0 0.456053 0.497371 0.474875 0.481719 0.456774 0.443022 0.437952 0.458674
0 0.619724 0.577055 0.636583 0.577649 0.637581 0.527263 0.620722 0.52667
0 0.472449 0.494505 0.475211 0.462961 0.44919 0.458911 0.446428 0.490455
