0 0.572761 0.24613 0.573662 0.225117 0.545665 0.224441 0.544763 0.245454
0 0.133916 0.415713 0.13397 0.394909 0.0943764 0.394851 0.0943217 0.415655
0 0.552932 0.285781 0.574101 0.285736 0.573992 0.257141 0.552824 0.257186
0 0.383688 0.324902 0.400987 0.324996 0.401255 0.297197 0.383955 0.297103
0 0.211279 0.81235 0.261414 0.810994 0.259215 0.765245 0.20908 0.7666
0 0.330523 0.606487 0.356404 0.606103 0.355352 0.566269 0.329472 0.566653
0 0.498331 0.241152 0.51877 0.24121 0.518931 0.20923 0.498493 0.209172
0 0.563325 0.673025 0.600158 0.672367 0.598739 0.627663 0.561906 0.628321
0 0.914945 0.554565 0.944389 0.554687 0.944725 0.509266 0.915281 0.509144
0 0.199517 0.278357 0.200035 0.253954 0.163582 0.253519 0.163063 0.277921
0 0.761639 0.997093 0.79388 0.997341 0.794458 0.955119 0.762216 0.954871
0 0.144785 0.594416 0.172952 0.593637 0.171182 0.557618 0.143014 0.558397
0 0.648426 0.491492 0.671091 0.491527 0.671164 0.46493 0.648499 0.464895
0 0.299324 0.468375 0.300021 0.443598 0.25999 0.442965 0.259293 0.467742
0 0.234478 0.562261 0.261591 0.561044 0.25905 0.52921 0.231937 0.530427
0 0.889079 0.0569978 0.915467 0.0565777 0.914386 0.018358 0.887997 0.018778
0 0.122402 0.618324 0.139434 0.597729 0.112443 0.585174 0.0954114 0.605769
0 0.47927 0.278255 0.502422 0.278081 0.502088 0.253063 0.478937 0.253237
0 0.0602937 0.543364 0.0605512 0.528323 0.0273766 0.528003 0.0271192 0.543044
0 0.623657 0.181475 0.647686 0.181808 0.648524 0.1477 0.624496 0.147368
0 0.141063 0.52298 0.1427 0.504173 0.0927394 0.501727 0.0911024 0.520534
0 0.353208 0.381893 0.381079 0.380468 0.378315 0.350071 0.350444 0.351496
0 0.72591 0.599039 0.744855 0.599067 0.74492 0.573961 0.725975 0.573934
0 0.177721 0.691507 0.178301 0.668571 0.117144 0.667702 0.116564 0.690637
0 0.703979 0.204491 0.725265 0.204764 0.725931 0.175491 0.704645 0.175219
0 0.452406 0.782856 0.48153 0.783175 0.482306 0.743269 0.453182 0.74295
0 0.444269 0.450629 0.443536 0.426856 0.392048 0.427749 0.392781 0.451522
0 0.264471 0.699465 0.288348 0.677981 0.257941 0.658972 0.234064 0.680456
0 0.216822 0.4958 0.219079 0.475045 0.171067 0.472109 0.168811 0.492864
0 0.133636 0.467725 0.134579 0.443207 0.0806036 0.442039 0.0796605 0.466557
0 0.471136 0.34235 0.492423 0.341418 0.489625 0.305442 0.468338 0.306374
0 0.567073 0.355744 0.567274 0.338577 0.533831 0.338355 0.53363 0.355523
0 0.421048 0.37774 0.443755 0.377597 0.443361 0.342447 0.420654 0.34259
0 0.202497 0.463162 0.206746 0.434816 0.160207 0.430892 0.155959 0.459238
0 0.294802 0.536367 0.294954 0.51949 0.250851 0.519267 0.250699 0.536144
0 0.508109 0.449776 0.535752 0.449649 0.535408 0.407478 0.507765 0.407605
0 0.133075 0.899192 0.162369 0.899521 0.163191 0.858284 0.133898 0.857955
0 0.41772 0.642308 0.446991 0.635732 0.437858 0.612862 0.408587 0.619437
0 0.751244 0.508076 0.778549 0.507577 0.777832 0.485492 0.750527 0.485991
0 0.60532 0.197689 0.606738 0.179689 0.580223 0.178514 0.578804 0.196514
0 0.468621 0.34291 0.468578 0.327088 0.430933 0.327145 0.430976 0.342968
0 0.638287 0.591928 0.658906 0.59189 0.658782 0.554986 0.638164 0.555024
0 0.230106 0.221941 0.229841 0.195667 0.17854 0.195958 0.178805 0.222232
0 0.0109326 0.585653 0.0418957 0.583069 0.0378182 0.55559 0.00685506 0.558174
0 0.359965 0.333989 0.360043 0.316477 0.322797 0.316383 0.322719 0.333896
0 0.518908 0.315573 0.539139 0.315211 0.538277 0.288149 0.518046 0.288512
0 0.748319 0.100113 0.766804 0.100279 0.767129 0.0798883 0.748644 0.0797226
0 0.139238 0.554609 0.143728 0.529764 0.0866395 0.523961 0.0821494 0.548805
0 0.533565 0.309357 0.552373 0.30907 0.551707 0.284495 0.532899 0.284782
0 0.0541593 0.567225 0.0649399 0.555397 0.0406146 0.542925 0.029834 0.554752
0 0.106029 0.559544 0.107235 0.542915 0.0743175 0.541572 0.0731117 0.558202
0 0.344564 0.417423 0.357854 0.399204 0.326249 0.386235 0.312959 0.404454
0 0.224855 0.471177 0.225777 0.454673 0.197957 0.453798 0.197035 0.470302
0 -0.00184905 0.967238 0.0172514 0.966628 0.0155154 0.936076 -0.00358502 0.936686
0 0.634897 1.00055 0.658598 0.998921 0.656293 0.98005 0.632592 0.981678
0 0.529639 0.44696 0.561888 0.446912 0.561811 0.41808 0.529562 0.418129
0 0.56014 0.453653 0.564897 0.432325 0.534938 0.428566 0.530181 0.449895
0 0.329382 0.410566 0.358889 0.407308 0.353243 0.378555 0.323737 0.381813
0 0.329177 0.400665 0.358602 0.398495 0.355054 0.371427 0.325629 0.373597
0 0.221964 0.467449 0.224923 0.445415 0.190668 0.442828 0.187709 0.464862
0 0.520742 0.45092 0.554566 0.449929 0.552668 0.413507 0.518845 0.414498
