0 0.714344 0.227085 0.732083 0.226085 0.730173 0.207033 0.712434 0.208033
0 0.866554 0.23618 0.866708 0.227664 0.849654 0.227491 0.8495 0.236007
0 0.217088 0.288264 0.220719 0.27389 0.205268 0.271695 0.201637 0.286069
0 0.343289 0.662442 0.343283 0.652107 0.320192 0.652114 0.320197 0.662449
0 0.521488 0.210506 0.522058 0.197288 0.505439 0.196885 0.504869 0.210103
0 0.693975 0.14854 0.694781 0.134961 0.681029 0.134502 0.680223 0.148081
0 0.18991 0.637119 0.204379 0.636203 0.202704 0.621308 0.188235 0.622223
0 0.258419 0.139468 0.258528 0.122102 0.22888 0.121998 0.228772 0.139364
0 0.316627 0.225617 0.315864 0.210061 0.299813 0.210503 0.300576 0.22606
0 0.541791 0.169945 0.542059 0.150853 0.517768 0.150662 0.517501 0.169754
0 0.241778 0.261656 0.242879 0.250913 0.232104 0.250292 0.231003 0.261034
0 0.285755 0.898813 0.28679 0.879532 0.263001 0.878814 0.261966 0.898095
0 0.255753 0.400294 0.255833 0.382993 0.243376 0.382961 0.243296 0.400262
0 0.782415 0.232032 0.782445 0.220942 0.756569 0.220903 0.75654 0.231993
0 0.222518 0.671218 0.241513 0.671237 0.241554 0.648573 0.222559 0.648554
0 0.386092 0.209583 0.387231 0.197433 0.373675 0.196718 0.372537 0.208868
0 0.340006 0.219909 0.340272 0.209178 0.317454 0.208861 0.317189 0.219592
0 0.165824 0.456405 0.16597 0.447401 0.153356 0.447286 0.15321 0.45629
0 0.522758 0.247137 0.52305 0.229506 0.508522 0.22937 0.50823 0.247001
0 0.244188 0.371931 0.244252 0.365255 0.229713 0.365175 0.229649 0.371852
0 0.8609 0.25136 0.8613 0.242796 0.842575 0.242304 0.842175 0.250868
0 0.176521 0.216364 0.188214 0.215999 0.187617 0.205242 0.175924 0.205607
0 0.299343 0.157052 0.299393 0.147182 0.28042 0.147127 0.280369 0.156998
0 0.45951 0.356424 0.459572 0.349535 0.444573 0.349459 0.444511 0.356348
0 0.310733 0.376826 0.311183 0.368661 0.303147 0.368411 0.302698 0.376577
0 0.166875 0.455003 0.167117 0.443723 0.154827 0.443575 0.154585 0.454855
0 0.336677 0.223057 0.336615 0.208883 0.30937 0.20895 0.309431 0.223124
0 0.189754 0.633336 0.203039 0.63125 0.198777 0.615988 0.185492 0.618075
0 0.631252 0.178908 0.6319 0.168845 0.621384 0.168464 0.620737 0.178527
0 0.0818216 0.550043 0.0822192 0.543584 0.0748979 0.543331 0.0745003 0.549789
