0 0.151427 0.443249 0.15456 0.418498 0.103528 0.414864 0.100394 0.439614
0 0.881435 0.271328 0.901967 0.271561 0.902545 0.243002 0.882013 0.242769
0 0.903266 0.364137 0.931723 0.363147 0.929884 0.333413 0.901427 0.334403
0 0.33921 0.391332 0.342042 0.370434 0.300837 0.367293 0.298005 0.388191
0 0.727384 0.143101 0.75736 0.143051 0.757281 0.116608 0.727306 0.116658
0 0.628947 0.346363 0.649051 0.346614 0.649727 0.316169 0.629623 0.315918
0 0.811945 0.371781 0.811775 0.357714 0.774542 0.357967 0.774713 0.372035
0 0.47429 0.975635 0.499307 0.97594 0.499961 0.945784 0.474944 0.945479
0 0.871646 0.202137 0.890273 0.200147 0.887096 0.183421 0.868469 0.185411
0 0.734926 0.354381 0.735914 0.336696 0.699901 0.335564 0.698913 0.35325
0 0.190701 0.366968 0.190423 0.347106 0.141666 0.34749 0.141943 0.367352
0 0.807501 0.278618 0.83437 0.276939 0.8315 0.251098 0.804631 0.252776
0 0.301577 0.532194 0.328945 0.519153 0.310007 0.496796 0.282639 0.509837
0 0.506728 0.687755 0.551071 0.686787 0.549351 0.642439 0.505008 0.643406
0 0.955907 0.993525 0.982678 0.993646 0.98296 0.958617 0.956189 0.958496
0 0.256637 0.955959 0.280004 0.955997 0.280119 0.91606 0.256752 0.916023
0 0.0977428 0.892095 0.130757 0.891244 0.129128 0.855718 0.0961143 0.856569
0 0.787679 0.738445 0.787631 0.720221 0.74877 0.720279 0.748818 0.738503
0 0.092197 0.431225 0.0928641 0.412031 0.0611533 0.411411 0.0604862 0.430606
0 0.36105 0.262012 0.361775 0.238629 0.310555 0.237736 0.309831 0.261119
0 0.430342 0.498362 0.467187 0.49789 0.466507 0.468021 0.429661 0.468493
0 0.550761 0.395667 0.580706 0.394466 0.578749 0.367011 0.548804 0.368212
0 0.111837 0.517549 0.135411 0.517459 0.135204 0.487153 0.11163 0.487243
0 0.409547 0.348708 0.410011 0.334063 0.373035 0.333403 0.372571 0.348049
0 0.711392 0.277288 0.733076 0.277702 0.734184 0.245023 0.7125 0.244609
0 0.633204 0.518296 0.633312 0.500401 0.577147 0.500211 0.57704 0.518106
0 0.0604248 0.407843 0.0604582 0.387107 0.0097001 0.387061 0.00966664 0.407797
0 0.846657 0.240207 0.867287 0.240136 0.867107 0.210784 0.846476 0.210855
0 0.444408 0.204408 0.445568 0.182109 0.3977 0.180708 0.39654 0.203007
0 0.659939 0.466526 0.689574 0.466025 0.688546 0.431871 0.658911 0.432373
0 0.866608 0.559091 0.891287 0.544514 0.867794 0.522142 0.843115 0.536719
0 0.420852 0.406637 0.420803 0.391055 0.376443 0.391134 0.376492 0.406716
0 0.787483 0.51905 0.806907 0.518921 0.806575 0.490924 0.787152 0.491053
0 0.623745 0.791352 0.623758 0.760454 0.57697 0.760443 0.576957 0.791341
0 0.414157 0.332866 0.441224 0.331025 0.43787 0.303284 0.410804 0.305124
0 0.787397 0.43507 0.787862 0.419343 0.759561 0.418872 0.759096 0.4346
0 0.721084 0.188839 0.756055 0.189623 0.757422 0.155325 0.722452 0.154541
0 0.511824 0.223426 0.512519 0.203943 0.470422 0.203099 0.469727 0.222582
0 0.730648 0.330196 0.757974 0.329289 0.756187 0.29902 0.728861 0.299928
0 0.938246 0.288563 0.95768 0.288658 0.957965 0.255734 0.938531 0.255639
0 0.979969 0.17406 0.979699 0.156739 0.947627 0.15702 0.947897 0.174341
0 0.623808 0.299331 0.624192 0.284323 0.59371 0.283884 0.593325 0.298892
0 0.972678 0.136585 0.972913 0.119838 0.943531 0.119606 0.943295 0.136353
0 0.760012 0.869119 0.759224 0.848658 0.705254 0.849827 0.706042 0.870288
0 0.375818 0.805314 0.408771 0.80576 0.409626 0.770237 0.376673 0.769791
0 0.51735 0.365883 0.521014 0.348599 0.480319 0.343747 0.476655 0.361032
0 0.970119 0.265143 0.987909 0.265267 0.988208 0.241144 0.970419 0.241019
0 0.634401 0.300124 0.657988 0.298896 0.655232 0.269119 0.631645 0.270347
0 0.451534 0.344146 0.474111 0.339274 0.467228 0.321332 0.444651 0.326204
0 0.527366 0.866406 0.556477 0.86719 0.557982 0.835737 0.52887 0.834954
0 0.83405 0.500555 0.835484 0.481624 0.796089 0.479945 0.794655 0.498877
0 0.624309 0.27665 0.624076 0.257856 0.584645 0.258131 0.584878 0.276925
0 0.77623 0.260889 0.802641 0.259884 0.800782 0.232392 0.774371 0.233396
0 0.129492 0.385852 0.129028 0.368299 0.0743559 0.369112 0.0748195 0.386664
0 0.354727 0.675526 0.380186 0.675292 0.379532 0.635253 0.354073 0.635487
0 0.883233 0.377368 0.888225 0.358862 0.862802 0.355004 0.85781 0.37351
0 0.552382 0.28586 0.575049 0.283236 0.569137 0.2545 0.54647 0.257124
0 0.548356 0.292533 0.556289 0.274938 0.527269 0.267578 0.519336 0.285173
0 0.753471 0.23583 0.774017 0.234078 0.770713 0.212282 0.750167 0.214034
0 0.823017 0.217156 0.822756 0.201366 0.785978 0.201708 0.786239 0.217498
0 0.979067 0.146929 0.999455 0.146764 0.999052 0.118749 0.978664 0.118914
0 0.370719 0.374887 0.37146 0.362417 0.343688 0.361489 0.342947 0.373959
0 0.348021 0.356807 0.371785 0.354417 0.367799 0.332123 0.344034 0.334514
0 0.123868 0.375272 0.124056 0.35174 0.0607749 0.351455 0.0605867 0.374987
0 0.737492 0.267299 0.758801 0.266934 0.757816 0.234605 0.736506 0.23497
0 0.53612 0.336872 0.572327 0.331864 0.5644 0.299624 0.528192 0.304632
0 0.531193 0.351886 0.535165 0.334194 0.485314 0.327899 0.481342 0.345592
0 0.529693 0.330034 0.55913 0.326568 0.552298 0.293923 0.522861 0.297388
0 0.766888 0.289936 0.767481 0.274401 0.746943 0.27396 0.74635 0.289495
0 0.855085 0.529373 0.882999 0.529193 0.882685 0.501726 0.85477 0.501906
0 0.813848 0.224052 0.811641 0.206631 0.7758 0.209186 0.778008 0.226607
0 0.865864 0.374972 0.892931 0.369801 0.884685 0.34552 0.857618 0.350691
0 0.440719 0.333376 0.441164 0.31317 0.421545 0.312927 0.4211 0.333133
0 0.362578 0.364811 0.37009 0.348487 0.342399 0.341319 0.334886 0.357643
0 0.362497 0.375242 0.362544 0.359123 0.330512 0.359071 0.330465 0.37519
0 0.828991 0.447949 0.82897 0.43376 0.809362 0.433776 0.809383 0.447965
0 0.547652 0.276117 0.550789 0.262322 0.522952 0.258761 0.519814 0.272556
0 0.38074 0.812805 0.40631 0.812345 0.40573 0.794193 0.38016 0.794653
