0 0.242366 0.393964 0.245574 0.368763 0.185543 0.364464 0.182335 0.389666
0 0.696087 0.124711 0.696298 0.10565 0.65949 0.105421 0.659279 0.124483
0 0.796789 0.580658 0.839298 0.580158 0.838141 0.524926 0.795633 0.525426
0 0.105252 0.87046 0.147222 0.869187 0.144621 0.82093 0.102651 0.822203
0 0.674921 0.262128 0.710311 0.261249 0.708803 0.227085 0.673414 0.227963
0 0.530446 0.67667 0.571087 0.67572 0.569348 0.633884 0.528707 0.634834
0 0.726888 0.261982 0.766129 0.261066 0.764687 0.226305 0.725446 0.227221
0 0.559137 0.214039 0.559547 0.197563 0.522462 0.197044 0.522051 0.21352
0 0.604841 0.52066 0.643697 0.519935 0.642422 0.48152 0.603567 0.482245
0 0.567853 0.556574 0.569467 0.526735 0.520898 0.525257 0.519284 0.555096
0 0.506427 0.336449 0.544297 0.334998 0.542147 0.303432 0.504278 0.304883
0 0.054873 0.92367 0.0914311 0.924007 0.0920742 0.884756 0.0555161 0.884419
0 0.113829 0.46744 0.11756 0.44139 0.0739273 0.437875 0.0701963 0.463924
0 0.507438 0.503803 0.543889 0.503278 0.542429 0.446286 0.505977 0.446812
0 0.0538404 0.620262 0.0837856 0.620677 0.0845869 0.588149 0.0546417 0.587734
0 0.526547 0.296792 0.535609 0.270887 0.494261 0.262751 0.485199 0.288656
0 0.491021 0.247386 0.521325 0.24781 0.522255 0.210499 0.491951 0.210074
0 0.594832 0.0934897 0.627731 0.09309 0.627025 0.0603949 0.594126 0.0607945
0 0.843681 0.287038 0.886646 0.286415 0.885525 0.242886 0.84256 0.243509
0 0.621897 0.205741 0.622996 0.186154 0.567638 0.184406 0.566538 0.203993
0 0.25241 0.323947 0.290623 0.323102 0.289279 0.288924 0.251065 0.28977
0 0.186075 0.538412 0.211088 0.539 0.212068 0.515566 0.187055 0.514977
0 0.830401 0.193714 0.861772 0.163076 0.818093 0.137919 0.786722 0.168558
0 0.703853 0.162184 0.730052 0.162157 0.729984 0.125164 0.703784 0.125191
0 0.560477 0.0575757 0.560489 0.035667 0.491193 0.0356464 0.491182 0.0575551
0 0.158983 0.416838 0.157865 0.39879 0.123293 0.399994 0.124411 0.418042
0 0.576083 0.133439 0.610108 0.133346 0.609927 0.0959838 0.575902 0.0960768
0 0.461723 0.177466 0.46307 0.155913 0.409926 0.154044 0.408578 0.175597
0 0.643061 0.936403 0.643812 0.9011 0.5886 0.900439 0.587848 0.935742
0 0.620733 0.154078 0.646145 0.153518 0.644936 0.122658 0.619525 0.123218
0 0.265984 0.375102 0.289358 0.374983 0.28905 0.341077 0.265676 0.341196
0 0.649569 0.188737 0.652068 0.168846 0.603525 0.165415 0.601026 0.185306
0 0.668868 0.39419 0.695123 0.394497 0.695973 0.353738 0.669718 0.35343
0 0.810914 0.0549361 0.836478 0.0542989 0.835009 0.0211538 0.809445 0.0217911
0 0.528335 0.276232 0.556138 0.2756 0.554967 0.24664 0.527163 0.247272
0 0.293692 0.277668 0.333728 0.277613 0.333615 0.231106 0.293579 0.231161
0 1.00013 0.409091 0.997945 0.375912 0.954448 0.377525 0.956635 0.410703
0 0.449493 0.146199 0.451763 0.127131 0.425364 0.125363 0.423094 0.144431
0 0.00927001 0.664046 0.0430232 0.664949 0.0445964 0.631869 0.0108432 0.630966
0 0.333268 0.403326 0.334774 0.371401 0.285277 0.370088 0.283772 0.402013
0 0.119462 0.449002 0.143459 0.4482 0.141693 0.41848 0.117695 0.419283
0 0.839635 0.0847629 0.841301 0.0661636 0.805859 0.0643778 0.804193 0.0829772
0 0.439095 0.264997 0.439458 0.24803 0.405257 0.247619 0.404894 0.264586
0 0.426373 0.356694 0.46075 0.354094 0.455872 0.317815 0.421494 0.320416
0 0.368621 0.26384 0.37001 0.243572 0.347181 0.242691 0.345791 0.262959
0 0.455522 0.316212 0.458571 0.295029 0.413062 0.291344 0.410013 0.312528
0 0.435899 0.287455 0.437246 0.271632 0.395658 0.269639 0.39431 0.285462
0 0.704594 0.331655 0.704312 0.311814 0.63527 0.312366 0.635552 0.332206
0 0.466097 0.273211 0.466264 0.258489 0.431836 0.258269 0.431668 0.27299
0 0.720432 0.3329 0.720731 0.308048 0.67027 0.307707 0.669972 0.332559
0 0.86776 0.0797111 0.871224 0.0580836 0.843763 0.0556093 0.840299 0.0772369
0 0.866083 0.0760354 0.878405 0.0564009 0.848566 0.0458666 0.836243 0.065501
0 0.490441 0.164776 0.490914 0.148795 0.464842 0.148362 0.464369 0.164342
0 -0.00155371 0.537486 0.0237829 0.536585 0.0220143 0.508619 -0.00332231 0.50952
0 0.000708832 0.40209 0.0243051 0.40205 0.0241638 0.354723 0.00056749 0.354763
0 0.425141 0.281031 0.425991 0.266714 0.390347 0.265524 0.389497 0.279841
0 -0.0047248 0.398135 0.0309396 0.395028 0.0266691 0.367453 -0.00899534 0.37056
0 0.871055 0.0149118 0.872624 0.000820435 0.833844 -0.0016078 0.832275 0.0124836
0 0.830285 0.0262034 0.851449 0.0219485 0.844516 0.00255009 0.823352 0.00680496
0 0.336207 0.696265 0.350052 0.696291 0.350117 0.676785 0.336272 0.676759
0 0.41185 0.281364 0.412935 0.268435 0.385842 0.267156 0.384757 0.280084
