0 0.515312 0.388275 0.515002 0.367044 0.459478 0.3675 0.459788 0.388731
0 0.565882 0.268068 0.565568 0.251208 0.522501 0.251659 0.522815 0.268519
0 0.600332 0.304408 0.629367 0.304488 0.629574 0.26203 0.600539 0.26195
0 0.575539 0.972604 0.575885 0.945638 0.537415 0.94536 0.537069 0.972327
0 0.458356 0.202115 0.457471 0.177921 0.409596 0.178907 0.410481 0.203101
0 0.355341 0.474459 0.355325 0.460267 0.325061 0.460286 0.325077 0.474478
0 0.550644 0.468268 0.550245 0.452651 0.510568 0.453221 0.510967 0.468838
0 0.594865 0.933562 0.619875 0.933909 0.620641 0.902898 0.595631 0.90255
0 0.439652 0.504709 0.439454 0.490851 0.405661 0.491123 0.405859 0.504981
0 0.261988 0.684118 0.261561 0.66922 0.226856 0.669779 0.227283 0.684677
0 0.482574 0.706468 0.483134 0.689452 0.452409 0.688883 0.451849 0.705899
0 0.438559 0.474125 0.438774 0.459196 0.40782 0.458946 0.407605 0.473874
0 0.391156 0.530329 0.391519 0.508158 0.369087 0.507951 0.368724 0.530123
0 0.400387 0.498764 0.400624 0.485335 0.365359 0.484984 0.365122 0.498413
0 0.510315 0.560688 0.510276 0.54474 0.47583 0.544788 0.47587 0.560736
0 0.533852 0.634429 0.533369 0.620907 0.506068 0.621455 0.506551 0.634978
0 0.417845 0.602013 0.417672 0.589988 0.391365 0.5902 0.391538 0.602225
0 0.455562 0.594261 0.455423 0.573639 0.432816 0.573725 0.432955 0.594346
0 0.475554 0.534096 0.476067 0.518408 0.44408 0.517819 0.443566 0.533507
0 0.315575 0.436533 0.316541 0.412481 0.286384 0.411799 0.285417 0.435851
0 0.359841 0.445833 0.359865 0.431571 0.329153 0.431542 0.329129 0.445804
0 0.354726 0.727629 0.374956 0.727567 0.374795 0.698039 0.354566 0.698101
0 0.383552 0.554702 0.383353 0.540195 0.347817 0.540469 0.348016 0.554976
0 0.560634 0.630586 0.562481 0.609652 0.542763 0.608673 0.540915 0.629607
0 0.341651 0.546924 0.342158 0.533118 0.318981 0.532639 0.318474 0.546445
0 0.274146 0.441681 0.2745 0.426061 0.247052 0.42571 0.246697 0.44133
0 0.399648 0.478379 0.400311 0.464414 0.378123 0.463822 0.37746 0.477787
0 0.356948 0.50899 0.357009 0.493999 0.319134 0.493912 0.319073 0.508903
0 0.541223 0.723183 0.541351 0.705704 0.511322 0.705581 0.511195 0.72306
0 0.515662 0.677233 0.516823 0.65544 0.48997 0.654635 0.488809 0.676428
0 0.810001 0.496278 0.83342 0.496327 0.833559 0.45894 0.810141 0.458891
0 0.377157 0.66038 0.377164 0.648853 0.350839 0.648844 0.350832 0.660371
0 0.558521 0.573138 0.559915 0.557196 0.539727 0.556203 0.538334 0.572145
0 0.473755 0.511873 0.474124 0.498622 0.446473 0.498189 0.446103 0.51144
0 0.398479 0.459625 0.398987 0.447204 0.373615 0.446621 0.373107 0.459041
0 0.406101 0.562107 0.421986 0.562417 0.422688 0.542146 0.406803 0.541837
0 0.56221 0.689039 0.562695 0.673303 0.542514 0.672953 0.542029 0.688689
0 0.527093 0.583225 0.527406 0.571409 0.499709 0.570996 0.499396 0.582812
0 0.56329 0.742099 0.565419 0.719753 0.542144 0.718505 0.540014 0.740851
0 0.426706 0.539675 0.427514 0.527641 0.410658 0.527004 0.409851 0.539039
0 0.488352 0.7287 0.489466 0.713194 0.466659 0.712272 0.465545 0.727778
0 0.575312 0.848131 0.577845 0.822969 0.54859 0.821312 0.546057 0.846475
0 0.523288 0.756732 0.52281 0.742066 0.486481 0.742732 0.486959 0.757398
0 0.236696 0.442705 0.241277 0.42601 0.220671 0.42283 0.21609 0.439524
0 0.540911 0.611603 0.54094 0.599914 0.517854 0.599882 0.517825 0.611571
0 0.309096 0.464114 0.311896 0.443618 0.276359 0.440888 0.273559 0.461384
0 0.572349 0.752866 0.576063 0.73909 0.556497 0.736123 0.552783 0.749899
0 0.33888 0.517679 0.338795 0.503114 0.305044 0.503225 0.305129 0.51779
0 0.237305 0.444995 0.238215 0.432664 0.218467 0.431845 0.217557 0.444175
0 0.485821 0.837629 0.50577 0.83716 0.504767 0.813212 0.484819 0.813682
0 0.521526 0.530122 0.522155 0.51669 0.504684 0.51623 0.504056 0.529662
0 0.157182 0.447721 0.157329 0.435794 0.138822 0.435665 0.138675 0.447593
0 0.541837 0.683538 0.54264 0.668369 0.522412 0.667767 0.521608 0.682936
