0 0.309903 0.594785 0.30794 0.50392 0.177493 0.50893 0.179456 0.599795
0 0.726767 0.546902 0.792184 0.549104 0.795296 0.384784 0.729879 0.382582
0 0.691604 0.488646 0.686404 0.333642 0.54449 0.342106 0.54969 0.49711
0 0.194108 0.952168 0.263127 0.953028 0.264102 0.813982 0.195082 0.813123
0 0.381695 0.380896 0.381542 0.251384 0.268788 0.251622 0.268941 0.381134
0 0.391243 0.283122 0.449969 0.284647 0.451824 0.15761 0.393098 0.156086
0 0.0665063 0.56502 0.0660548 0.476342 0.000747657 0.476934 0.00119914 0.565611
0 0.128348 0.03987 0.128625 -0.000938093 0.0201668 -0.00224627 0.0198899 0.0385619
0 -0.0021427 0.938197 0.0219875 0.938295 0.0221747 0.85631 -0.00195548 0.856213
0 0.98104 0.546999 1.00043 0.547047 1.00053 0.474536 0.981142 0.474487
0 0.910217 0.939144 0.954393 0.941323 0.958649 0.787995 0.914472 0.785815
