0 0.819242 0.68725 0.820002 0.674471 0.806013 0.674003 0.805253 0.686782
0 0.765957 0.0582193 0.76643 0.0485589 0.756991 0.0482991 0.756518 0.0579595
0 0.217031 0.0881432 0.21724 0.080512 0.207588 0.0803627 0.207379 0.0879939
0 0.261663 0.831596 0.261953 0.824258 0.255987 0.824125 0.255697 0.831463
0 0.978546 0.0595323 0.978433 0.0521873 0.970149 0.0522595 0.970263 0.0596044
0 0.0586255 0.156882 0.0587325 0.150133 0.0470914 0.150029 0.0469843 0.156778
0 0.176919 0.475928 0.177314 0.468301 0.168772 0.468052 0.168377 0.47568
0 0.377841 0.0587533 0.377914 0.0531149 0.370889 0.0530636 0.370815 0.058702
0 0.508483 0.362161 0.509093 0.354019 0.499518 0.353615 0.498908 0.361758
0 0.817035 0.819014 0.81743 0.810796 0.807214 0.81052 0.806819 0.818738
0 0.876175 0.0645767 0.877026 0.0542121 0.867959 0.053793 0.867107 0.0641576
0 0.52853 0.825914 0.528521 0.818626 0.518714 0.818633 0.518723 0.825921
0 0.565933 0.0740966 0.566042 0.0672577 0.557734 0.0671826 0.557624 0.0740215
0 0.214695 0.831494 0.214948 0.823809 0.206123 0.823646 0.20587 0.83133
0 0.575151 0.0332218 0.575297 0.0278714 0.567093 0.0277452 0.566947 0.0330957
0 0.609977 0.0576216 0.61031 0.0507234 0.603868 0.0505483 0.603535 0.0574465
0 0.914701 0.0602793 0.914924 0.0548962 0.907667 0.0547275 0.907445 0.0601106
0 0.135403 0.433724 0.135785 0.427031 0.124938 0.426683 0.124556 0.433376
0 0.341989 0.0579129 0.342149 0.0521727 0.334822 0.0520584 0.334663 0.0577986
0 0.693354 0.798883 0.693499 0.793353 0.686577 0.793251 0.686431 0.798781
0 0.826819 0.0447237 0.826979 0.0382876 0.820513 0.0381975 0.820354 0.0446336
0 0.150772 0.114293 0.150727 0.107897 0.141226 0.107934 0.141271 0.11433
0 0.201549 0.0470273 0.201734 0.0411239 0.191487 0.0409433 0.191302 0.0468467
0 0.677592 0.821649 0.677979 0.814042 0.670634 0.813832 0.670248 0.821439
0 0.451205 0.0830534 0.45172 0.0748819 0.441248 0.0745104 0.440732 0.0826819
0 0.533183 0.0720636 0.533265 0.0666445 0.524588 0.0665709 0.524507 0.0719901
0 0.794473 0.235911 0.794608 0.2309 0.788752 0.230811 0.788617 0.235822
0 0.38206 0.0821459 0.3825 0.0748829 0.374454 0.0746085 0.374014 0.0818715
0 0.824622 0.770109 0.824658 0.761161 0.815531 0.76114 0.815496 0.770088
0 0.776961 0.0817428 0.777832 0.0707731 0.770146 0.0704297 0.769275 0.0813995
0 0.541613 0.285211 0.54208 0.27926 0.532533 0.278838 0.532066 0.28479
0 0.951113 0.0642163 0.951108 0.0555546 0.942491 0.0555577 0.942496 0.0642195
0 0.109226 0.0963143 0.109501 0.0890462 0.101547 0.0888765 0.101271 0.0961446
0 0.711038 0.0628103 0.711405 0.056068 0.705363 0.0558829 0.704995 0.0626252
0 0.932676 0.0512716 0.933113 0.0437827 0.924666 0.0435055 0.924229 0.0509944
0 0.85843 0.747826 0.858821 0.742139 0.848847 0.741753 0.848455 0.74744
0 0.625305 0.114493 0.625443 0.106086 0.616365 0.106003 0.616228 0.114409
0 0.679519 0.349887 0.679911 0.342992 0.674145 0.342808 0.673753 0.349703
0 0.970014 0.833815 0.970296 0.828177 0.958246 0.827838 0.957964 0.833476
0 0.134454 0.0943525 0.135301 0.0851398 0.125061 0.0846104 0.124214 0.0938231
0 0.892667 0.0439197 0.893461 0.034177 0.887026 0.0338819 0.886232 0.0436246
0 0.27648 0.718957 0.277236 0.708789 0.270728 0.708516 0.269972 0.718684
0 0.250456 0.206728 0.251065 0.199311 0.241174 0.198854 0.240565 0.206271
0 0.575413 0.40856 0.575903 0.4007 0.568426 0.400438 0.567936 0.408298
0 0.658534 0.0707339 0.658893 0.062842 0.648473 0.0625746 0.648113 0.0704665
0 0.674789 0.0764364 0.675475 0.0679545 0.66457 0.0674588 0.663884 0.0759406
0 0.191645 0.100109 0.192019 0.0931836 0.180666 0.0928383 0.180292 0.0997632
0 0.158508 0.282247 0.15918 0.2714 0.148919 0.271042 0.148246 0.281888
0 0.535153 0.385195 0.53533 0.380055 0.524856 0.379853 0.524679 0.384993
0 0.141941 0.369081 0.142476 0.359671 0.131767 0.359329 0.131232 0.368738
0 0.892127 0.0405986 0.892522 0.0341484 0.882644 0.0338077 0.882249 0.0402579
0 0.446953 0.569743 0.447432 0.56369 0.440835 0.563397 0.440357 0.56945
0 0.477213 0.510303 0.477407 0.50571 0.471431 0.505569 0.471238 0.510161
0 0.627476 0.777905 0.627673 0.768765 0.619837 0.76867 0.61964 0.777809
0 0.120106 0.284362 0.120348 0.279035 0.108353 0.278729 0.108111 0.284055
0 0.275324 0.0750727 0.275723 0.0686034 0.267106 0.0683049 0.266708 0.0747742
0 0.125047 0.284655 0.125166 0.279028 0.111782 0.278869 0.111663 0.284497
0 0.119174 0.287638 0.119401 0.277004 0.112645 0.276923 0.112418 0.287557
0 0.482717 0.781562 0.48319 0.773018 0.474033 0.772733 0.47356 0.781277
0 0.483025 0.356722 0.48399 0.346861 0.47441 0.346334 0.473445 0.356195
0 0.491709 0.638549 0.492048 0.629941 0.482884 0.629738 0.482546 0.638346
0 0.626047 0.781329 0.626381 0.771458 0.618355 0.771306 0.61802 0.781177
0 0.191827 0.836506 0.192201 0.830182 0.181743 0.829834 0.181368 0.836157
0 0.277341 0.716089 0.278054 0.706287 0.271193 0.706006 0.27048 0.715808
0 0.191623 0.0741733 0.191908 0.068362 0.179743 0.0680268 0.179458 0.0738381
0 0.508415 0.419111 0.509089 0.411347 0.497323 0.410772 0.496649 0.418536
0 0.194578 0.0847016 0.194959 0.0773807 0.186741 0.0771402 0.18636 0.0844611
0 0.18702 0.0740849 0.187336 0.0681509 0.174967 0.0677812 0.174651 0.0737152
0 0.892982 0.041389 0.893875 0.0313135 0.886636 0.0309526 0.885743 0.0410281
0 0.958736 0.646242 0.959116 0.640542 0.952156 0.640281 0.951775 0.645981
