0 0.915497 0.832652 0.915842 0.826608 0.907892 0.826352 0.907547 0.832396
0 0.779637 0.42128 0.779655 0.41636 0.772436 0.416345 0.772418 0.421265
0 0.912241 0.550098 0.912299 0.542584 0.904046 0.542548 0.903988 0.550062
0 0.847713 0.207824 0.847913 0.20308 0.841179 0.20292 0.840978 0.207663
0 0.455651 0.44086 0.455569 0.435632 0.447826 0.4357 0.447908 0.440928
0 0.908774 0.531389 0.908997 0.524186 0.901686 0.524059 0.901463 0.531262
0 0.817859 0.811449 0.818036 0.8053 0.808216 0.805141 0.808038 0.811289
0 0.279922 0.0816214 0.280127 0.0754843 0.273357 0.075357 0.273152 0.0814941
0 0.908585 0.481468 0.908816 0.474485 0.898993 0.474302 0.898762 0.481285
0 0.415152 0.370123 0.415367 0.366083 0.408279 0.365871 0.408063 0.369911
0 0.27504 0.319042 0.275197 0.312879 0.265069 0.312734 0.264913 0.318897
0 0.458806 0.443946 0.459034 0.436573 0.448168 0.436384 0.44794 0.443757
0 0.821852 0.840994 0.821839 0.834586 0.815216 0.834594 0.815229 0.841002
0 0.214123 0.122029 0.214099 0.118104 0.20735 0.118127 0.207373 0.122052
0 0.495932 0.250064 0.496033 0.243721 0.490906 0.243675 0.490805 0.250018
0 0.608709 0.120127 0.608928 0.113669 0.602127 0.113539 0.601907 0.119997
0 0.225103 0.109183 0.22524 0.104732 0.217176 0.104592 0.217039 0.109043
0 0.950092 0.856992 0.951153 0.848847 0.942012 0.848178 0.940951 0.856323
0 0.533375 0.163468 0.533522 0.156174 0.524935 0.156076 0.524787 0.163371
0 0.868779 0.28266 0.869193 0.276792 0.858453 0.276366 0.85804 0.282235
0 0.68735 0.165511 0.68728 0.161148 0.681233 0.161202 0.681303 0.165565
0 0.436586 0.385575 0.436731 0.38048 0.42495 0.38029 0.424804 0.385386
