0 0.419419 0.750085 0.419766 0.692576 0.269254 0.692065 0.268907 0.749574
0 0.828983 0.231625 0.828851 0.185252 0.685309 0.185481 0.685441 0.231854
0 0.912235 0.273777 0.984767 0.275467 0.989016 0.172887 0.916485 0.171197
0 0.273677 0.511751 0.383819 0.512549 0.385481 0.383441 0.275338 0.382644
0 0.531039 0.302661 0.590612 0.301699 0.588763 0.237291 0.52919 0.238253
0 0.454037 0.380397 0.454876 0.348703 0.38964 0.347731 0.3888 0.379424
0 0.741355 0.164959 0.825469 0.165581 0.826363 0.0975838 0.742249 0.0969619
0 0.199777 0.0726459 0.19506 -0.00149812 0.0841405 0.00247095 0.0888572 0.0766149
0 0.392533 0.423653 0.401561 0.364847 0.30218 0.356265 0.293152 0.415071
0 0.956002 0.463158 1.00209 0.463773 1.00427 0.371768 0.958184 0.371154
