0 0.654514 0.223512 0.686075 0.224285 0.687447 0.192799 0.655886 0.192025
0 0.0125892 0.492677 0.0409562 0.49252 0.0406237 0.458801 0.0122566 0.458958
0 0.735231 0.196461 0.758608 0.196522 0.75872 0.17235 0.735342 0.172289
0 0.813742 0.123479 0.833515 0.123294 0.833043 0.0949187 0.813269 0.0951037
0 0.296068 0.929357 0.2957 0.911159 0.257432 0.911594 0.2578 0.929793
0 0.0787715 0.322452 0.103619 0.32238 0.103468 0.293263 0.0786204 0.293335
0 0.0820065 0.895867 0.113942 0.896661 0.115363 0.864529 0.0834273 0.863735
0 0.362279 0.21829 0.387229 0.217956 0.386377 0.182167 0.361427 0.182501
0 0.0163145 0.838283 0.0326235 0.838178 0.0323527 0.814622 0.0160437 0.814727
0 0.325087 0.215232 0.347406 0.215611 0.348242 0.187916 0.325924 0.187537
0 0.199441 0.225 0.210728 0.209811 0.185485 0.19926 0.174198 0.214449
0 0.10513 0.277778 0.105536 0.263941 0.0724471 0.263395 0.0720407 0.277231
0 0.125135 0.290616 0.123881 0.268623 0.0954842 0.269533 0.0967379 0.291526
0 0.924581 0.22796 0.942945 0.228226 0.94359 0.203193 0.925226 0.202926
0 0.162991 0.174105 0.163909 0.153437 0.127345 0.152524 0.126427 0.173192
0 0.0960791 0.137031 0.119353 0.136857 0.119107 0.11838 0.0958335 0.118554
0 0.171914 0.224676 0.200638 0.222631 0.198174 0.20317 0.169451 0.205216
0 0.0378328 0.20499 0.0616566 0.205067 0.061797 0.180518 0.0379732 0.180442
0 0.555719 0.196505 0.573867 0.195448 0.571943 0.176856 0.553795 0.177912
0 0.234405 0.469129 0.249061 0.468603 0.248002 0.452015 0.233346 0.452541
0 0.000558193 0.612417 0.014013 0.612342 0.0138208 0.592976 0.000366068 0.593051
0 0.875114 0.782505 0.875338 0.777697 0.867117 0.777482 0.866893 0.78229
0 0.116895 0.286034 0.116957 0.265932 0.0786483 0.265865 0.0785856 0.285967
0 0.421669 0.70485 0.421786 0.693621 0.397579 0.69348 0.397463 0.704709
