0 0.248351 0.414503 0.290421 0.414088 0.289986 0.335745 0.247916 0.33616
0 0.832009 0.466632 0.865218 0.466155 0.864626 0.392859 0.831417 0.393336
0 0.72658 0.402491 0.77987 0.398475 0.775757 0.301429 0.722466 0.305445
0 0.0535089 0.445797 0.0867224 0.446524 0.0876664 0.369831 0.0544528 0.369105
0 0.572005 0.490756 0.618376 0.490583 0.618217 0.415103 0.571846 0.415277
0 0.717833 0.416285 0.723671 0.33827 0.63232 0.326119 0.626483 0.404134
0 0.123145 0.821822 0.161269 0.823176 0.163495 0.711736 0.125371 0.710383
0 0.114729 0.337282 0.141436 0.337681 0.141883 0.284386 0.115177 0.283988
0 0.502437 0.504551 0.499631 0.406184 0.408856 0.410787 0.411661 0.509154
0 0.163009 0.61751 0.205621 0.616962 0.204958 0.525238 0.162346 0.525786
0 0.194401 0.699218 0.239564 0.698304 0.238345 0.591228 0.193183 0.592142
0 0.71202 0.7587 0.740425 0.759559 0.741335 0.706046 0.71293 0.705187
0 0.314244 0.0933366 0.351779 0.0926568 0.351285 0.0441934 0.31375 0.0448731
0 0.605877 0.349545 0.604535 0.3013 0.564866 0.303261 0.566207 0.351506
0 0.924163 1.00419 0.925068 0.956841 0.838253 0.953894 0.837349 1.00124
0 0.733173 0.999134 0.733092 0.985285 0.658185 0.986059 0.658265 0.999908
