0 0.878708 0.735469 0.878721 0.730813 0.871112 0.730801 0.871099 0.735457
0 0.881507 0.894479 0.882073 0.88718 0.874617 0.886855 0.87405 0.894154
0 0.775099 0.884445 0.775412 0.877543 0.765666 0.877294 0.765353 0.884196
0 0.475071 0.41995 0.475106 0.416365 0.466666 0.416319 0.466631 0.419904
0 0.191607 0.348521 0.191928 0.342726 0.182894 0.342444 0.182572 0.348239
0 0.774986 0.849143 0.775264 0.843121 0.763537 0.842817 0.763259 0.848838
0 0.58806 0.287679 0.588188 0.280326 0.582414 0.28027 0.582286 0.287622
0 0.929589 0.92296 0.930046 0.916625 0.922949 0.916337 0.922492 0.922673
0 0.308368 0.545313 0.308499 0.540843 0.299813 0.540699 0.299682 0.545169
0 0.574894 0.501357 0.575496 0.493733 0.567803 0.493391 0.5672 0.501015
0 0.681737 0.15938 0.682018 0.15395 0.674784 0.15374 0.674503 0.15917
0 0.321703 0.618319 0.321643 0.612011 0.31602 0.612042 0.316079 0.618349
0 0.866044 0.545259 0.866298 0.540529 0.858313 0.540288 0.858059 0.545018
0 0.858249 0.448422 0.858526 0.443322 0.84954 0.443048 0.849264 0.448148
0 0.69968 0.376825 0.69978 0.36844 0.691582 0.368385 0.691482 0.37677
0 0.521984 0.58812 0.522085 0.5816 0.515839 0.581546 0.515739 0.588066
0 0.591665 0.285484 0.591833 0.280754 0.583781 0.280593 0.583613 0.285323
0 0.649133 0.531729 0.649486 0.525707 0.64159 0.525447 0.641237 0.531469
0 0.497411 0.606526 0.49785 0.600286 0.491302 0.600027 0.490862 0.606267
0 0.820373 0.249154 0.820542 0.242932 0.808303 0.242744 0.808134 0.248967
0 0.42724 0.206507 0.427375 0.202162 0.422119 0.202071 0.421985 0.206415
0 0.525005 0.19914 0.525205 0.193455 0.515569 0.193264 0.515369 0.198949
0 0.297108 0.356373 0.297388 0.348182 0.290502 0.348049 0.290222 0.35624
0 0.577315 0.631359 0.577804 0.622936 0.572489 0.622762 0.572 0.631185
0 0.775095 0.325105 0.775395 0.318613 0.766544 0.318383 0.766244 0.324875
0 0.476651 0.463952 0.476967 0.456278 0.472564 0.456176 0.472248 0.46385
0 0.65268 0.220806 0.652628 0.212289 0.647638 0.212306 0.64769 0.220823
0 0.248507 0.169413 0.248564 0.165853 0.241534 0.16579 0.241477 0.16935
0 0.749645 0.932621 0.750011 0.926695 0.741479 0.926399 0.741113 0.932324
0 0.8776 0.535667 0.877854 0.530206 0.871617 0.530042 0.871362 0.535504
