0 0.0762306 0.913213 0.114271 0.912394 0.112734 0.872263 0.074694 0.873083
0 0.865753 0.268981 0.888748 0.26958 0.890064 0.241197 0.867069 0.240598
0 0.884346 0.229187 0.886226 0.21042 0.86326 0.209126 0.861381 0.227893
0 0.117421 0.522024 0.143488 0.521703 0.142904 0.494994 0.116837 0.495315
0 0.312825 0.413998 0.315428 0.394954 0.271235 0.391557 0.268633 0.410601
0 0.608489 0.211105 0.63379 0.211266 0.634118 0.182326 0.608818 0.182165
0 0.961032 0.190168 0.961298 0.174532 0.930458 0.174237 0.930192 0.189873
0 0.117224 0.457054 0.118794 0.430836 0.0737164 0.429318 0.0721461 0.455535
0 0.482238 0.692716 0.523556 0.69121 0.520917 0.650483 0.479599 0.651989
0 0.433691 0.413165 0.433845 0.395815 0.3878 0.395585 0.387645 0.412935
0 0.26561 0.549443 0.30016 0.548336 0.298439 0.518093 0.263889 0.519199
0 0.683387 0.819086 0.708796 0.8196 0.709953 0.787417 0.684544 0.786903
0 0.114848 0.392659 0.115117 0.374381 0.0680593 0.373992 0.0677907 0.39227
0 0.925058 0.995619 0.959901 0.995267 0.95931 0.962364 0.924467 0.962716
0 0.439154 0.764958 0.472123 0.765412 0.473054 0.727323 0.440085 0.72687
0 0.431911 0.351881 0.432972 0.332455 0.397028 0.331352 0.395968 0.350778
0 0.799755 0.37625 0.825482 0.375504 0.82363 0.339607 0.797903 0.340354
0 0.345518 0.70228 0.372369 0.702618 0.373252 0.663221 0.346401 0.662882
0 0.382143 0.518847 0.410517 0.519158 0.411045 0.492043 0.382672 0.491732
0 0.826227 0.259313 0.849362 0.259189 0.849034 0.224715 0.825899 0.224839
0 0.720428 0.902754 0.721236 0.882069 0.668996 0.88092 0.668188 0.901606
0 0.907453 0.53107 0.929892 0.530975 0.929646 0.498503 0.907208 0.498598
0 0.221776 0.449589 0.2221 0.429702 0.186422 0.429375 0.186098 0.449261
0 0.495448 0.996711 0.521205 0.997143 0.522128 0.966202 0.49637 0.96577
0 0.698313 0.346947 0.698535 0.332228 0.666281 0.331955 0.666059 0.346674
0 0.703631 0.140341 0.730874 0.140234 0.730685 0.113093 0.703442 0.113199
0 0.841902 0.56856 0.874705 0.568211 0.87399 0.530425 0.841187 0.530774
0 0.981169 0.142033 0.980693 0.125027 0.944843 0.125591 0.945318 0.142597
0 0.508646 0.885529 0.543828 0.886563 0.545526 0.854086 0.510344 0.853052
0 0.624587 0.375237 0.656423 0.375915 0.657724 0.341519 0.625888 0.340842
0 0.912905 0.309301 0.941479 0.308696 0.939979 0.268874 0.911405 0.269479
0 0.565247 0.329968 0.590104 0.32815 0.586946 0.303851 0.562089 0.305669
0 0.341861 0.400373 0.344741 0.382663 0.305383 0.379063 0.302504 0.396774
0 0.647321 0.46417 0.673803 0.463993 0.673298 0.42164 0.646815 0.421818
0 0.821189 0.27471 0.82131 0.258579 0.799848 0.258488 0.799727 0.274619
0 0.346874 0.377614 0.348097 0.362823 0.31029 0.361064 0.309067 0.375855
0 0.997362 0.221315 0.997944 0.197749 0.966728 0.197315 0.966147 0.220881
0 0.505361 0.377988 0.512468 0.356024 0.456511 0.345839 0.449404 0.367803
0 0.378387 0.293308 0.378758 0.270705 0.324652 0.270205 0.324281 0.292808
0 0.807134 0.793779 0.807177 0.77694 0.768922 0.776884 0.768878 0.793723
0 0.810783 0.522485 0.811163 0.504576 0.773151 0.504122 0.772771 0.522031
0 0.608379 0.538595 0.608328 0.51958 0.562636 0.519649 0.562687 0.538664
0 0.948833 0.274169 0.968958 0.273958 0.968531 0.251057 0.948406 0.251268
0 0.954111 0.406462 0.985077 0.407063 0.986356 0.370032 0.955389 0.36943
0 0.752019 0.293656 0.775389 0.292402 0.772788 0.265143 0.749418 0.266398
0 0.259377 0.96056 0.292983 0.960542 0.29295 0.926622 0.259345 0.92664
0 0.733108 0.239777 0.75756 0.239253 0.75668 0.216163 0.732228 0.216687
0 0.719589 0.281712 0.740954 0.281025 0.739495 0.255491 0.718129 0.256178
0 0.978737 0.169966 0.98385 0.149773 0.961502 0.146589 0.956389 0.166782
0 0.390292 0.25019 0.391852 0.227497 0.342511 0.22559 0.340951 0.248283
0 0.753629 0.506631 0.774469 0.506315 0.77366 0.476368 0.75282 0.476684
0 0.0543991 0.423059 0.0540747 0.403984 0.00664131 0.404438 0.00696569 0.423513
0 0.818485 0.475953 0.818724 0.461523 0.797954 0.46133 0.797716 0.47576
0 0.522009 0.307758 0.539779 0.298425 0.525487 0.283116 0.507716 0.292449
0 0.83231 0.399888 0.832021 0.386773 0.797791 0.387197 0.79808 0.400312
0 0.358034 0.378072 0.381681 0.37665 0.379172 0.353182 0.355525 0.354604
0 0.469262 0.383865 0.474447 0.364426 0.440228 0.359292 0.435042 0.378731
0 0.148513 0.394356 0.148778 0.376936 0.109797 0.376602 0.109533 0.394023
0 0.381206 0.35197 0.384441 0.331777 0.36231 0.329783 0.359074 0.349975
0 0.0385846 0.444907 0.038628 0.430126 0.00274818 0.430066 0.00270471 0.444847
0 0.146788 0.392572 0.146929 0.377697 0.0901441 0.377393 0.0900028 0.392269
0 0.999003 0.867302 0.998823 0.843543 0.965761 0.843684 0.965941 0.867443
0 0.601516 0.335385 0.625894 0.335783 0.626749 0.306293 0.602371 0.305896
0 0.568862 0.300966 0.569144 0.279619 0.530413 0.27933 0.530131 0.300678
0 0.40196 0.265975 0.403835 0.246648 0.371881 0.244904 0.370006 0.264231
0 0.736727 0.197617 0.736736 0.185933 0.715477 0.185925 0.715469 0.197608
0 0.798885 0.265511 0.799647 0.247852 0.768069 0.247085 0.767307 0.264744
0 0.691886 0.295828 0.712042 0.295423 0.710986 0.26585 0.690831 0.266254
0 0.537084 0.344699 0.540918 0.322286 0.503434 0.318679 0.499599 0.341091
0 0.658958 0.324912 0.658432 0.303399 0.628971 0.303804 0.629496 0.325317
0 0.561625 0.358483 0.568001 0.33931 0.546491 0.335286 0.540114 0.354459
0 0.861736 0.479665 0.861854 0.466267 0.832349 0.466121 0.832231 0.479519
0 0.999455 0.0311265 1.00634 0.013021 0.982582 0.00793561 0.975693 0.0260411
0 0.557683 0.364497 0.565486 0.347005 0.543185 0.341409 0.535381 0.358901
0 0.641004 0.324742 0.644164 0.304325 0.613721 0.301675 0.610561 0.322093
0 0.75908 0.267281 0.768053 0.257513 0.751856 0.249144 0.742883 0.258912
0 0.517412 0.305989 0.538933 0.297932 0.523886 0.275325 0.502366 0.283382
0 0.440211 0.365751 0.443307 0.347988 0.423426 0.346039 0.420331 0.363802
0 0.842553 0.244196 0.860907 0.237926 0.84522 0.212098 0.826866 0.218368
0 0.530967 0.329066 0.536883 0.314308 0.501651 0.306363 0.495734 0.32112
