0 0.711803 0.909561 0.71203 0.903094 0.705073 0.902956 0.704846 0.909424
0 0.71109 0.881497 0.711439 0.874853 0.70573 0.874684 0.705381 0.881328
0 0.586167 0.162668 0.586189 0.155217 0.580697 0.155208 0.580675 0.162658
0 0.845748 0.262229 0.845899 0.255825 0.839046 0.255735 0.838896 0.262139
0 0.512706 0.657848 0.512749 0.654189 0.506813 0.65415 0.50677 0.657809
0 0.162354 0.184901 0.162437 0.178791 0.155906 0.178741 0.155823 0.184851
0 0.699823 0.764029 0.699798 0.75619 0.691302 0.756205 0.691326 0.764044
0 0.708826 0.461615 0.708957 0.456143 0.702373 0.456054 0.702241 0.461525
0 0.322997 0.465796 0.322985 0.461498 0.316132 0.461509 0.316144 0.465807
0 0.350278 0.547584 0.350381 0.542824 0.341626 0.542718 0.341523 0.547478
0 0.157489 0.163386 0.157497 0.158645 0.149401 0.158637 0.149393 0.163378
0 0.680448 0.231404 0.680746 0.223955 0.671952 0.223757 0.671654 0.231206
0 0.261017 0.382416 0.261068 0.37838 0.255494 0.37834 0.255443 0.382376
0 0.59274 0.532011 0.59303 0.527044 0.587656 0.526868 0.587366 0.531835
0 0.258796 0.268819 0.259054 0.262553 0.253409 0.262423 0.253151 0.268688
0 0.858336 0.527762 0.858948 0.518557 0.848293 0.518159 0.847681 0.527364
0 0.325156 0.46884 0.325514 0.461573 0.318016 0.461365 0.317658 0.468632
0 0.550416 0.239672 0.55038 0.235643 0.542928 0.23568 0.542965 0.23971
0 0.46608 0.344056 0.466488 0.337244 0.458416 0.336972 0.458007 0.343784
0 0.808074 0.913455 0.808538 0.905997 0.797435 0.90561 0.796971 0.913068
0 0.854709 0.466818 0.854636 0.461167 0.848164 0.461214 0.848237 0.466865
0 0.723618 0.262965 0.72367 0.258073 0.716115 0.258028 0.716063 0.26292
0 0.848987 0.387621 0.849222 0.380716 0.841549 0.380569 0.841314 0.387474
0 0.725434 0.262479 0.725716 0.256213 0.718454 0.256029 0.718171 0.262295
