0 0.664052 0.357023 0.664171 0.352469 0.657714 0.352374 0.657595 0.356928
0 0.769279 0.873853 0.769381 0.867937 0.758148 0.867828 0.758046 0.873744
0 0.908425 0.921354 0.908796 0.91467 0.899764 0.914388 0.899392 0.921072
0 0.295702 0.0486213 0.295805 0.0432363 0.29047 0.0431789 0.290367 0.0485639
0 0.762435 0.926829 0.762799 0.917969 0.755653 0.917804 0.755289 0.926664
0 0.909852 0.133345 0.909971 0.127076 0.903408 0.127006 0.903289 0.133275
0 0.889258 0.0378446 0.889286 0.0315527 0.882735 0.0315365 0.882707 0.0378284
0 0.40848 0.406417 0.408767 0.400108 0.400388 0.399893 0.400101 0.406202
0 0.925942 0.509032 0.926001 0.502207 0.913665 0.502146 0.913606 0.508972
0 0.932261 0.568805 0.932255 0.563232 0.921822 0.563238 0.921828 0.568811
0 0.128015 0.186399 0.128188 0.180483 0.12166 0.180376 0.121488 0.186291
0 0.678308 0.544166 0.678422 0.539698 0.672073 0.539607 0.671959 0.544075
0 0.741652 0.736698 0.741968 0.730285 0.733035 0.730037 0.732719 0.73645
0 0.9204 0.50847 0.920566 0.502925 0.908115 0.502715 0.907949 0.50826
0 0.942324 0.956469 0.942884 0.94929 0.93602 0.948989 0.935461 0.956168
0 0.947187 0.606769 0.94749 0.601147 0.939935 0.600918 0.939632 0.60654
0 0.92548 0.468862 0.925842 0.461697 0.917369 0.461456 0.917006 0.468622
0 0.120928 0.463759 0.120988 0.457407 0.11556 0.457378 0.1155 0.46373
0 0.625289 0.7353 0.625448 0.730393 0.61819 0.73026 0.618032 0.735168
0 0.458834 0.16883 0.459055 0.162731 0.451438 0.162575 0.451216 0.168675
0 0.414121 0.235593 0.414162 0.230944 0.407869 0.230913 0.407828 0.235562
0 0.924757 0.466017 0.924638 0.461328 0.915917 0.461452 0.916036 0.466141
0 0.11416 0.357209 0.114453 0.352528 0.107758 0.352292 0.107466 0.356974
0 0.611072 0.588929 0.611276 0.581259 0.605281 0.581169 0.605077 0.588839
0 0.395315 0.57345 0.395292 0.568466 0.387727 0.568486 0.38775 0.57347
0 0.36897 0.269068 0.369348 0.261149 0.358279 0.260851 0.357901 0.26877
0 0.175011 0.536556 0.175171 0.531041 0.162089 0.530828 0.161929 0.536343
0 0.847752 0.619032 0.848113 0.612475 0.840947 0.612253 0.840586 0.61881
0 0.675356 0.423067 0.675578 0.418465 0.668858 0.418282 0.668636 0.422884
0 0.459626 0.166716 0.459607 0.161981 0.449559 0.162004 0.449578 0.166739
0 0.942406 0.568856 0.942521 0.561629 0.930834 0.561524 0.930718 0.568751
0 0.925012 0.408833 0.925166 0.403867 0.912579 0.403648 0.912425 0.408614
0 0.724246 0.790681 0.724211 0.785915 0.715903 0.785949 0.715938 0.790715
0 0.126466 0.0877224 0.127022 0.0809924 0.120605 0.0806937 0.120048 0.0874238
0 0.542328 0.63576 0.542502 0.630631 0.536237 0.630511 0.536063 0.63564
0 0.627902 0.793975 0.628168 0.788659 0.623323 0.788523 0.623057 0.793838
0 0.580312 0.343994 0.580624 0.338384 0.574375 0.338189 0.574063 0.343799
0 0.299837 0.0733661 0.299918 0.0678212 0.291591 0.0677521 0.291509 0.073297
0 0.919955 0.438465 0.920004 0.434066 0.91287 0.434022 0.912821 0.438421
0 0.93458 0.0975438 0.934643 0.0927833 0.924872 0.0927106 0.924809 0.0974711
0 0.498704 0.446528 0.498798 0.44263 0.491584 0.442532 0.49149 0.446431
0 0.777315 0.981452 0.777882 0.973166 0.772549 0.972961 0.771982 0.981246
0 0.123517 0.0896139 0.123626 0.0845825 0.116194 0.0844917 0.116084 0.089523
0 0.563873 0.234635 0.563986 0.230764 0.558052 0.230667 0.55794 0.234538
0 0.629691 0.237607 0.62995 0.231279 0.624651 0.231157 0.624392 0.237485
0 0.612387 0.668986 0.612939 0.661594 0.608021 0.661387 0.607469 0.668779
0 0.678384 0.978648 0.678884 0.968743 0.671502 0.968533 0.671002 0.978438
0 0.259098 0.731306 0.259343 0.723877 0.253607 0.723771 0.253363 0.7312
0 0.534017 0.0870267 0.53413 0.080942 0.524918 0.0808458 0.524805 0.0869305
0 0.241681 0.107709 0.241996 0.102355 0.232764 0.10205 0.23245 0.107404
0 0.67597 0.681337 0.676567 0.672246 0.670679 0.672029 0.670082 0.681119
0 0.542275 0.0563179 0.542552 0.0487384 0.535584 0.0485952 0.535307 0.0561747
0 0.725313 0.793872 0.725873 0.785878 0.716696 0.785517 0.716136 0.79351
0 0.192267 0.710635 0.192369 0.706039 0.186848 0.70597 0.186746 0.710566
