0 0.264615 0.558129 0.264804 0.552537 0.257149 0.552392 0.25696 0.557984
0 0.631175 0.145408 0.631705 0.137539 0.623885 0.137243 0.623355 0.145112
0 0.580398 0.908104 0.580394 0.902704 0.572768 0.902708 0.572773 0.908108
0 0.810045 0.811365 0.810207 0.805614 0.802729 0.805495 0.802566 0.811246
0 0.722689 0.468698 0.722512 0.461718 0.71224 0.461864 0.712417 0.468845
0 0.72604 0.188029 0.726575 0.180394 0.719102 0.1801 0.718568 0.187735
0 0.156303 0.163472 0.156364 0.156876 0.149109 0.156838 0.149049 0.163435
0 0.809948 0.872428 0.810156 0.86529 0.802925 0.865171 0.802716 0.872309
0 0.0553808 0.266182 0.0553054 0.260959 0.0489693 0.261011 0.0490448 0.266233
0 0.0954839 0.73155 0.0960344 0.721336 0.088818 0.721117 0.0882674 0.731332
0 0.576911 0.146356 0.577337 0.138131 0.57048 0.137931 0.570053 0.146156
0 0.161392 0.133804 0.161429 0.128074 0.155072 0.128051 0.155035 0.133781
0 0.720849 0.469398 0.721103 0.463263 0.707905 0.462956 0.707651 0.469091
0 0.386104 0.762972 0.386041 0.755387 0.379092 0.75542 0.379155 0.763005
0 0.341343 0.590228 0.342032 0.581131 0.333351 0.580762 0.332663 0.589859
0 0.724335 0.188556 0.72453 0.180362 0.716215 0.18025 0.71602 0.188444
0 0.834038 0.15113 0.834698 0.142887 0.824811 0.142442 0.824152 0.150685
0 0.758333 0.122936 0.758532 0.117737 0.74673 0.117482 0.746531 0.122682
0 0.664343 0.169145 0.665046 0.160932 0.657472 0.160567 0.656769 0.16878
0 0.458403 0.756736 0.458814 0.749236 0.446753 0.748865 0.446342 0.756364
0 0.114706 0.159334 0.115089 0.15145 0.106011 0.151203 0.105629 0.159087
0 0.827912 0.868922 0.828351 0.858816 0.821121 0.858639 0.820682 0.868745
0 0.826928 0.865178 0.827547 0.856286 0.820762 0.85602 0.820143 0.864913
0 0.80365 0.438654 0.804183 0.431026 0.79161 0.430532 0.791077 0.43816
0 0.154184 0.787671 0.154316 0.779745 0.148544 0.779691 0.148412 0.787617
0 0.0694257 0.244456 0.0699747 0.236076 0.058513 0.235654 0.0579639 0.244033
0 0.25829 0.149596 0.258901 0.14225 0.249655 0.141817 0.249044 0.149164
0 0.765454 0.872678 0.76569 0.867638 0.757795 0.867431 0.75756 0.87247
0 0.058428 0.268969 0.0590042 0.260436 0.0487416 0.260047 0.0481655 0.268579
0 0.108618 0.169154 0.109136 0.160182 0.100106 0.159888 0.0995875 0.168861
0 0.249864 0.157372 0.250414 0.150234 0.241748 0.149858 0.241198 0.156996
0 0.608581 0.33143 0.609164 0.322855 0.601451 0.32256 0.600868 0.331135
0 0.608444 0.582046 0.609312 0.570602 0.598698 0.57015 0.59783 0.581594
0 0.866912 0.145614 0.86721 0.140119 0.858219 0.139844 0.857921 0.14534
0 0.48697 0.719392 0.48727 0.710357 0.48015 0.710224 0.47985 0.719259
0 0.126179 0.150477 0.126455 0.143554 0.118898 0.143384 0.118622 0.150308
0 0.827637 0.867106 0.827626 0.859585 0.816218 0.859594 0.816229 0.867115
0 0.162334 0.150856 0.162644 0.143569 0.155973 0.14341 0.155663 0.150697
0 0.191757 0.177976 0.192433 0.16869 0.183691 0.168332 0.183015 0.177618
0 0.580113 0.734386 0.580396 0.729745 0.574206 0.729532 0.573922 0.734173
