0 0.383681 0.47213 0.438732 0.470789 0.436393 0.416777 0.381343 0.418118
0 0.334019 0.505476 0.373583 0.505711 0.374244 0.442962 0.33468 0.442728
0 0.575688 0.596118 0.575874 0.560084 0.469043 0.559774 0.468857 0.595808
0 0.456754 0.380636 0.508454 0.380824 0.508943 0.305441 0.457244 0.305252
0 0.585278 0.33621 0.58749 0.292454 0.499549 0.289952 0.497337 0.333708
0 0.655923 0.39983 0.656276 0.369168 0.587485 0.368722 0.587132 0.399384
0 0.985294 0.36909 0.986569 0.297713 0.877854 0.29662 0.876579 0.367997
0 0.11519 0.398599 0.194394 0.398596 0.194387 0.3122 0.115183 0.312204
0 0.406054 0.576589 0.405836 0.530473 0.327184 0.530682 0.327402 0.576798
0 0.442372 0.547777 0.447751 0.503834 0.37261 0.49866 0.367231 0.542603
0 0.961792 0.309309 0.999628 0.309909 1.00112 0.25692 0.963286 0.25632
0 0.838954 0.546394 0.878566 0.547004 0.880285 0.484194 0.840674 0.483584
