0 0.714945 0.182978 0.715479 0.174893 0.707529 0.174598 0.706995 0.182683
0 0.0976576 0.7215 0.0980294 0.713301 0.0893748 0.71308 0.089003 0.72128
0 0.731461 0.109058 0.731688 0.102263 0.723535 0.10211 0.723308 0.108905
0 0.725474 0.464975 0.725311 0.459038 0.713374 0.459223 0.713537 0.46516
0 0.832352 0.864719 0.832739 0.855678 0.824645 0.855483 0.824259 0.864524
0 0.264112 0.146684 0.264356 0.140085 0.257084 0.139933 0.256839 0.146532
0 0.813434 0.810187 0.813659 0.804434 0.807286 0.804293 0.807061 0.810047
0 0.230444 0.147458 0.230603 0.141237 0.224302 0.141146 0.224142 0.147367
0 0.0755758 0.808614 0.0758204 0.803284 0.0682039 0.803088 0.0679593 0.808417
0 0.080674 0.223911 0.0809671 0.216702 0.0742153 0.216548 0.0739222 0.223757
0 0.165054 0.184981 0.165203 0.179413 0.157671 0.179301 0.157523 0.184868
0 0.764112 0.868995 0.764516 0.859235 0.756427 0.859047 0.756023 0.868807
0 0.613259 0.138631 0.613791 0.130092 0.607536 0.129873 0.607004 0.138412
0 0.747783 0.87373 0.747735 0.86673 0.740704 0.866758 0.740752 0.873758
0 0.808399 0.433756 0.808571 0.428015 0.796683 0.427815 0.796511 0.433556
0 0.601707 0.626521 0.602225 0.618271 0.591581 0.617894 0.591062 0.626145
0 0.613012 0.320044 0.613305 0.315188 0.607237 0.314982 0.606945 0.319838
0 0.0699991 0.254366 0.0707229 0.243139 0.0582245 0.242685 0.0575006 0.253912
0 0.67574 0.160207 0.676067 0.154871 0.668823 0.154621 0.668495 0.159957
0 0.764844 0.867401 0.765234 0.856309 0.757815 0.856162 0.757425 0.867254
0 0.163654 0.158154 0.163763 0.153097 0.157245 0.153018 0.157136 0.158075
0 0.566318 0.906451 0.566594 0.89635 0.555736 0.896182 0.555459 0.906284
0 0.269579 0.553571 0.270244 0.544052 0.258189 0.543578 0.257525 0.553097
0 0.176053 0.148205 0.176319 0.142702 0.169402 0.142514 0.169136 0.148017
0 0.118986 0.141538 0.118916 0.136809 0.11088 0.136875 0.110949 0.141605
0 0.726286 0.465847 0.726851 0.456297 0.712828 0.45583 0.712263 0.46538
0 0.668281 0.144159 0.668894 0.134143 0.658209 0.133775 0.657595 0.143791
0 0.102712 0.156623 0.103232 0.14681 0.0912268 0.146452 0.0907064 0.156265
0 0.38693 0.757063 0.387539 0.749185 0.375286 0.748653 0.374678 0.75653
0 0.225105 0.858237 0.22526 0.852794 0.215696 0.852641 0.215541 0.858084
0 0.391616 0.757806 0.392149 0.75037 0.378841 0.749833 0.378308 0.757269
0 0.875325 0.133408 0.875623 0.128189 0.868878 0.127972 0.86858 0.133192
0 0.580623 0.731648 0.581266 0.724295 0.574462 0.72396 0.573818 0.731313
0 0.174962 0.128333 0.17565 0.118665 0.165708 0.118267 0.16502 0.127935
0 0.267424 0.556687 0.268267 0.546058 0.257325 0.54557 0.256482 0.556198
0 0.458184 0.751162 0.458925 0.743366 0.448285 0.742797 0.447544 0.750593
0 0.725579 0.468833 0.726163 0.459467 0.712374 0.458984 0.71179 0.46835
0 0.0743943 0.254357 0.0754349 0.24359 0.0612533 0.242819 0.0602126 0.253585
0 0.115441 0.14416 0.116114 0.136138 0.107812 0.135747 0.107139 0.143768
0 0.125069 0.158039 0.125533 0.150524 0.115228 0.150166 0.114763 0.15768
0 0.341994 0.593931 0.342648 0.583669 0.334874 0.58339 0.33422 0.593652
0 0.171122 0.127234 0.171193 0.12363 0.166248 0.123574 0.166176 0.127179
0 0.341928 0.591131 0.342536 0.581207 0.335635 0.580969 0.335026 0.590893
