0 0.148228 0.210405 0.148472 0.203393 0.141308 0.203252 0.141064 0.210265
0 0.955963 0.590397 0.955881 0.583808 0.949122 0.583855 0.949204 0.590444
0 0.762426 0.944429 0.762981 0.936315 0.756614 0.936071 0.756059 0.944184
0 0.443319 0.411248 0.443313 0.405978 0.43727 0.405982 0.437276 0.411252
0 0.942105 0.976356 0.942722 0.968626 0.935443 0.9683 0.934827 0.976029
0 0.716901 0.374399 0.71706 0.368602 0.708245 0.368466 0.708086 0.374263
0 0.928766 0.431701 0.929008 0.426415 0.922247 0.426241 0.922005 0.431527
0 0.342927 0.068885 0.34327 0.0620412 0.337452 0.0618771 0.337109 0.0687209
0 0.941903 0.581937 0.942142 0.574846 0.931184 0.574638 0.930945 0.581729
0 0.628411 0.756372 0.628618 0.750186 0.622848 0.750078 0.622642 0.756264
0 0.712344 0.574723 0.712576 0.568408 0.707693 0.568307 0.707461 0.574622
0 0.764118 0.874582 0.764326 0.868117 0.757981 0.868002 0.757773 0.874467
0 0.925424 0.152599 0.925891 0.143717 0.916842 0.14345 0.916376 0.152332
0 0.56336 0.0820535 0.563559 0.0773635 0.557902 0.0772284 0.557703 0.0819183
0 0.741785 0.793927 0.74228 0.786715 0.732722 0.786346 0.732227 0.793558
0 0.90836 0.940988 0.909158 0.931153 0.90051 0.930758 0.899712 0.940593
0 0.132845 0.474296 0.133035 0.468181 0.124826 0.468037 0.124635 0.474152
0 0.914517 0.0515031 0.914695 0.0434312 0.908046 0.0433486 0.907868 0.0514206
0 0.216693 0.0605167 0.216747 0.0558986 0.208175 0.0558423 0.208121 0.0604604
0 0.927988 0.543992 0.928372 0.535422 0.920088 0.535213 0.919705 0.543784
0 0.22588 0.53166 0.226078 0.526537 0.22042 0.526414 0.220222 0.531537
0 0.263663 0.722914 0.26368 0.718304 0.257993 0.718292 0.257977 0.722902
0 0.911458 0.456857 0.911699 0.451645 0.904921 0.451469 0.90468 0.456681
0 0.493566 0.18333 0.493719 0.17867 0.488114 0.178567 0.487961 0.183226
0 0.860227 0.24417 0.86046 0.239012 0.8553 0.238881 0.855066 0.244038
0 0.146152 0.115333 0.146618 0.105664 0.140651 0.105503 0.140185 0.115172
0 0.367879 0.562937 0.368136 0.555923 0.358307 0.555721 0.358051 0.562735
0 0.693587 0.84625 0.693869 0.840785 0.687387 0.840597 0.687105 0.846062
0 0.62618 0.371113 0.626272 0.366078 0.62108 0.366024 0.620988 0.371059
0 0.680502 0.9953 0.680781 0.990472 0.673721 0.990242 0.673442 0.99507
0 0.404108 0.337448 0.404405 0.329973 0.391639 0.329688 0.391342 0.337162
0 0.64893 0.611745 0.649077 0.606158 0.641429 0.606044 0.641282 0.611632
0 0.70891 0.468818 0.709227 0.462247 0.703285 0.462086 0.702967 0.468657
0 0.558356 0.646179 0.55853 0.641366 0.549699 0.641186 0.549526 0.646
0 0.164295 0.36109 0.164356 0.355817 0.158101 0.355776 0.15804 0.361049
0 0.71643 0.261391 0.716734 0.255717 0.708296 0.255463 0.707992 0.261137
0 0.941851 0.538133 0.942165 0.530843 0.930479 0.53056 0.930165 0.53785
0 0.331183 0.0863363 0.33147 0.080915 0.324387 0.080704 0.3241 0.0861254
0 0.408083 0.338269 0.408514 0.330858 0.396039 0.33045 0.395607 0.337861
0 0.542116 0.681451 0.542802 0.673748 0.535758 0.673396 0.535072 0.681098
0 0.941695 0.484171 0.941997 0.47733 0.929268 0.477013 0.928966 0.483855
0 0.923503 0.338269 0.923464 0.332467 0.916202 0.332494 0.91624 0.338296
0 0.925599 0.156374 0.925945 0.146826 0.916739 0.146639 0.916394 0.156187
0 0.874933 0.650539 0.875304 0.643403 0.8662 0.643137 0.865829 0.650273
0 0.359826 0.168982 0.36027 0.162416 0.354803 0.162208 0.354358 0.168774
0 0.935871 0.542451 0.936339 0.531251 0.924287 0.530968 0.923818 0.542168
0 0.958751 0.591219 0.959195 0.581187 0.948274 0.580915 0.94783 0.590946
0 0.958499 0.594294 0.958919 0.583949 0.947621 0.583691 0.947201 0.594036
0 0.908474 0.944211 0.909363 0.93291 0.898348 0.932422 0.897459 0.943724
0 0.126546 0.389862 0.12652 0.383702 0.116186 0.383727 0.116212 0.389887
0 0.126137 0.389625 0.126582 0.381232 0.119108 0.381009 0.118663 0.389402
0 0.247067 0.912689 0.247366 0.906189 0.241249 0.906031 0.24095 0.912531
0 0.150105 0.114363 0.150199 0.10941 0.140811 0.109309 0.140717 0.114262
