0 0.295312 0.325243 0.308242 0.325473 0.308547 0.295038 0.295617 0.294808
0 0.674952 0.597088 0.691741 0.597312 0.691969 0.567055 0.675179 0.56683
0 0.837179 0.834034 0.858845 0.833815 0.858633 0.796571 0.836967 0.79679
0 0.578748 0.220586 0.593611 0.220663 0.593715 0.185324 0.578852 0.185247
0 0.825305 0.874878 0.825596 0.848861 0.793271 0.848221 0.792981 0.874237
0 0.41585 0.127683 0.431121 0.126066 0.429618 0.100823 0.414347 0.10244
0 0.37357 0.246545 0.386263 0.246846 0.386747 0.210496 0.374054 0.210196
0 0.478525 0.526424 0.478289 0.508066 0.456405 0.508566 0.456641 0.526924
0 0.601046 0.994421 0.60099 0.976221 0.583441 0.976315 0.583497 0.994516
0 0.642132 0.237896 0.642574 0.214906 0.622625 0.214224 0.622183 0.237214
0 0.415247 0.920572 0.425389 0.917223 0.422382 0.901033 0.41224 0.904382
