0 0.558468 0.412791 0.581103 0.413 0.581385 0.358432 0.558751 0.358223
0 0.455581 0.333961 0.478106 0.333638 0.4777 0.283326 0.455175 0.283649
0 0.814834 0.428414 0.849546 0.430357 0.85123 0.376889 0.816518 0.374946
0 0.789392 0.334518 0.790805 0.292592 0.739807 0.289537 0.738395 0.331464
0 0.383167 0.589385 0.383318 0.543831 0.342903 0.543593 0.342752 0.589146
0 0.445074 0.369205 0.445565 0.339805 0.40495 0.338598 0.404459 0.367999
0 0.332414 0.545134 0.354834 0.54531 0.355077 0.490286 0.332657 0.49011
0 0.63092 0.797082 0.629681 0.753001 0.579045 0.755532 0.580284 0.799613
0 0.248049 0.67837 0.27534 0.678941 0.276202 0.605715 0.248911 0.605144
0 0.201562 0.331597 0.223599 0.330922 0.222979 0.294959 0.200942 0.295635
0 0.279354 0.566839 0.301608 0.566478 0.301183 0.519897 0.278929 0.520258
0 0.235343 0.612485 0.260036 0.612827 0.260362 0.571097 0.235669 0.570754
0 0.930503 0.29319 0.930017 0.261846 0.886416 0.263046 0.886902 0.29439
0 0.131257 0.704184 0.153217 0.704056 0.153011 0.641319 0.131051 0.641447
0 0.274039 0.518041 0.293728 0.517951 0.29362 0.475843 0.273931 0.475933
0 0.96274 0.243362 0.961416 0.211302 0.927141 0.213819 0.928465 0.245878
0 0.750917 0.149077 0.751236 0.112818 0.720008 0.112329 0.719689 0.148588
0 0.187324 0.564596 0.210919 0.553521 0.202282 0.520812 0.178687 0.531888
0 0.405856 0.530031 0.406051 0.502367 0.373571 0.50196 0.373376 0.529624
0 0.286475 0.326641 0.307106 0.326907 0.307334 0.295527 0.286702 0.295262
0 0.257458 0.822444 0.257573 0.794637 0.231302 0.794444 0.231187 0.822251
0 0.179028 0.874489 0.17828 0.848615 0.151921 0.849968 0.152669 0.875843
0 0.171195 0.924785 0.193245 0.923407 0.192157 0.892459 0.170107 0.893837
0 0.428483 0.302915 0.428346 0.283748 0.401061 0.284096 0.401198 0.303263
0 0.33923 0.196826 0.339284 0.168621 0.311492 0.168526 0.311439 0.196732
0 0.212543 0.999635 0.212545 0.989053 0.184584 0.989044 0.184582 0.999625
0 0.74603 0.782119 0.74621 0.754149 0.714876 0.753791 0.714696 0.781761
0 0.632733 0.550067 0.651437 0.550607 0.652223 0.50214 0.633519 0.501601
