0 0.491837 0.178031 0.517395 0.17834 0.517868 0.156358 0.49231 0.156049
0 0.50799 0.26628 0.5306 0.266708 0.531507 0.239741 0.508896 0.239313
0 0.624835 0.786468 0.660543 0.787446 0.66228 0.751768 0.626572 0.75079
0 0.331241 0.286796 0.357068 0.287315 0.358163 0.256665 0.332336 0.256146
0 0.571605 0.320857 0.595607 0.320899 0.595706 0.288918 0.571705 0.288876
0 0.5594 0.568129 0.559157 0.554002 0.522739 0.554354 0.522982 0.568481
0 0.0887408 0.65238 0.121134 0.652812 0.121957 0.618094 0.0895639 0.617662
0 0.458455 0.43913 0.458868 0.421259 0.424897 0.420817 0.424484 0.438688
0 0.60693 0.561739 0.607738 0.536073 0.564108 0.5353 0.5633 0.560967
0 0.272224 0.553327 0.272072 0.539087 0.248174 0.539231 0.248326 0.553471
0 0.44876 0.345292 0.474601 0.345244 0.474485 0.309841 0.448644 0.309888
0 0.592713 0.51647 0.593324 0.495812 0.56777 0.495387 0.567159 0.516045
0 0.609733 0.603763 0.609449 0.589155 0.572635 0.589559 0.572919 0.604167
0 0.544468 0.432134 0.563112 0.432203 0.563264 0.408845 0.544621 0.408777
0 0.318648 0.397367 0.319089 0.380626 0.280888 0.380061 0.280448 0.396802
0 0.674288 0.371515 0.673682 0.354524 0.626365 0.355474 0.626971 0.372464
0 0.604648 0.982747 0.605951 0.961498 0.569187 0.96023 0.567884 0.981479
0 0.700285 0.498647 0.744119 0.486379 0.726251 0.450468 0.682417 0.462735
0 0.50636 0.445653 0.528726 0.445248 0.527959 0.421442 0.505593 0.421847
0 0.455281 0.560649 0.455265 0.544785 0.416499 0.544807 0.416515 0.560671
0 0.665728 0.335553 0.665602 0.321476 0.636294 0.321623 0.63642 0.3357
0 0.614496 0.722377 0.613336 0.695516 0.561817 0.696768 0.562977 0.723628
0 0.417033 0.16763 0.438489 0.167242 0.437907 0.149159 0.416451 0.149547
0 0.669228 0.474821 0.68908 0.474877 0.689264 0.438518 0.669412 0.438462
0 0.636515 0.687381 0.636489 0.67322 0.603329 0.673255 0.603355 0.687416
0 0.628626 0.960382 0.629724 0.935291 0.584135 0.934169 0.583037 0.95926
0 0.434329 0.351673 0.435267 0.334012 0.410364 0.333268 0.409427 0.350929
0 0.25898 0.608051 0.259398 0.594745 0.232378 0.594268 0.231961 0.607575
0 0.633111 0.963975 0.652197 0.94044 0.602639 0.917834 0.583553 0.941369
0 0.317201 0.605637 0.33237 0.605699 0.332563 0.5792 0.317394 0.579138
