0 0.646582 0.878572 0.647025 0.867348 0.639854 0.867189 0.639411 0.878412
0 0.27528 0.698367 0.275504 0.691874 0.265207 0.691674 0.264982 0.698167
0 0.841607 0.811309 0.842221 0.802922 0.830177 0.802426 0.829564 0.810813
0 0.249329 0.806195 0.249517 0.788502 0.237883 0.788433 0.237695 0.806125
0 0.251292 0.808749 0.252212 0.795599 0.240143 0.795125 0.239224 0.808275
0 0.652823 0.224695 0.653048 0.216463 0.641497 0.216285 0.641272 0.224517
0 0.775631 0.834212 0.775754 0.82761 0.762015 0.827466 0.761892 0.834068
0 0.321935 0.86326 0.322177 0.854175 0.314053 0.854053 0.31381 0.863138
0 0.408572 0.894522 0.408983 0.887626 0.397607 0.887245 0.397196 0.894141
0 0.977612 0.626659 0.977874 0.618667 0.969313 0.618509 0.969051 0.626501
0 0.448222 0.557509 0.448547 0.552089 0.441466 0.551851 0.441142 0.55727
0 0.404344 0.894393 0.404807 0.88711 0.391576 0.886637 0.391113 0.89392
0 0.743177 0.714648 0.743576 0.706218 0.736857 0.706039 0.736457 0.714469
0 0.758688 0.735386 0.758926 0.730106 0.75202 0.729931 0.751783 0.735212
0 0.542814 0.95931 0.543343 0.950487 0.53005 0.950038 0.52952 0.958861
0 0.854365 0.745318 0.854285 0.737091 0.847949 0.737125 0.848029 0.745353
0 0.773475 0.834883 0.773714 0.829225 0.758262 0.828858 0.758024 0.834516
0 0.860322 0.383414 0.860539 0.377889 0.852814 0.377718 0.852596 0.383243
