0 0.796595 0.810314 0.796823 0.803194 0.78863 0.803046 0.788401 0.810166
0 0.965547 0.858043 0.965939 0.852572 0.957884 0.852248 0.957492 0.857719
0 0.175628 0.81045 0.17574 0.805091 0.164663 0.804961 0.164551 0.81032
0 0.325572 0.423104 0.325779 0.417864 0.316645 0.417661 0.316438 0.422901
0 0.228176 0.864009 0.22841 0.856229 0.220704 0.856099 0.22047 0.863879
0 0.911767 0.646482 0.911952 0.639756 0.905296 0.639653 0.905111 0.646379
0 0.558692 0.895664 0.558727 0.890798 0.551366 0.890768 0.551331 0.895634
0 0.88017 0.382747 0.880342 0.377838 0.872937 0.377691 0.872764 0.3826
0 0.862425 0.10788 0.862828 0.100883 0.855684 0.100651 0.855281 0.107648
0 0.903848 0.475823 0.903917 0.468291 0.890992 0.468224 0.890923 0.475757
0 0.902176 0.873484 0.902371 0.867599 0.891524 0.867396 0.891329 0.873281
0 0.891944 0.45664 0.892208 0.450364 0.884036 0.450171 0.883772 0.456447
0 0.195721 0.313987 0.195916 0.30616 0.190297 0.306081 0.190102 0.313908
0 0.895383 0.50998 0.895516 0.505009 0.888938 0.50491 0.888804 0.50988
0 0.284558 0.585446 0.284772 0.580454 0.274889 0.580217 0.274676 0.585208
0 0.441704 0.448571 0.441907 0.443155 0.428737 0.442878 0.428534 0.448294
0 0.579444 0.298626 0.579784 0.292971 0.574115 0.292779 0.573774 0.298434
0 0.275392 0.433387 0.275698 0.427701 0.268019 0.427469 0.267714 0.433155
0 0.875009 0.260143 0.875585 0.254517 0.867722 0.254064 0.867146 0.259691
0 0.228605 0.863352 0.228632 0.857116 0.216312 0.857087 0.216286 0.863323
0 0.535303 0.338592 0.535791 0.331497 0.524926 0.331076 0.524438 0.338171
0 0.842366 0.327254 0.842823 0.318748 0.830315 0.31837 0.829858 0.326876
0 0.746738 0.73479 0.747086 0.729892 0.740878 0.729644 0.740529 0.734542
0 0.594726 0.46316 0.595126 0.456278 0.589475 0.456093 0.589074 0.462975
0 0.627516 0.233347 0.628084 0.225254 0.621495 0.224994 0.620927 0.233087
0 0.88844 0.392313 0.888414 0.386066 0.881342 0.386082 0.881368 0.392329
0 0.313147 0.916929 0.313531 0.906249 0.307008 0.906117 0.306624 0.916797
0 0.619445 0.275888 0.619713 0.267732 0.608239 0.26752 0.607971 0.275676
0 0.596974 0.260238 0.59723 0.255292 0.590598 0.255098 0.590342 0.260045
0 0.814331 0.126939 0.814614 0.118299 0.807952 0.118176 0.807669 0.126816
0 0.741877 0.0566358 0.742125 0.0491711 0.732737 0.0489959 0.732489 0.0564606
0 0.163198 0.767344 0.163623 0.756069 0.155939 0.755906 0.155513 0.767181
0 0.649735 0.094896 0.650161 0.0892111 0.641672 0.0888535 0.641246 0.0945384
0 0.284754 0.587649 0.284829 0.579958 0.278303 0.579921 0.278227 0.587613
0 0.819575 0.0745752 0.819714 0.0680387 0.808277 0.0679018 0.808138 0.0744383
0 0.808661 0.869357 0.808955 0.862609 0.801647 0.86243 0.801352 0.869178
0 0.242169 0.147553 0.242437 0.142453 0.235905 0.142259 0.235637 0.147359
0 0.183241 0.481957 0.183613 0.475858 0.174689 0.475552 0.174317 0.481651
0 0.75853 0.147656 0.758891 0.142012 0.75176 0.141756 0.751399 0.1474
0 0.892224 0.281801 0.892553 0.275815 0.884942 0.275579 0.884613 0.281566
0 0.908552 0.474927 0.90869 0.468226 0.895172 0.468069 0.895035 0.47477
0 0.162498 0.861827 0.163066 0.85586 0.156586 0.855513 0.156018 0.86148
0 0.880069 0.311434 0.88024 0.305838 0.873747 0.305726 0.873576 0.311323
0 0.837775 0.326384 0.837837 0.322081 0.832621 0.322038 0.832559 0.326341
0 0.196771 0.269111 0.197364 0.261489 0.190259 0.261178 0.189666 0.2688
0 0.891748 0.346647 0.891903 0.341013 0.881193 0.340848 0.881038 0.346482
0 0.31694 0.915142 0.316959 0.909337 0.306636 0.909318 0.306617 0.915123
0 0.393288 0.823644 0.393452 0.818209 0.386617 0.818094 0.386453 0.823528
0 0.842727 0.0818354 0.843051 0.0765365 0.836494 0.0763113 0.83617 0.0816101
0 0.876905 0.351262 0.87729 0.343208 0.867072 0.342933 0.866687 0.350988
0 0.865749 0.220118 0.866259 0.21372 0.858442 0.213369 0.857931 0.219767
0 0.489912 0.516733 0.489864 0.511716 0.482519 0.511755 0.482567 0.516772
0 0.303738 0.16133 0.304091 0.154889 0.291677 0.154505 0.291324 0.160947
0 0.491853 0.518936 0.492334 0.512214 0.48343 0.511855 0.482949 0.518578
0 0.16721 0.769096 0.16766 0.758767 0.157574 0.75852 0.157125 0.768849
0 0.902549 0.40693 0.903493 0.397905 0.8914 0.397194 0.890456 0.406219
