0 0.408745 0.748371 0.409131 0.741257 0.399631 0.740967 0.399246 0.748082
0 0.74433 0.183272 0.744972 0.173321 0.737017 0.173032 0.736375 0.182983
0 0.109096 0.712828 0.110077 0.701639 0.0995332 0.70112 0.0985527 0.712309
0 0.131128 0.851067 0.131508 0.842523 0.123935 0.842334 0.123555 0.850877
0 0.127324 0.124778 0.127411 0.115801 0.118406 0.115752 0.118319 0.124729
0 0.128571 0.100993 0.128773 0.0937077 0.121442 0.0935936 0.12124 0.100879
0 0.768879 0.443978 0.769111 0.43594 0.75498 0.435712 0.754749 0.44375
0 0.862958 0.869202 0.863036 0.862367 0.853392 0.862306 0.853314 0.86914
0 0.19917 0.119529 0.199503 0.11293 0.190851 0.112685 0.190518 0.119284
0 0.748369 0.873177 0.748608 0.867855 0.741223 0.867668 0.740984 0.87299
0 0.430869 0.898596 0.431054 0.892751 0.42368 0.892619 0.423494 0.898464
0 0.479062 0.744198 0.47939 0.736304 0.471788 0.736126 0.47146 0.74402
0 0.72938 0.0790832 0.730029 0.0680895 0.722592 0.0678424 0.721943 0.078836
0 0.880768 0.868923 0.88097 0.861283 0.87293 0.861164 0.872728 0.868804
0 0.658701 0.0463153 0.659021 0.0399295 0.651519 0.0397185 0.6512 0.0461043
0 0.156191 0.11612 0.156115 0.110552 0.148861 0.110608 0.148938 0.116176
0 0.258969 0.0849273 0.25918 0.0787847 0.251607 0.0786385 0.251397 0.084781
0 0.577269 0.0566517 0.577349 0.0507981 0.568832 0.0507322 0.568752 0.0565858
0 0.00871716 0.132588 0.00921367 0.125827 0.00116998 0.125495 0.000673466 0.132256
0 0.841473 0.0662041 0.842248 0.0559018 0.831922 0.0554648 0.831147 0.0657672
0 0.509365 0.732553 0.509741 0.72595 0.495139 0.725483 0.494763 0.732085
0 0.158493 0.119062 0.158958 0.109856 0.148848 0.109568 0.148382 0.118774
0 0.220106 0.110608 0.220372 0.104501 0.208113 0.104202 0.207847 0.110308
0 0.219203 0.112683 0.219473 0.10168 0.211661 0.101572 0.211391 0.112575
0 0.861067 0.406819 0.861232 0.401207 0.852273 0.401059 0.852107 0.40667
0 0.531834 0.49103 0.532298 0.481206 0.524752 0.481006 0.524288 0.49083
0 0.132073 0.158147 0.132503 0.153002 0.124724 0.152637 0.124295 0.157781
0 0.0360849 0.291515 0.0365353 0.281344 0.0248891 0.281054 0.0244386 0.291225
0 0.0752416 0.128677 0.075706 0.118739 0.0605688 0.118341 0.0601044 0.128279
0 0.291573 0.533589 0.292112 0.526111 0.281118 0.525665 0.280579 0.533143
0 0.81167 0.128417 0.812249 0.118811 0.804805 0.118559 0.804227 0.128165
0 0.170487 0.786384 0.170756 0.780307 0.158278 0.779996 0.158008 0.786073
0 0.810973 0.131434 0.811714 0.120739 0.804549 0.120459 0.803808 0.131155
0 0.0467925 0.297817 0.0470026 0.291839 0.0391348 0.291684 0.0389248 0.297662
0 0.75844 0.0317063 0.75901 0.0207649 0.747962 0.0204412 0.747392 0.0313825
0 0.777113 0.601637 0.777647 0.593804 0.771524 0.593569 0.770989 0.601402
