0 0.641814 0.130814 0.642971 0.113447 0.608989 0.112173 0.607831 0.12954
0 0.338813 0.392892 0.341521 0.373502 0.308107 0.370877 0.3054 0.390267
0 0.94374 0.416167 0.943424 0.396182 0.885954 0.396693 0.88627 0.416678
0 0.678572 0.451723 0.703391 0.45152 0.703048 0.428014 0.678229 0.428218
0 0.0524608 0.518301 0.052473 0.498944 0.0192533 0.498932 0.019241 0.518289
0 0.47263 0.299784 0.472319 0.285572 0.439569 0.285975 0.43988 0.300188
0 0.319417 0.414204 0.322705 0.397606 0.291504 0.394129 0.288216 0.410727
0 0.473592 0.478405 0.474611 0.458693 0.44721 0.457896 0.446191 0.477608
0 0.722115 0.70271 0.722455 0.678987 0.662906 0.678507 0.662566 0.70223
0 0.461741 0.347194 0.480833 0.347312 0.481113 0.321857 0.462021 0.321739
0 0.492019 0.310527 0.514394 0.310295 0.513865 0.281559 0.491489 0.281791
0 0.335213 0.956832 0.377794 0.956287 0.37703 0.922669 0.334449 0.923213
0 0.684266 0.0981652 0.704991 0.0978593 0.704354 0.073551 0.683628 0.0738569
0 0.383682 0.410038 0.384566 0.392058 0.353171 0.39119 0.352287 0.40917
0 0.64809 0.535406 0.677316 0.534835 0.676453 0.50996 0.647227 0.510531
0 0.950872 0.992491 0.950965 0.968776 0.900316 0.968665 0.900223 0.99238
0 0.0387353 0.610209 0.0390354 0.595874 0.00540264 0.595478 0.00510254 0.609813
0 0.616166 0.585884 0.634563 0.586117 0.635182 0.558678 0.616785 0.558445
0 0.334757 0.676296 0.335004 0.657741 0.292889 0.657425 0.292642 0.675981
0 0.338192 0.766943 0.367627 0.766575 0.36694 0.735655 0.337506 0.736023
0 0.233517 0.455417 0.23305 0.43941 0.198687 0.439975 0.199154 0.455982
0 0.25571 0.257393 0.285779 0.256153 0.284018 0.232131 0.253949 0.233371
0 0.665975 0.0676919 0.684439 0.0675523 0.684073 0.0403284 0.665609 0.040468
0 0.288954 0.360969 0.316595 0.361186 0.317003 0.331919 0.289362 0.331702
0 0.48899 0.558778 0.523193 0.558256 0.522363 0.527681 0.488161 0.528203
0 0.364516 0.452264 0.364532 0.437047 0.323423 0.437023 0.323407 0.45224
0 0.58693 0.547689 0.614108 0.546892 0.612256 0.511362 0.585077 0.51216
0 0.496722 0.967148 0.51878 0.967438 0.51942 0.940093 0.497362 0.939802
0 0.666549 0.155835 0.68628 0.155525 0.685711 0.13519 0.665981 0.1355
0 0.89159 0.203588 0.925477 0.200898 0.921758 0.174547 0.887871 0.177237
0 0.64618 0.773347 0.670595 0.773305 0.670496 0.741387 0.646081 0.74143
0 0.776485 0.574858 0.776966 0.551278 0.730654 0.550747 0.730173 0.574326
0 0.757054 0.111042 0.756922 0.0955328 0.717473 0.0957215 0.717605 0.11123
0 0.365056 0.593693 0.366276 0.568907 0.332595 0.567975 0.331375 0.592761
0 0.46305 0.171308 0.493059 0.171273 0.493 0.142564 0.462991 0.142598
0 0.513912 0.248655 0.534208 0.248529 0.53391 0.221372 0.513614 0.221497
0 0.41692 0.349178 0.417289 0.336382 0.379385 0.335768 0.379017 0.348564
0 0.574702 0.394471 0.60395 0.392864 0.601473 0.367505 0.572224 0.369112
0 0.116138 0.619093 0.142747 0.618942 0.142505 0.594867 0.115896 0.595018
0 0.731998 0.223919 0.732212 0.204793 0.703169 0.204611 0.702955 0.223736
0 0.293679 0.433112 0.296395 0.412729 0.26448 0.410337 0.261764 0.43072
0 0.741806 0.171829 0.742146 0.148751 0.71391 0.148517 0.713569 0.171595
0 0.870905 0.0522108 0.870508 0.0320528 0.823994 0.0325681 0.824391 0.0527261
0 0.099543 0.543211 0.0996397 0.526348 0.0530793 0.526197 0.0529826 0.543061
0 0.816778 0.0422672 0.817485 0.0259237 0.795231 0.0253823 0.794524 0.0417258
0 0.165425 0.475128 0.165037 0.452406 0.119208 0.452847 0.119597 0.475569
0 0.596079 0.133352 0.597017 0.110658 0.564207 0.109896 0.56327 0.132589
0 0.229601 0.341357 0.229577 0.321977 0.202057 0.321996 0.202081 0.341376
0 0.566267 0.21294 0.588472 0.212369 0.587031 0.180874 0.564826 0.181446
0 0.585927 0.480413 0.586613 0.45868 0.547515 0.457986 0.546829 0.479719
0 0.480186 0.41833 0.480789 0.401732 0.444482 0.40099 0.443879 0.417589
0 0.785084 0.0317625 0.789096 0.0107575 0.762011 0.00784755 0.757999 0.0288525
0 0.53233 0.199209 0.533876 0.184173 0.511025 0.182851 0.509479 0.197887
0 0.485212 0.27209 0.486317 0.255727 0.457641 0.254637 0.456536 0.271
0 0.40287 0.245924 0.402976 0.232008 0.362383 0.231834 0.362276 0.24575
0 0.416929 0.284058 0.41754 0.270774 0.402934 0.270396 0.402323 0.28368
0 0.422118 0.389745 0.443904 0.389869 0.44417 0.363612 0.422384 0.363488
0 0.746962 0.197757 0.747833 0.181889 0.722659 0.181113 0.721788 0.196981
0 0.410416 0.311949 0.411197 0.298226 0.387213 0.297458 0.386432 0.311181
0 0.370393 0.220769 0.370394 0.205336 0.340033 0.205334 0.340031 0.220768
0 0.367604 0.341529 0.377541 0.329098 0.357496 0.320084 0.347558 0.332516
0 0.591851 0.21315 0.62731 0.209914 0.621985 0.177103 0.586527 0.18034
0 0.43575 0.433609 0.455218 0.432345 0.452665 0.410224 0.433197 0.411488
0 0.349138 0.352852 0.353118 0.333586 0.333555 0.331313 0.329575 0.350579
0 0.505432 0.240196 0.506393 0.228362 0.487291 0.22749 0.486331 0.239324
0 0.183867 0.934189 0.189236 0.916685 0.163931 0.91232 0.158563 0.929824
0 0.413297 0.372992 0.417865 0.356988 0.39372 0.35311 0.389151 0.369114
0 0.62715 0.218785 0.632251 0.196239 0.589987 0.19086 0.584886 0.213406
0 0.443167 0.336267 0.447954 0.316702 0.427934 0.313947 0.423146 0.333512
0 0.850987 0.00882008 0.85099 -0.000285575 0.826015 -0.000290192 0.826012 0.00881547
0 0.527992 0.359609 0.52823 0.34703 0.509888 0.346834 0.509649 0.359414
0 0.486748 0.248851 0.486984 0.236644 0.466426 0.23642 0.46619 0.248628
0 0.428244 0.30536 0.428191 0.289328 0.412786 0.289357 0.412839 0.305389
0 0.43064 0.31244 0.430057 0.295245 0.415144 0.295529 0.415727 0.312724
0 0.364061 0.348368 0.369765 0.33372 0.34683 0.328696 0.341125 0.343344
0 0.494167 0.263005 0.495162 0.250535 0.473079 0.249544 0.472085 0.262014
0 0.495315 0.245873 0.495906 0.232767 0.470186 0.232115 0.469595 0.24522
