0 0.726043 0.258032 0.757573 0.25907 0.759511 0.225968 0.727981 0.224929
0 0.964199 0.253659 0.985939 0.25395 0.986496 0.230598 0.964755 0.230307
0 0.158077 0.33101 0.180441 0.330994 0.180407 0.30512 0.158043 0.305136
0 0.0932228 0.487043 0.117367 0.487003 0.117266 0.452298 0.0931222 0.452337
0 0.820939 0.205204 0.821511 0.179023 0.778601 0.178495 0.778029 0.204677
0 0.170213 0.161024 0.191846 0.16093 0.191601 0.129059 0.169967 0.129152
0 0.400808 0.235649 0.419073 0.235875 0.419588 0.212515 0.401324 0.212288
0 0.333086 0.960833 0.37178 0.961704 0.373089 0.929011 0.334395 0.928139
0 0.878521 0.135815 0.904626 0.135955 0.904899 0.107395 0.878794 0.107255
0 0.308573 0.290129 0.341915 0.289019 0.339248 0.243982 0.305906 0.245093
0 0.0949706 0.859742 0.109627 0.859636 0.10935 0.838026 0.0946941 0.838131
0 0.190693 0.884128 0.210632 0.884256 0.211015 0.850631 0.191076 0.850503
0 0.278001 0.281337 0.302073 0.281106 0.301415 0.242479 0.277343 0.242709
0 0.207521 0.221689 0.20732 0.202493 0.168229 0.202722 0.168429 0.221918
0 0.853045 0.243405 0.867643 0.243716 0.868392 0.223964 0.853794 0.223653
0 0.634899 0.210688 0.634688 0.191988 0.603464 0.192186 0.603674 0.210885
0 0.0950711 0.641043 0.0947278 0.628835 0.0725813 0.629185 0.0729246 0.641393
0 0.175201 0.363502 0.194769 0.363427 0.194623 0.342132 0.175055 0.342207
0 0.317233 0.497494 0.330458 0.497249 0.329947 0.481747 0.316722 0.481992
0 0.955935 0.812798 0.956109 0.805238 0.949283 0.80515 0.949109 0.81271
0 0.958281 0.810926 0.958571 0.805682 0.950096 0.805419 0.949806 0.810663
0 0.110572 0.268447 0.130544 0.268179 0.130149 0.251608 0.110177 0.251876
