0 0.913525 0.549193 0.913665 0.542274 0.9071 0.5422 0.90696 0.549118
0 0.908504 0.481991 0.908725 0.476138 0.899516 0.475942 0.899295 0.481796
0 0.958445 0.856754 0.958884 0.850111 0.949963 0.849779 0.949524 0.856422
0 0.84735 0.212583 0.847529 0.205855 0.841266 0.205761 0.841087 0.212489
0 0.925069 0.835366 0.925459 0.829093 0.916832 0.828791 0.916441 0.835064
0 0.829113 0.844499 0.829555 0.838534 0.823253 0.838271 0.82281 0.844236
0 0.823931 0.814728 0.824035 0.807304 0.816251 0.807243 0.816147 0.814667
0 0.922044 0.837841 0.922204 0.827049 0.914793 0.826987 0.914633 0.837779
0 0.275006 0.0840192 0.27518 0.0788372 0.265385 0.0786517 0.265211 0.0838337
0 0.910357 0.531549 0.910462 0.525653 0.904407 0.525593 0.904302 0.531489
0 0.608445 0.123609 0.608674 0.117791 0.599968 0.117598 0.599738 0.123416
0 0.499939 0.25758 0.500074 0.252836 0.491615 0.2527 0.49148 0.257444
0 0.776114 0.418843 0.776585 0.409514 0.769744 0.409319 0.769273 0.418648
0 0.756818 0.542156 0.756783 0.536536 0.749463 0.536562 0.749499 0.542182
0 0.453443 0.44753 0.453462 0.443296 0.441596 0.443265 0.441576 0.447499
0 0.776958 0.415887 0.777488 0.406304 0.770631 0.406091 0.770101 0.415674
0 0.40307 0.373605 0.40319 0.368253 0.391603 0.368107 0.391483 0.373459
0 0.345388 0.182024 0.345556 0.178121 0.340905 0.178008 0.340737 0.181911
0 0.531056 0.165269 0.531188 0.15624 0.524772 0.156187 0.524641 0.165217
0 0.625802 0.744184 0.626199 0.737911 0.619487 0.737672 0.61909 0.743945
0 0.219235 0.112599 0.219381 0.103141 0.212079 0.103078 0.211932 0.112536
0 0.220724 0.109712 0.220812 0.103933 0.208114 0.103824 0.208026 0.109604
