0 0.814616 0.702264 0.841677 0.701815 0.840633 0.66637 0.813572 0.666818
0 0.488573 0.353085 0.487898 0.333083 0.437084 0.334047 0.437759 0.35405
0 0.401312 0.522406 0.425223 0.521897 0.424125 0.492845 0.400214 0.493354
0 0.376183 0.935133 0.375749 0.92067 0.342102 0.921239 0.342536 0.935701
0 0.699428 0.0865548 0.723729 0.0864338 0.723433 0.0530278 0.699132 0.0531488
0 0.622321 0.374353 0.648169 0.374564 0.648509 0.351087 0.622661 0.350876
0 0.130558 0.605991 0.156088 0.606372 0.157067 0.569521 0.131537 0.56914
0 0.753991 0.663032 0.755791 0.644242 0.731585 0.642937 0.729785 0.661727
0 0.490665 0.666222 0.521752 0.663868 0.518101 0.636751 0.487014 0.639105
0 0.618476 0.662673 0.618758 0.64872 0.574282 0.648214 0.574 0.662167
0 0.528259 0.282589 0.544744 0.272359 0.530592 0.259532 0.514107 0.269763
0 0.00277949 0.895999 0.0240696 0.896318 0.0249249 0.864186 0.00363478 0.863868
0 0.277879 0.894461 0.278246 0.878684 0.248071 0.878289 0.247704 0.894066
0 0.508677 0.793085 0.527424 0.792762 0.526881 0.775043 0.508133 0.775367
0 0.598162 0.763241 0.599421 0.746602 0.578983 0.745732 0.577724 0.762371
0 0.884749 0.915812 0.928295 0.916176 0.928831 0.880046 0.885285 0.879682
0 0.872366 0.911274 0.919703 0.91197 0.920928 0.865121 0.873591 0.864425
0 0.89993 0.791089 0.914176 0.791139 0.914344 0.764494 0.900098 0.764443
0 0.197891 0.601099 0.215439 0.594879 0.206588 0.580832 0.189039 0.587053
0 0.465162 0.0944028 0.465823 0.0863208 0.456852 0.0859086 0.456192 0.0939906
0 0.599101 0.682586 0.599491 0.667926 0.574166 0.667547 0.573776 0.682208
0 0.63442 0.654399 0.650312 0.651453 0.645842 0.637889 0.62995 0.640835
0 0.146336 0.0943244 0.146589 0.0882018 0.13902 0.0880261 0.138767 0.0941487
