0 0.266475 0.475172 0.267986 0.456914 0.241439 0.455679 0.239928 0.473937
0 0.584892 0.258864 0.589615 0.235242 0.561408 0.23207 0.556685 0.255692
0 0.684475 0.484929 0.708206 0.484644 0.707609 0.456643 0.683879 0.456927
0 0.437624 0.402369 0.474631 0.401025 0.472474 0.367619 0.435466 0.368964
0 0.897125 0.0796581 0.926307 0.0797159 0.926455 0.0374306 0.897274 0.0373729
0 0.333816 0.457692 0.334618 0.438063 0.296532 0.437188 0.295731 0.456817
0 0.37765 0.489593 0.377494 0.472022 0.341867 0.4722 0.342023 0.489771
0 0.183443 0.584592 0.209649 0.583734 0.208035 0.555986 0.181829 0.556844
0 0.557938 0.697035 0.59452 0.696829 0.594086 0.653529 0.557504 0.653735
0 0.322846 0.63065 0.348122 0.630592 0.347951 0.588136 0.322674 0.588193
0 0.418552 0.649202 0.419082 0.627939 0.377696 0.627359 0.377166 0.648621
0 0.685081 0.611213 0.705073 0.610992 0.704379 0.575643 0.684387 0.575864
0 0.556633 0.30864 0.578403 0.307867 0.576379 0.275828 0.554609 0.276602
0 0.500529 0.454982 0.526001 0.454457 0.524555 0.415042 0.499083 0.415568
0 0.272718 0.516032 0.272581 0.496745 0.218942 0.49696 0.21908 0.516247
0 0.0884226 0.645077 0.12485 0.641976 0.120228 0.61144 0.0838014 0.614541
0 0.201754 0.297379 0.201377 0.275749 0.165669 0.276099 0.166046 0.297729
0 0.080768 0.599405 0.0823008 0.580113 0.0428132 0.578349 0.0412803 0.59764
0 0.540849 0.764651 0.566496 0.764351 0.565572 0.72 0.539925 0.7203
0 0.234811 0.573923 0.260508 0.573362 0.259367 0.543939 0.23367 0.5445
0 0.823974 0.504988 0.855884 0.504616 0.855336 0.478214 0.823427 0.478586
0 0.567083 0.341556 0.568246 0.323626 0.5379 0.322519 0.536738 0.340449
0 0.107188 0.54336 0.106793 0.524794 0.0662407 0.525279 0.0666353 0.543844
0 0.216378 0.476071 0.234325 0.476078 0.234339 0.453286 0.216393 0.45328
0 0.159779 0.875764 0.192396 0.8748 0.190071 0.830516 0.157454 0.83148
0 0.702689 0.221554 0.724523 0.221854 0.725182 0.194799 0.703349 0.1945
0 0.764133 0.622161 0.786177 0.622235 0.786347 0.593839 0.764303 0.593765
0 0.111442 0.44491 0.110946 0.422444 0.0723381 0.422923 0.0728339 0.445389
0 0.183171 0.554418 0.183746 0.532388 0.152541 0.53193 0.151966 0.55396
0 0.244337 0.717065 0.272608 0.716713 0.271773 0.678996 0.243502 0.679348
0 0.481051 0.246216 0.510167 0.245876 0.509419 0.209838 0.480304 0.210177
0 0.345715 0.700654 0.346644 0.672161 0.301589 0.671334 0.300659 0.699827
0 0.429606 0.362138 0.431285 0.34081 0.401467 0.339489 0.399787 0.360818
0 0.360627 0.338172 0.360397 0.323313 0.330752 0.323571 0.330982 0.33843
0 0.574075 0.384094 0.574776 0.364625 0.53786 0.363878 0.537159 0.383347
0 0.225817 0.823558 0.227633 0.801753 0.172375 0.799165 0.17056 0.82097
0 0.172907 0.255676 0.173209 0.233741 0.116467 0.233302 0.116165 0.255237
0 0.119802 0.481693 0.120223 0.464207 0.0678251 0.463497 0.0674039 0.480983
0 0.188088 0.48424 0.190078 0.459845 0.15317 0.458152 0.151181 0.482547
0 0.353532 0.405124 0.37625 0.403726 0.373563 0.37915 0.350845 0.380547
0 0.979433 0.370186 0.998971 0.370221 0.999079 0.335705 0.979541 0.33567
0 0.549572 0.473638 0.549978 0.454242 0.517936 0.453864 0.51753 0.47326
0 0.0739452 0.958463 0.109946 0.957519 0.108585 0.928339 0.0725837 0.929283
0 0.0959299 0.573999 0.0989831 0.548928 0.059406 0.546217 0.0563529 0.571288
0 0.753415 0.114062 0.766929 0.114084 0.766985 0.0941944 0.753471 0.0941729
0 0.510029 0.325811 0.529939 0.32538 0.5291 0.303605 0.509191 0.304036
0 0.623949 0.194932 0.654149 0.195412 0.655107 0.161488 0.624907 0.161008
0 0.0466802 0.56934 0.046816 0.549952 0.00334152 0.549781 0.00320573 0.569169
0 0.32617 0.423438 0.346879 0.42337 0.346704 0.392961 0.325995 0.393028
0 0.154912 0.572082 0.15501 0.553626 0.113141 0.553501 0.113043 0.571956
0 0.354961 0.384986 0.382502 0.377267 0.368375 0.348914 0.340834 0.356633
0 0.609623 0.271019 0.609391 0.252326 0.583513 0.252507 0.583746 0.2712
0 0.503606 0.351328 0.522714 0.350746 0.521385 0.326165 0.502277 0.326746
0 0.0369141 0.591485 0.0426887 0.578143 0.0185322 0.572262 0.0127576 0.585603
0 7.23898e-05 0.610427 0.0238038 0.608667 0.0202464 0.581696 -0.003485 0.583457
0 0.148141 0.480381 0.148155 0.461132 0.123163 0.461121 0.123149 0.480371
0 0.485686 0.259181 0.5072 0.259251 0.507404 0.224416 0.485889 0.224346
0 0.142004 0.479195 0.142603 0.458825 0.116746 0.458397 0.116146 0.478767
