0 0.768198 0.438863 0.768339 0.431167 0.75437 0.431023 0.754229 0.438719
0 0.113537 0.706484 0.11358 0.697215 0.0983865 0.697175 0.0983431 0.706444
0 0.41026 0.745911 0.410741 0.738578 0.402752 0.738283 0.402271 0.745616
0 0.847419 0.869558 0.84743 0.862616 0.839346 0.862609 0.839335 0.869551
0 0.742362 0.184029 0.743185 0.172013 0.734168 0.171665 0.733345 0.183682
0 0.883079 0.861608 0.88301 0.855612 0.870651 0.855692 0.870719 0.861688
0 0.141849 0.856672 0.141977 0.849722 0.132507 0.849624 0.132379 0.856574
0 0.20118 0.119353 0.201471 0.112618 0.190892 0.112361 0.1906 0.119096
0 0.06487 0.131643 0.0654004 0.121862 0.0568231 0.121601 0.0562927 0.131381
0 0.291823 0.53179 0.292244 0.524941 0.283513 0.52464 0.283092 0.531488
0 0.54428 0.482061 0.544404 0.477073 0.537043 0.47697 0.536919 0.481958
0 0.158825 0.119413 0.159031 0.112048 0.151688 0.111933 0.151482 0.119298
0 0.86788 0.860788 0.867942 0.855453 0.857703 0.855386 0.857642 0.860722
0 0.175927 0.785633 0.17612 0.78032 0.168872 0.780172 0.168679 0.785485
0 0.428455 0.894039 0.428641 0.886999 0.419671 0.886865 0.419485 0.893905
0 0.259198 0.0838351 0.259355 0.0770234 0.252164 0.0769305 0.252007 0.0837421
0 0.726988 0.0785033 0.727687 0.068574 0.720394 0.0682852 0.719695 0.0782145
0 0.116695 0.125825 0.116743 0.117825 0.1076 0.117793 0.107552 0.125794
0 0.841553 0.065534 0.842216 0.0560264 0.83233 0.0556385 0.831667 0.0651462
0 0.725083 0.247332 0.725286 0.242094 0.716664 0.241906 0.71646 0.247144
0 0.398349 0.597392 0.398621 0.592668 0.391342 0.592432 0.39107 0.597156
0 0.0112469 0.136059 0.0116179 0.129499 0.00384922 0.129252 0.00347823 0.135812
0 0.22511 0.111437 0.225373 0.105446 0.214771 0.105184 0.214508 0.111176
0 0.510176 0.731621 0.510324 0.724159 0.495996 0.723999 0.495847 0.73146
0 0.744724 0.0228818 0.744827 0.0178691 0.738257 0.0177932 0.738154 0.0228059
0 0.222051 0.112799 0.222212 0.103218 0.213764 0.103139 0.213604 0.112719
0 0.483844 0.739143 0.483965 0.733213 0.475 0.73311 0.474879 0.73904
0 0.559171 0.05638 0.559479 0.0479149 0.552224 0.0477666 0.551916 0.0562317
0 0.128747 0.106388 0.129025 0.0991542 0.122591 0.099015 0.122313 0.106249
0 0.13133 0.124029 0.131138 0.116049 0.122392 0.116167 0.122584 0.124147
0 0.808999 0.131463 0.809663 0.121332 0.802129 0.121054 0.801465 0.131186
0 0.110002 0.706855 0.110031 0.698818 0.0896684 0.698778 0.0896398 0.706814
0 0.860443 0.406409 0.860795 0.39828 0.847721 0.397961 0.847368 0.40609
0 0.658362 0.0458716 0.658853 0.0380024 0.647843 0.0376157 0.647352 0.0454849
0 0.0529057 0.297925 0.0532494 0.291055 0.0414774 0.290724 0.0411337 0.297593
0 0.614041 0.719333 0.614658 0.71377 0.607627 0.713331 0.60701 0.718894
0 0.13271 0.15971 0.133112 0.154556 0.124901 0.154196 0.124499 0.15935
