0 0.468811 0.316079 0.468747 0.301401 0.442278 0.301467 0.442343 0.316145
0 0.479503 0.404413 0.479125 0.38915 0.439154 0.389707 0.439532 0.40497
0 0.561789 0.906008 0.561868 0.889707 0.523418 0.889601 0.523338 0.905902
0 0.622191 0.914773 0.622134 0.894593 0.577469 0.894663 0.577525 0.914843
0 0.481882 0.365909 0.482008 0.350429 0.44353 0.350253 0.443405 0.365733
0 0.448505 0.422507 0.447858 0.407313 0.412479 0.408161 0.413126 0.423355
0 0.661947 0.901499 0.661937 0.885667 0.62567 0.88568 0.62568 0.901512
0 0.417337 0.603851 0.439122 0.603643 0.43859 0.572474 0.416805 0.572682
0 0.610263 0.489685 0.610195 0.475056 0.582162 0.475129 0.58223 0.489758
0 0.613192 0.96055 0.61288 0.945168 0.579844 0.945546 0.580156 0.960928
0 0.32463 0.294621 0.351094 0.294585 0.351042 0.272913 0.324578 0.272948
0 0.403095 0.325681 0.403566 0.311227 0.372946 0.310666 0.372475 0.32512
0 0.675043 0.617341 0.674722 0.602947 0.645062 0.60332 0.645384 0.617713
0 0.716441 0.152404 0.746447 0.152763 0.747335 0.11102 0.717329 0.110661
0 0.556078 0.584092 0.555915 0.569762 0.517196 0.570009 0.517359 0.584339
0 0.508243 0.337979 0.507959 0.318554 0.467732 0.318885 0.468016 0.33831
0 0.289539 0.305247 0.316844 0.305846 0.317788 0.281656 0.290483 0.281057
0 0.641077 0.544216 0.640884 0.526726 0.586721 0.527062 0.586914 0.544552
0 0.587242 0.53243 0.588353 0.514732 0.566525 0.513961 0.565413 0.531658
0 0.546758 0.366505 0.547138 0.350896 0.511708 0.350411 0.511328 0.366021
0 0.61877 0.661303 0.641828 0.661578 0.642443 0.632609 0.619385 0.632334
0 0.608257 0.639158 0.608043 0.621462 0.566929 0.621741 0.567143 0.639437
0 0.573304 0.559437 0.57305 0.538515 0.537356 0.538759 0.53761 0.559681
0 0.595067 0.22388 0.595076 0.207312 0.557815 0.207302 0.557807 0.22387
0 0.461781 0.0888169 0.4919 0.0892193 0.492462 0.0655758 0.462343 0.0651735
0 0.321754 0.559068 0.321175 0.543117 0.283963 0.543876 0.284542 0.559828
0 0.674579 0.872381 0.674721 0.851288 0.641756 0.851164 0.641614 0.872257
0 0.414598 0.296202 0.414623 0.281218 0.381281 0.281186 0.381256 0.29617
0 0.632184 0.461454 0.633535 0.442206 0.614467 0.441453 0.613117 0.460701
0 0.399601 0.429507 0.399227 0.416862 0.370399 0.417341 0.370773 0.429987
0 0.416726 0.376109 0.417665 0.360854 0.378959 0.359514 0.378019 0.374768
0 0.582801 0.42157 0.583214 0.410252 0.562252 0.409821 0.561838 0.421139
0 0.394501 0.387013 0.395214 0.371174 0.364686 0.370401 0.363974 0.38624
0 0.624044 0.597809 0.623842 0.578775 0.586942 0.578995 0.587144 0.598029
0 0.487636 0.475413 0.487846 0.455756 0.45407 0.455553 0.45386 0.47521
0 0.552051 0.71515 0.578239 0.715018 0.578012 0.689585 0.551824 0.689717
0 0.629969 0.60039 0.629786 0.579939 0.606136 0.580058 0.606319 0.600509
0 0.611066 0.731741 0.6432 0.731073 0.642187 0.703682 0.610053 0.70435
0 0.425661 0.537316 0.425855 0.522757 0.403011 0.522585 0.402817 0.537145
0 0.568675 1.00042 0.568874 0.987044 0.528285 0.986705 0.528086 1.00008
0 0.562785 0.443248 0.562864 0.422868 0.542723 0.422824 0.542644 0.443204
0 0.44126 0.332813 0.441702 0.318669 0.413852 0.318179 0.413411 0.332324
0 0.594087 0.446392 0.594232 0.432902 0.566779 0.432737 0.566634 0.446226
0 0.515021 0.368609 0.515574 0.353728 0.486767 0.353126 0.486214 0.368008
0 0.369254 0.331539 0.368958 0.315522 0.339112 0.315832 0.339408 0.331849
0 0.515621 0.179718 0.515664 0.15757 0.479912 0.157531 0.479868 0.179679
0 0.556958 0.40806 0.557129 0.392516 0.521038 0.392293 0.520866 0.407837
0 0.570831 0.398453 0.570905 0.383785 0.530788 0.38367 0.530714 0.398339
0 0.552064 0.434685 0.552854 0.411504 0.522126 0.410915 0.521336 0.434095
0 0.622409 0.62742 0.638689 0.627324 0.638528 0.611897 0.622249 0.611993
0 0.525333 0.431754 0.525737 0.416939 0.504473 0.416612 0.504069 0.431427
0 0.631201 0.737404 0.638904 0.719233 0.607361 0.711712 0.599658 0.729882
0 0.587776 0.411954 0.588314 0.396201 0.564896 0.395751 0.564358 0.411503
0 0.544428 0.367561 0.544587 0.351131 0.495631 0.350864 0.495472 0.367295
0 0.540245 0.433732 0.54056 0.41541 0.507931 0.415094 0.507616 0.433416
0 0.435463 0.315512 0.43483 0.301853 0.40324 0.302677 0.403873 0.316336
0 0.575166 0.0822627 0.575038 0.0660772 0.53777 0.0662427 0.537898 0.0824283
0 0.498627 0.466288 0.499484 0.445134 0.469656 0.444454 0.468799 0.465608
0 0.42064 0.361968 0.420987 0.349613 0.391692 0.34915 0.391345 0.361505
0 0.633849 0.976957 0.634213 0.958789 0.60333 0.95844 0.602966 0.976609
