0 0.41048 0.574289 0.436764 0.57398 0.436285 0.50127 0.41 0.501578
0 0.592115 0.377411 0.616189 0.378336 0.617262 0.328684 0.593187 0.32776
0 0.457155 0.343209 0.482829 0.344133 0.483805 0.295894 0.458132 0.29497
0 0.145271 0.571021 0.176206 0.569116 0.174173 0.510424 0.143238 0.512329
0 0.206988 0.545282 0.231009 0.544176 0.22976 0.495942 0.205739 0.497048
0 0.806704 0.31071 0.807087 0.278518 0.757803 0.277475 0.75742 0.309667
0 0.910863 0.302158 0.910502 0.275053 0.865684 0.276116 0.866045 0.303221
0 0.211115 0.32587 0.231363 0.326029 0.231541 0.285714 0.211293 0.285555
0 0.830189 0.420524 0.855836 0.421254 0.856645 0.370756 0.830998 0.370026
0 0.378387 0.483199 0.408514 0.483726 0.408999 0.434434 0.378871 0.433908
0 0.313768 0.533814 0.337242 0.534207 0.337873 0.46716 0.314399 0.466767
0 0.446564 0.486434 0.446961 0.457697 0.419241 0.457017 0.418844 0.485755
0 0.342199 0.189865 0.365947 0.190663 0.366607 0.155734 0.342859 0.154936
0 0.282864 0.304761 0.305819 0.305396 0.306316 0.273426 0.283361 0.272792
0 0.936577 0.246914 0.959042 0.247712 0.959749 0.212305 0.937284 0.211507
0 0.713517 0.132442 0.733625 0.132637 0.733843 0.0926946 0.713735 0.0924995
0 0.213386 0.893483 0.213114 0.852849 0.169326 0.853371 0.169599 0.894005
0 0.354527 0.546885 0.387202 0.547853 0.388513 0.469175 0.355839 0.468207
0 0.637421 0.792276 0.63744 0.744116 0.59203 0.744085 0.592011 0.792244
0 0.235631 0.576323 0.261731 0.575271 0.260647 0.5275 0.234547 0.528552
0 0.264338 0.91399 0.295163 0.912479 0.293941 0.868171 0.263116 0.869682
0 0.334772 0.427671 0.369749 0.426844 0.368905 0.363427 0.333928 0.364254
0 0.36657 0.441248 0.386 0.440974 0.385716 0.40521 0.366286 0.405484
0 0.759883 0.774316 0.76096 0.740174 0.727357 0.738289 0.72628 0.772431
