0 0.914188 0.549402 0.914238 0.542796 0.907769 0.542768 0.907718 0.549374
0 0.60855 0.12354 0.608825 0.117789 0.599951 0.117551 0.599677 0.123301
0 0.829086 0.844552 0.829449 0.838691 0.82284 0.83846 0.822477 0.844322
0 0.924973 0.835166 0.925273 0.829703 0.917061 0.829449 0.91676 0.834912
0 0.758636 0.544109 0.758992 0.536261 0.75073 0.536051 0.750374 0.543898
0 0.847968 0.212977 0.848135 0.205621 0.841252 0.205533 0.841085 0.212889
0 0.826109 0.815948 0.826858 0.806013 0.817821 0.80563 0.817072 0.815565
0 0.275036 0.0842804 0.275221 0.0787438 0.265489 0.078561 0.265304 0.0840975
0 0.958519 0.856931 0.958986 0.85043 0.949814 0.85006 0.949347 0.85656
0 0.756649 0.542537 0.756721 0.536405 0.749429 0.536356 0.749356 0.542489
0 0.908441 0.481956 0.908714 0.47602 0.899205 0.475774 0.898932 0.481709
0 0.626256 0.744234 0.626551 0.737259 0.619012 0.737079 0.618717 0.744054
0 0.91029 0.531521 0.910404 0.525752 0.904572 0.525687 0.904457 0.531456
0 0.664786 0.620136 0.664942 0.615115 0.657742 0.614989 0.657585 0.620009
0 0.776132 0.418873 0.7766 0.409098 0.768389 0.408877 0.767921 0.418651
0 0.403386 0.373874 0.403525 0.368116 0.391607 0.367954 0.391468 0.373712
0 0.608243 0.625308 0.608686 0.615324 0.595271 0.614989 0.594827 0.624973
0 0.3456 0.181989 0.345788 0.1779 0.341014 0.177776 0.340826 0.181866
0 0.500356 0.257504 0.500566 0.252581 0.491674 0.252367 0.491464 0.25729
0 0.776787 0.416109 0.777361 0.406294 0.768943 0.406017 0.768369 0.415832
0 0.835854 0.126539 0.835983 0.122538 0.831625 0.122459 0.831496 0.126461
0 0.462355 0.374297 0.462698 0.368508 0.457121 0.368322 0.456778 0.374111
0 0.710602 0.156373 0.711033 0.148455 0.70379 0.148233 0.703359 0.156151
0 0.426009 0.385558 0.426226 0.380928 0.420138 0.380768 0.419921 0.385398
0 0.649068 0.231515 0.649495 0.223375 0.641107 0.223127 0.640681 0.231268
0 0.203083 0.131879 0.203389 0.126604 0.19176 0.126225 0.191454 0.131499
0 0.274683 0.325204 0.275267 0.318646 0.265183 0.318141 0.264599 0.324699
0 0.627108 0.382009 0.62717 0.377799 0.621647 0.377753 0.621586 0.381964
0 0.922206 0.837711 0.922494 0.829082 0.915682 0.828954 0.915395 0.837583
0 0.53141 0.165428 0.531582 0.156251 0.524643 0.156178 0.524471 0.165355
0 0.453711 0.447868 0.453836 0.443359 0.441598 0.443168 0.441473 0.447677
0 0.558624 0.159118 0.558723 0.155307 0.551969 0.155209 0.55187 0.159019
0 0.22027 0.109637 0.220602 0.103583 0.208283 0.103203 0.207951 0.109257
0 0.924654 0.592343 0.92461 0.586227 0.915531 0.586264 0.915574 0.592379
0 0.218516 0.112624 0.219046 0.103132 0.213144 0.102947 0.212615 0.112439
0 0.458401 0.448308 0.458565 0.443219 0.445123 0.442976 0.444959 0.448065
0 0.224924 0.109612 0.225256 0.104045 0.211607 0.103588 0.211276 0.109154
