0 0.563026 0.268009 0.562662 0.251542 0.523101 0.252033 0.523464 0.2685
0 0.503678 0.38804 0.502976 0.366975 0.457444 0.367829 0.458146 0.388893
0 0.630851 0.304452 0.63126 0.268937 0.602309 0.26875 0.6019 0.304265
0 0.26428 0.684502 0.263577 0.668056 0.225816 0.668965 0.22652 0.685411
0 0.484115 0.706735 0.485186 0.689274 0.452151 0.688134 0.45108 0.705595
0 0.418479 0.601981 0.417929 0.588986 0.390837 0.58963 0.391387 0.602625
0 0.541551 0.722538 0.540474 0.705415 0.509222 0.706521 0.510299 0.723643
0 0.620937 0.93387 0.619089 0.905777 0.596818 0.906601 0.598666 0.934694
0 0.439968 0.473294 0.439645 0.458716 0.408666 0.459103 0.408989 0.473681
0 0.574605 0.971986 0.575074 0.945853 0.537174 0.94547 0.536705 0.971604
0 0.439497 0.50483 0.439017 0.490098 0.406444 0.490695 0.406924 0.505427
0 0.546349 0.469605 0.545839 0.45412 0.50977 0.454787 0.51028 0.470273
0 0.376244 0.660789 0.376189 0.647674 0.349361 0.647737 0.349415 0.660851
0 0.53354 0.634586 0.532581 0.621335 0.505174 0.622451 0.506134 0.635702
0 0.45514 0.203499 0.455335 0.177447 0.409496 0.177255 0.409302 0.203307
0 0.39148 0.531554 0.391152 0.511305 0.369244 0.511505 0.369572 0.531754
0 0.542456 0.612511 0.54184 0.600219 0.51678 0.600925 0.517395 0.613217
0 0.383087 0.554846 0.38259 0.540122 0.347701 0.540784 0.348198 0.555508
0 0.489948 0.728727 0.490463 0.71235 0.465029 0.711899 0.464513 0.728276
0 0.315527 0.436537 0.316172 0.413509 0.282533 0.41298 0.281888 0.436007
0 0.514569 0.677681 0.517304 0.655122 0.490478 0.653293 0.487743 0.675852
0 0.563554 0.690242 0.564214 0.673495 0.540955 0.67298 0.540295 0.689727
0 0.398949 0.498814 0.398908 0.484687 0.366868 0.48474 0.366909 0.498867
0 0.509832 0.560658 0.509403 0.543913 0.476814 0.544382 0.477242 0.561127
0 0.561824 0.631136 0.56368 0.610743 0.542215 0.609644 0.540358 0.630036
0 0.559388 0.572626 0.560242 0.556352 0.538579 0.555713 0.537725 0.571987
0 0.34182 0.546986 0.342053 0.533112 0.319012 0.532894 0.318779 0.546768
0 0.56435 0.742183 0.566891 0.718925 0.54275 0.717441 0.540209 0.740699
0 0.473665 0.511745 0.47398 0.499123 0.446687 0.49874 0.446372 0.511362
0 0.357763 0.509271 0.358369 0.493723 0.321788 0.492921 0.321182 0.508469
0 0.273748 0.440311 0.273636 0.426306 0.246472 0.426429 0.246584 0.440433
0 0.522894 0.757191 0.522256 0.741211 0.4848 0.742053 0.485438 0.758033
0 0.158976 0.448519 0.159237 0.433841 0.13676 0.433616 0.136499 0.448294
0 0.360512 0.445024 0.359893 0.430984 0.330411 0.431714 0.331029 0.445755
0 0.477151 0.533896 0.477362 0.517524 0.44524 0.517291 0.445029 0.533663
0 0.507333 0.837925 0.506717 0.810509 0.483762 0.810799 0.484378 0.838215
0 0.454148 0.595503 0.455129 0.577241 0.433201 0.576578 0.432219 0.59484
0 0.572991 0.754313 0.574097 0.73948 0.55399 0.738637 0.552885 0.75347
0 0.399524 0.460358 0.399717 0.446958 0.371356 0.446727 0.371162 0.460127
0 0.573722 0.846057 0.573824 0.821596 0.548612 0.821537 0.54851 0.845998
0 0.402172 0.47916 0.402315 0.462969 0.379763 0.462857 0.37962 0.479048
0 0.526067 0.583319 0.526256 0.571024 0.499842 0.570796 0.499653 0.583091
0 0.523689 0.529911 0.52433 0.517014 0.505675 0.516492 0.505033 0.529389
0 0.374827 0.727295 0.375272 0.701232 0.354518 0.701033 0.354073 0.727095
0 0.354309 0.474891 0.353562 0.460256 0.325246 0.461068 0.325992 0.475703
0 0.564312 0.855994 0.564314 0.838699 0.536541 0.838698 0.53654 0.855993
0 0.24254 0.444128 0.242119 0.431413 0.217315 0.431875 0.217736 0.44459
0 0.421195 0.561524 0.422244 0.545397 0.406836 0.544833 0.405788 0.56096
0 0.425723 0.539543 0.425711 0.524446 0.406743 0.524454 0.406754 0.539551
0 0.333267 0.517519 0.333543 0.504259 0.30541 0.50393 0.305134 0.517189
0 0.540928 0.683904 0.541898 0.668733 0.521945 0.668016 0.520975 0.683186
0 0.0944571 0.0463009 0.0945304 0.033357 0.0791776 0.0333081 0.0791043 0.046252
0 0.474663 0.571036 0.476614 0.558124 0.457613 0.556508 0.455662 0.569421
0 0.483475 0.514344 0.484054 0.501698 0.449 0.500795 0.448421 0.513441
0 0.30926 0.462921 0.311368 0.443102 0.276303 0.441005 0.274195 0.460824
