0 0.962325 0.189654 0.9615 0.17451 0.927908 0.17554 0.928733 0.190683
0 0.109292 0.39163 0.109251 0.374668 0.0692623 0.374722 0.0693033 0.391684
0 0.436545 0.413739 0.436794 0.396983 0.385067 0.396551 0.384818 0.413307
0 0.888335 0.270629 0.889984 0.243912 0.866113 0.243083 0.864465 0.2698
0 0.610687 0.538809 0.610971 0.519576 0.5612 0.519163 0.560917 0.538396
0 0.143478 0.521491 0.14295 0.491852 0.116261 0.49212 0.116789 0.521758
0 0.589951 0.330144 0.590102 0.304962 0.564395 0.304875 0.564243 0.330058
0 0.380606 0.292338 0.380063 0.273561 0.326919 0.274425 0.327462 0.293202
0 0.883424 0.22835 0.884266 0.208748 0.862262 0.208217 0.861421 0.227819
0 0.466592 0.38477 0.47423 0.367865 0.441763 0.359614 0.434125 0.376519
0 0.637137 0.210709 0.637059 0.181987 0.607842 0.182032 0.607921 0.210754
0 0.708593 0.819773 0.710551 0.788875 0.684304 0.787939 0.682346 0.818837
0 0.343924 0.401518 0.34783 0.383621 0.306954 0.378603 0.303048 0.3965
0 0.311886 0.418062 0.319042 0.3977 0.270481 0.388101 0.263325 0.408463
0 0.521982 0.996389 0.522934 0.966966 0.496186 0.96648 0.495235 0.995902
0 0.300832 0.549287 0.300169 0.516641 0.266231 0.517028 0.266893 0.549675
0 0.47143 0.761843 0.472571 0.727209 0.440221 0.726609 0.43908 0.761244
0 0.411779 0.518551 0.412011 0.492375 0.383169 0.492232 0.382937 0.518408
0 0.0556746 0.42243 0.0548231 0.402487 0.00452493 0.403695 0.00537645 0.423638
0 0.112169 0.911434 0.111298 0.870907 0.0741511 0.871356 0.0750215 0.911883
0 0.83403 0.40029 0.833402 0.384334 0.795714 0.385168 0.796342 0.401125
0 0.350002 0.3792 0.350596 0.362229 0.301794 0.361267 0.301199 0.378239
0 0.69937 0.347275 0.699759 0.332006 0.668578 0.331558 0.668188 0.346827
0 0.740645 0.284128 0.738347 0.254277 0.716086 0.255242 0.718385 0.285092
0 0.806302 0.793332 0.806432 0.777945 0.768727 0.777765 0.768597 0.793152
0 0.850673 0.260374 0.851976 0.223911 0.824598 0.22336 0.823295 0.259823
0 0.931408 0.531011 0.931273 0.498729 0.90724 0.498786 0.907375 0.531067
0 0.720579 0.902061 0.720971 0.882344 0.669056 0.881763 0.668663 0.90148
0 0.775017 0.2929 0.776524 0.265502 0.749798 0.264675 0.748291 0.292073
0 0.874819 0.567508 0.873439 0.528485 0.840507 0.529141 0.841887 0.568164
0 0.829058 0.374909 0.82666 0.338644 0.797074 0.339744 0.799472 0.376009
0 0.657978 0.375156 0.658975 0.342771 0.62554 0.342192 0.624543 0.374577
0 0.98538 0.407067 0.986743 0.375431 0.954386 0.374647 0.953023 0.406283
0 0.117196 0.455772 0.120566 0.431992 0.0735282 0.428242 0.0701582 0.452022
0 0.981073 0.142601 0.980426 0.126848 0.943216 0.127708 0.943863 0.143461
0 0.385324 0.246321 0.385568 0.227642 0.342746 0.227327 0.342502 0.246006
0 0.150107 0.393829 0.149804 0.377619 0.110576 0.378032 0.11088 0.394243
0 0.968316 0.274923 0.970229 0.251156 0.948932 0.250192 0.94702 0.273959
0 0.820911 0.47594 0.821345 0.461507 0.797776 0.461109 0.797343 0.475542
0 0.961707 0.995097 0.960423 0.961034 0.922722 0.961834 0.924006 0.995897
0 0.756048 0.238609 0.756505 0.214702 0.734558 0.214466 0.734101 0.238373
0 0.5346 0.303675 0.533781 0.288916 0.513244 0.289558 0.514063 0.304316
0 0.296525 0.958446 0.294903 0.925663 0.255717 0.926753 0.257339 0.959537
0 0.674194 0.464874 0.674189 0.422086 0.64457 0.422088 0.644574 0.464876
0 0.999294 0.220461 0.999611 0.199003 0.968108 0.198741 0.967791 0.2202
0 0.0408952 0.444512 0.0401954 0.428358 0.00106886 0.429311 0.00176859 0.445465
0 0.50479 0.378503 0.515687 0.357865 0.461963 0.341909 0.451066 0.362546
0 0.222179 0.450203 0.222693 0.429536 0.185175 0.429011 0.184661 0.449678
0 0.730241 0.13911 0.731124 0.11356 0.701249 0.112979 0.700366 0.138529
0 0.820877 0.275658 0.821875 0.258082 0.80125 0.257423 0.800252 0.274999
0 0.374801 0.702651 0.376251 0.662919 0.346391 0.662306 0.344941 0.702039
0 0.523034 0.689991 0.521348 0.644768 0.477864 0.64568 0.47955 0.690903
0 0.980263 0.169879 0.982156 0.147692 0.960933 0.146673 0.95904 0.16886
0 0.549398 0.885 0.550325 0.852053 0.510095 0.851416 0.509169 0.884363
0 0.402997 0.268476 0.40446 0.246899 0.372856 0.245694 0.371393 0.267271
0 0.939069 0.308619 0.939171 0.271302 0.916316 0.271268 0.916215 0.308584
0 0.657571 0.327626 0.662605 0.30187 0.635184 0.298856 0.630151 0.324612
0 0.384481 0.350594 0.385472 0.331885 0.359407 0.331109 0.358416 0.349818
0 0.567823 0.297615 0.567374 0.279391 0.530187 0.279907 0.530636 0.29813
0 0.626531 0.337294 0.62926 0.302276 0.602331 0.301096 0.599602 0.336114
0 0.810858 0.52366 0.811641 0.50435 0.772637 0.503461 0.771854 0.52277
0 0.800408 0.266757 0.799973 0.247472 0.766684 0.247893 0.767119 0.267179
0 0.71116 0.297731 0.709789 0.264946 0.685758 0.265511 0.687129 0.298297
0 1.00013 0.868386 0.99969 0.846523 0.966172 0.846902 0.966612 0.868765
0 0.775122 0.510345 0.775846 0.478554 0.754187 0.478277 0.753462 0.510068
0 0.431528 0.351475 0.432835 0.336203 0.405172 0.334871 0.403865 0.350144
0 0.378951 0.377033 0.381895 0.35444 0.357166 0.352627 0.354222 0.375221
0 0.735191 0.197728 0.735123 0.186211 0.714742 0.186279 0.71481 0.197796
0 0.560661 0.35939 0.563816 0.334943 0.543363 0.333459 0.540209 0.357905
0 0.535735 0.347864 0.538763 0.325535 0.50346 0.322841 0.500431 0.34517
0 1.00213 0.0332846 1.00177 0.00695191 0.978991 0.00712822 0.979353 0.0334609
0 0.541718 0.342251 0.544821 0.320416 0.5083 0.317496 0.505196 0.339331
0 0.44516 0.366578 0.449335 0.349619 0.425419 0.346307 0.421244 0.363266
0 0.862018 0.480554 0.86206 0.466166 0.831268 0.466116 0.831226 0.480504
0 0.761849 0.266009 0.761996 0.250559 0.745726 0.250471 0.745579 0.265922
