0 0.719277 0.234139 0.719658 0.22409 0.713368 0.223667 0.712988 0.233716
0 0.590522 0.0929561 0.590572 0.0828943 0.584515 0.0828411 0.584465 0.0929029
0 0.344378 0.125247 0.344428 0.116567 0.338213 0.116503 0.338162 0.125182
0 0.700235 0.176935 0.7006 0.168222 0.693826 0.167717 0.693461 0.17643
0 0.591043 0.0927473 0.591309 0.085338 0.58138 0.0847055 0.581115 0.0921148
0 0.294375 0.319434 0.294728 0.306917 0.286674 0.306514 0.286321 0.31903
0 0.81505 0.665558 0.815277 0.656167 0.806213 0.655778 0.805986 0.665168
0 0.171931 0.616961 0.172025 0.607918 0.167347 0.607832 0.167254 0.616875
0 0.677153 0.361759 0.677185 0.35521 0.668605 0.355136 0.668573 0.361685
0 0.393772 0.109359 0.393994 0.0953717 0.38475 0.0951102 0.384528 0.109098
0 0.444861 0.301779 0.445171 0.291524 0.440381 0.291266 0.44007 0.301521
0 0.818601 0.666718 0.819039 0.65662 0.808657 0.655818 0.808218 0.665917
0 0.628217 0.392662 0.628833 0.381196 0.619196 0.380274 0.618579 0.39174
