0 0.175836 0.82244 0.176122 0.816932 0.166066 0.816639 0.165781 0.822147
0 0.896527 0.397418 0.89653 0.391679 0.886923 0.391677 0.886921 0.397416
0 0.548908 0.910126 0.548899 0.905486 0.539931 0.905496 0.539941 0.910136
0 0.898439 0.470491 0.898511 0.465253 0.890835 0.465194 0.890763 0.470432
0 0.797818 0.819105 0.798165 0.812064 0.789907 0.811836 0.78956 0.818876
0 0.328447 0.433597 0.328502 0.428353 0.32021 0.428304 0.320155 0.433548
0 0.2889 0.638495 0.289061 0.631437 0.282383 0.631351 0.282223 0.638409
0 0.242418 0.894993 0.242664 0.889449 0.237039 0.889308 0.236792 0.894852
0 0.816305 0.886485 0.816589 0.877873 0.807935 0.877712 0.807652 0.886325
0 0.899234 0.287396 0.899697 0.28095 0.890961 0.280597 0.890498 0.287044
0 0.52742 0.34706 0.527511 0.342099 0.521121 0.342033 0.521031 0.346994
0 0.167902 0.778437 0.168081 0.773714 0.162551 0.773596 0.162373 0.778319
0 0.883841 0.357054 0.884098 0.350234 0.874395 0.350028 0.874138 0.356848
0 0.915245 0.535483 0.915443 0.530132 0.907068 0.529958 0.906871 0.535309
0 0.91063 0.887759 0.911006 0.880818 0.904423 0.880617 0.904048 0.887559
0 0.975339 0.873817 0.975757 0.867531 0.967069 0.867205 0.96665 0.873491
0 0.84498 0.335928 0.845073 0.330801 0.83684 0.330717 0.836747 0.335844
0 0.232629 0.294125 0.233002 0.287648 0.224266 0.287365 0.223893 0.293842
0 0.62493 0.284626 0.62538 0.278026 0.616256 0.277676 0.615806 0.284276
0 0.347294 0.331693 0.347766 0.325475 0.341342 0.325201 0.34087 0.331418
0 0.817371 0.888629 0.817535 0.88134 0.809472 0.881238 0.809308 0.888528
0 0.84851 0.0974841 0.848803 0.0917627 0.841328 0.0915473 0.841035 0.0972687
0 0.952261 0.864129 0.952508 0.857531 0.946878 0.857412 0.946631 0.86401
0 0.166102 0.778483 0.16636 0.768645 0.157464 0.768513 0.157206 0.778352
0 0.908398 0.521296 0.908518 0.515412 0.898093 0.515293 0.897973 0.521176
0 0.201234 0.275742 0.201463 0.268489 0.191538 0.268312 0.191308 0.275565
0 0.908303 0.421669 0.908652 0.415699 0.896957 0.415314 0.896608 0.421284
0 0.892286 0.43212 0.892848 0.425748 0.884407 0.425329 0.883845 0.431701
0 0.308399 0.170858 0.30864 0.165778 0.299832 0.165543 0.299591 0.170623
0 0.924862 0.659973 0.925168 0.65467 0.911893 0.654239 0.911587 0.659542
0 0.601053 0.473536 0.601338 0.468376 0.591584 0.468073 0.591299 0.473233
0 0.396072 0.835538 0.396178 0.830529 0.388189 0.830435 0.388083 0.835443
0 0.24576 0.156881 0.246091 0.151763 0.240709 0.151568 0.240378 0.156685
0 0.745837 0.0622839 0.745808 0.0559106 0.740831 0.0559235 0.740861 0.0622968
0 0.19182 0.494067 0.192292 0.486646 0.18352 0.486332 0.183047 0.493753
0 0.866982 0.119289 0.867612 0.111999 0.858343 0.111549 0.857713 0.118839
0 0.820732 0.137734 0.821055 0.128161 0.81412 0.128029 0.813797 0.137603
0 0.899316 0.483112 0.899507 0.477463 0.891191 0.477305 0.891 0.482954
0 0.876788 0.265426 0.87737 0.256272 0.870317 0.25602 0.869735 0.265174
0 0.824809 0.135632 0.825178 0.129473 0.812669 0.12905 0.812299 0.13521
0 0.291585 0.597792 0.291834 0.592852 0.278052 0.592461 0.277803 0.597401
0 0.389929 0.364038 0.389965 0.358912 0.3825 0.358883 0.382464 0.364009
0 0.775651 0.0629118 0.775993 0.0561057 0.769245 0.055915 0.768903 0.0627211
0 0.665203 0.181652 0.665746 0.174456 0.658061 0.17413 0.657518 0.181326
0 0.713303 0.444369 0.71376 0.437689 0.707601 0.437451 0.707144 0.444131
0 0.920082 0.662646 0.920598 0.652343 0.914562 0.652173 0.914046 0.662476
0 0.680594 0.744283 0.681157 0.737738 0.674485 0.737415 0.673922 0.743961
0 0.395364 0.439802 0.395808 0.431293 0.38829 0.431072 0.387846 0.439581
0 0.893356 0.409484 0.893413 0.403436 0.88495 0.403391 0.884893 0.409439
0 0.24292 0.343902 0.243648 0.334122 0.237593 0.333869 0.236865 0.343648
0 0.875091 0.233046 0.875453 0.225428 0.864503 0.225136 0.864141 0.232754
0 0.191708 0.446537 0.192094 0.442134 0.184998 0.441784 0.184611 0.446187
0 0.764496 0.156501 0.764954 0.14811 0.757726 0.147887 0.757268 0.156279
0 0.321041 0.924057 0.321219 0.918091 0.308177 0.917872 0.307999 0.923838
0 0.88156 0.287751 0.882099 0.280025 0.874074 0.27971 0.873535 0.287436
0 0.924787 0.485805 0.925394 0.480033 0.914762 0.479404 0.914155 0.485176
0 0.265448 0.110015 0.265713 0.105227 0.257577 0.104973 0.257312 0.109761
0 0.188695 0.492423 0.18887 0.486627 0.182444 0.486518 0.182269 0.492314
0 0.580252 0.306653 0.581381 0.296927 0.574396 0.296471 0.573267 0.306197
0 0.874201 0.0904247 0.875272 0.0812096 0.863694 0.0804526 0.862623 0.0896678
0 0.476511 0.106451 0.4769 0.0997268 0.470691 0.0995249 0.470303 0.106249
0 0.875992 0.268958 0.876763 0.258835 0.869061 0.258505 0.86829 0.268628
0 0.324932 0.924391 0.325273 0.918034 0.311933 0.917631 0.311592 0.923988
0 0.170299 0.781653 0.170822 0.771648 0.1583 0.771281 0.157778 0.781285
0 0.761403 0.744147 0.761717 0.738207 0.754466 0.737991 0.754152 0.743932
0 0.575459 0.234058 0.57566 0.230229 0.568712 0.230023 0.568511 0.233853
0 0.914543 0.477681 0.914907 0.468584 0.907506 0.468417 0.907141 0.477514
0 0.887446 0.321162 0.887542 0.312068 0.881367 0.312032 0.881271 0.321126
