0 0.544577 0.335792 0.546609 0.304959 0.507091 0.303494 0.505059 0.334327
0 0.711562 0.260225 0.708603 0.226877 0.672662 0.228671 0.675621 0.262019
0 0.113393 0.468074 0.119967 0.443131 0.0734591 0.436236 0.0668852 0.46118
0 0.695207 0.124433 0.694898 0.105041 0.658337 0.105369 0.658646 0.12476
0 0.621291 0.20556 0.621288 0.185597 0.567654 0.185601 0.567656 0.205564
0 0.242927 0.393822 0.245701 0.36649 0.181614 0.36283 0.178839 0.390163
0 0.850627 0.186719 0.854748 0.147893 0.795526 0.144357 0.791404 0.183183
0 0.560483 0.213801 0.560049 0.196969 0.521208 0.197531 0.521641 0.214364
0 0.216602 0.539734 0.218041 0.515502 0.183874 0.514361 0.182435 0.538593
0 0.643641 0.520157 0.641772 0.480347 0.602605 0.481381 0.604474 0.521192
0 0.766891 0.261946 0.767107 0.227494 0.726081 0.227349 0.725864 0.261801
0 0.570249 0.676076 0.569916 0.631653 0.52979 0.631822 0.530124 0.676246
0 0.611999 0.132571 0.609608 0.0941951 0.575123 0.0954035 0.577514 0.13378
0 0.546005 0.501846 0.543386 0.449819 0.50757 0.450834 0.51019 0.50286
0 0.643309 0.936081 0.644418 0.902804 0.588054 0.901747 0.586945 0.935024
0 0.0936935 0.924624 0.093341 0.881465 0.0540692 0.881645 0.0544216 0.924805
0 0.568594 0.557757 0.57075 0.525636 0.521471 0.523775 0.519314 0.555896
0 0.885833 0.286341 0.884559 0.24316 0.842301 0.243861 0.843574 0.287042
0 0.290903 0.322347 0.290332 0.290793 0.252383 0.291179 0.252954 0.322733
0 0.526057 0.2998 0.541389 0.274343 0.497915 0.259616 0.482583 0.285073
0 0.651417 0.190149 0.654052 0.168984 0.609046 0.165833 0.606412 0.186998
0 0.561271 0.058234 0.561111 0.0323731 0.48483 0.0326384 0.48499 0.0584993
0 0.998992 0.411783 0.999427 0.378075 0.955579 0.377757 0.955145 0.411465
0 0.523615 0.248978 0.523938 0.20877 0.49209 0.208626 0.491767 0.248834
0 0.145101 0.867793 0.144859 0.821631 0.10147 0.821759 0.101712 0.867921
0 0.71882 0.333185 0.718202 0.309503 0.637275 0.310692 0.637893 0.334374
0 0.461392 0.176865 0.460971 0.152355 0.408758 0.15286 0.409179 0.17737
0 0.838227 0.578591 0.838591 0.524831 0.795008 0.524665 0.794644 0.578425
0 0.695764 0.395567 0.696575 0.35651 0.668164 0.356179 0.667353 0.395235
0 0.16405 0.418241 0.162388 0.39858 0.114963 0.400835 0.116625 0.420496
0 0.628256 0.0943098 0.62814 0.0591681 0.593533 0.0592324 0.593649 0.0943741
0 0.838722 0.0550227 0.839591 0.0209567 0.807614 0.0204979 0.806745 0.0545639
0 0.649296 0.154173 0.648164 0.12139 0.617049 0.121994 0.618181 0.154778
0 0.331437 0.403465 0.333865 0.366811 0.285 0.36499 0.282571 0.401643
0 0.730257 0.164346 0.730819 0.120092 0.702709 0.119892 0.702147 0.164146
0 0.839944 0.0852214 0.842462 0.0666415 0.804771 0.0637676 0.802252 0.0823475
0 0.0851967 0.621116 0.0847836 0.590343 0.0515377 0.590594 0.0519507 0.621367
0 0.558811 0.276765 0.558698 0.247913 0.528781 0.247979 0.528894 0.276831
0 0.456487 0.3196 0.464005 0.293921 0.399563 0.283308 0.392045 0.308987
0 0.29319 0.373026 0.291595 0.339585 0.265333 0.34029 0.266929 0.37373
0 0.469246 0.275017 0.468519 0.257353 0.429098 0.258265 0.429825 0.275929
0 0.147108 0.449028 0.145301 0.420459 0.112805 0.421616 0.114612 0.450184
0 0.0477286 0.66718 0.0508461 0.630133 0.00618033 0.628019 0.0030628 0.665066
0 0.450297 0.145869 0.450462 0.125922 0.422584 0.125792 0.422418 0.145739
0 0.442453 0.265308 0.44162 0.244399 0.403383 0.245255 0.404216 0.266164
0 0.0227282 0.534954 0.0223039 0.503132 -0.00149703 0.503311 -0.00107267 0.535133
0 0.456914 0.355071 0.461048 0.319246 0.419035 0.316519 0.414901 0.352344
0 0.371015 0.262871 0.37128 0.245093 0.3473 0.244892 0.347035 0.26267
0 0.870057 0.0776293 0.872039 0.0531569 0.839147 0.0516581 0.837164 0.0761305
0 0.492664 0.165946 0.492905 0.14776 0.466265 0.147561 0.466024 0.165747
0 0.330495 0.279648 0.337549 0.237443 0.296565 0.23359 0.289511 0.275794
0 0.0263836 0.404755 0.0260367 0.368021 -0.00109619 0.368165 -0.000749306 0.404899
0 0.883288 0.017227 0.883367 -0.000711855 0.829936 -0.000844528 0.829857 0.0170944
0 0.432687 0.283285 0.432441 0.266008 0.387421 0.266369 0.387667 0.283646
0 0.35487 0.696856 0.355522 0.672717 0.335141 0.672407 0.334488 0.696546
