0 0.798668 0.258703 0.798847 0.248995 0.791713 0.248761 0.791534 0.258469
0 0.769309 0.809358 0.769678 0.8004 0.764792 0.800042 0.764423 0.809
0 0.570877 0.692164 0.571093 0.682447 0.56491 0.682203 0.564695 0.69192
0 0.374107 0.075559 0.374671 0.0624246 0.368656 0.0619654 0.368092 0.0750998
0 0.40086 0.0704984 0.400962 0.0566219 0.393635 0.0565269 0.393534 0.0704034
0 0.608639 0.692428 0.608798 0.683323 0.602306 0.683121 0.602147 0.692226
0 0.332473 0.11231 0.332618 0.104653 0.327562 0.104482 0.327416 0.112139
0 0.514242 0.48965 0.514259 0.482425 0.509222 0.482405 0.509205 0.48963
0 0.731358 0.813151 0.731683 0.805163 0.723344 0.80456 0.723019 0.812548
0 0.183972 0.0753803 0.184247 0.0668662 0.179626 0.066601 0.179351 0.0751152
0 0.900283 0.110981 0.900572 0.104528 0.893816 0.10399 0.893527 0.110444
0 0.41882 0.643022 0.419141 0.632466 0.411549 0.632055 0.411227 0.64261
0 0.0689431 0.0921612 0.069343 0.0832904 0.0629654 0.0827792 0.0625654 0.0916501
0 0.281974 0.525201 0.282307 0.515856 0.276655 0.515498 0.276321 0.524842
0 0.27685 0.342481 0.277204 0.333543 0.268805 0.332952 0.268451 0.341889
0 0.0927656 0.286305 0.0928692 0.277861 0.0871763 0.277737 0.0870727 0.286181
0 0.824647 0.762393 0.824847 0.755963 0.818637 0.75562 0.818437 0.762049
0 0.706338 0.177972 0.706497 0.171872 0.700264 0.171584 0.700105 0.177684
0 0.290983 0.423056 0.290967 0.415574 0.285926 0.415593 0.285943 0.423075
0 0.456788 0.358715 0.457063 0.349301 0.451581 0.349016 0.451305 0.35843
0 0.0703645 0.0586728 0.0705451 0.0507811 0.0668815 0.050632 0.0667009 0.0585237
0 0.569785 0.0604281 0.569916 0.0512068 0.564523 0.0510707 0.564392 0.060292
0 0.833375 0.850828 0.833503 0.841579 0.82863 0.841459 0.828501 0.850708
0 0.123369 0.121854 0.123595 0.108345 0.118251 0.108185 0.118025 0.121694
0 0.894708 0.242184 0.895237 0.229737 0.89013 0.229352 0.889601 0.241798
0 0.483479 0.0690678 0.483775 0.0580464 0.47985 0.057859 0.479554 0.0688804
0 0.194945 0.329944 0.194924 0.323495 0.18694 0.323541 0.186961 0.32999
0 0.0697882 0.247161 0.069929 0.240921 0.0646919 0.240711 0.0645511 0.246951
0 0.111464 0.0770448 0.11169 0.0701564 0.106054 0.0698285 0.105828 0.076717
0 0.481616 0.0751766 0.482034 0.0616901 0.476738 0.0613984 0.47632 0.0748849
0 0.311136 0.0633872 0.311132 0.0564304 0.305769 0.0564352 0.305772 0.0633921
0 0.257096 0.741907 0.257489 0.730684 0.251521 0.730312 0.251128 0.741536
0 0.093782 0.286965 0.0943839 0.274853 0.0881523 0.274302 0.0875504 0.286414
0 0.168797 0.0647373 0.169067 0.0576741 0.161713 0.0571754 0.161443 0.0642386
0 0.0813198 0.0756202 0.0814439 0.0676017 0.0735327 0.0673841 0.0734086 0.0754025
0 0.863923 0.0957114 0.864058 0.0896949 0.856207 0.0893814 0.856072 0.0953979
0 0.0985273 0.0681685 0.0986253 0.0582205 0.0933622 0.0581283 0.0932642 0.0680763
0 0.246823 0.226015 0.24692 0.220485 0.242599 0.220352 0.242503 0.225881
0 0.895141 0.238679 0.895728 0.225015 0.890645 0.224628 0.890058 0.238291
0 0.519073 0.0751782 0.51929 0.0636024 0.51406 0.0634276 0.513843 0.0750034
0 0.514685 0.492441 0.515099 0.482538 0.506285 0.481883 0.505871 0.491786
