0 0.731472 0.10878 0.731568 0.102581 0.723858 0.102514 0.723761 0.108713
0 0.097725 0.721063 0.098121 0.712959 0.0898117 0.712731 0.0894157 0.720834
0 0.724803 0.46493 0.724767 0.459029 0.713368 0.459068 0.713404 0.464969
0 0.715394 0.182799 0.716093 0.174599 0.707746 0.174199 0.707048 0.1824
0 0.264288 0.146144 0.264308 0.140302 0.257203 0.140288 0.257183 0.14613
0 0.230721 0.147132 0.23073 0.141663 0.224275 0.141657 0.224267 0.147126
0 0.749517 0.873155 0.749536 0.86632 0.740496 0.866305 0.740477 0.873141
0 0.833192 0.864622 0.833395 0.85576 0.824403 0.855644 0.8242 0.864506
0 0.76576 0.869155 0.766277 0.859468 0.75597 0.859159 0.755453 0.868846
0 0.080564 0.223696 0.0807404 0.217368 0.0741765 0.217265 0.0740001 0.223593
0 0.813596 0.810005 0.813726 0.805162 0.807224 0.805064 0.807094 0.809907
0 0.808354 0.434055 0.808593 0.428201 0.796317 0.427919 0.796078 0.433774
0 0.165258 0.185034 0.165435 0.179824 0.15769 0.179675 0.157513 0.184885
0 0.613385 0.138964 0.613657 0.130526 0.607624 0.130416 0.607352 0.138854
0 0.225117 0.858845 0.225412 0.853102 0.215282 0.85281 0.214988 0.858553
0 0.0753883 0.808617 0.0757758 0.80327 0.0674463 0.802931 0.0670588 0.808278
0 0.613309 0.319787 0.613389 0.315116 0.60725 0.315057 0.60717 0.319727
0 0.163498 0.158303 0.163533 0.153442 0.156978 0.153416 0.156943 0.158277
0 0.7264 0.465352 0.726689 0.456255 0.712466 0.456001 0.712177 0.465098
0 0.602256 0.626301 0.602663 0.618262 0.591583 0.617947 0.591176 0.625986
0 0.176417 0.148167 0.176679 0.142693 0.168845 0.142483 0.168584 0.147956
0 0.675681 0.159835 0.675953 0.155132 0.668284 0.154882 0.668011 0.159585
0 0.0706632 0.254377 0.0713413 0.243407 0.0581605 0.242949 0.0574824 0.253918
0 0.117702 0.142532 0.117803 0.137108 0.110226 0.137028 0.110124 0.142452
0 0.174872 0.127983 0.175615 0.118643 0.165475 0.118189 0.164732 0.12753
0 0.56771 0.904818 0.567918 0.893769 0.556803 0.893651 0.556594 0.9047
0 0.581676 0.731641 0.582233 0.724048 0.574441 0.723726 0.573884 0.73132
0 0.269603 0.553158 0.270044 0.543805 0.258243 0.543492 0.257802 0.552845
0 0.766032 0.866813 0.7663 0.856297 0.757708 0.856175 0.757441 0.866691
0 0.875098 0.132887 0.875453 0.128579 0.868508 0.128257 0.868153 0.132565
0 0.10372 0.156539 0.104071 0.146258 0.0911826 0.146011 0.0908316 0.156292
0 0.60847 0.095174 0.608883 0.0882789 0.597762 0.087904 0.597349 0.0947992
0 0.386824 0.757216 0.387713 0.748906 0.375556 0.748175 0.374667 0.756484
0 0.39163 0.757723 0.392145 0.750033 0.37774 0.74949 0.377225 0.75718
0 0.668415 0.144162 0.669012 0.134314 0.658256 0.133947 0.657659 0.143795
0 0.458211 0.751198 0.458914 0.743603 0.447101 0.742988 0.446398 0.750584
0 0.171761 0.126889 0.171886 0.123076 0.166345 0.122974 0.16622 0.126787
0 0.342029 0.593924 0.34253 0.583561 0.334804 0.583351 0.334303 0.593714
0 0.115664 0.144045 0.116026 0.136756 0.107919 0.13653 0.107558 0.143819
0 0.125102 0.157136 0.12542 0.151462 0.115166 0.151138 0.114848 0.156813
0 0.341792 0.591153 0.342561 0.581243 0.335277 0.580925 0.334508 0.590835
0 0.725525 0.468817 0.726041 0.459141 0.711396 0.458702 0.71088 0.468377
0 0.146064 0.444193 0.146453 0.439316 0.141139 0.439077 0.140749 0.443954
0 0.142009 0.16895 0.142432 0.161263 0.134652 0.161022 0.134228 0.168709
