0 0.86038 0.931561 0.860335 0.923197 0.855677 0.923242 0.855722 0.931606
0 0.271025 0.914694 0.271037 0.907496 0.264277 0.907477 0.264266 0.914674
0 0.447847 0.776086 0.448288 0.766441 0.443294 0.766035 0.442853 0.775679
0 0.940116 0.884894 0.940196 0.874831 0.935286 0.874761 0.935205 0.884824
0 0.795592 0.419803 0.795825 0.407864 0.790659 0.407685 0.790427 0.419624
0 0.660233 0.810571 0.660342 0.803232 0.654689 0.803082 0.65458 0.810421
0 0.831686 0.942261 0.83175 0.934101 0.824502 0.933999 0.824438 0.942159
0 0.298941 0.916103 0.29892 0.90778 0.293052 0.907806 0.293074 0.916129
0 0.618917 0.816004 0.619218 0.807692 0.613042 0.807294 0.612741 0.815607
0 0.738429 0.786837 0.738445 0.780587 0.733146 0.780562 0.73313 0.786813
0 0.423432 0.258723 0.423561 0.248132 0.41751 0.248 0.417381 0.258591
0 0.935026 0.678203 0.93507 0.670316 0.929713 0.670263 0.929668 0.678149
0 0.40771 0.266194 0.407781 0.257903 0.401693 0.25781 0.401623 0.266102
0 0.6843 0.227503 0.684419 0.221138 0.680165 0.220997 0.680046 0.227361
0 0.900089 0.945463 0.900217 0.938248 0.893523 0.938036 0.893395 0.945251
0 0.872477 0.341933 0.872664 0.332641 0.867198 0.332445 0.867012 0.341738
0 0.817528 0.941924 0.817594 0.932558 0.806021 0.932413 0.805955 0.941779
0 0.508864 0.900134 0.509027 0.891253 0.504953 0.89112 0.50479 0.900001
0 0.448986 0.248792 0.449054 0.241237 0.443399 0.241147 0.443331 0.248701
0 0.493858 0.226552 0.494032 0.219373 0.487658 0.219099 0.487485 0.226278
0 0.582899 0.498638 0.583072 0.490888 0.578096 0.490691 0.577923 0.498441
0 0.759977 0.485264 0.760232 0.47473 0.755701 0.474536 0.755446 0.48507
0 0.143892 0.434149 0.1443 0.424867 0.139031 0.424456 0.138624 0.433738
0 0.181214 0.281222 0.181423 0.274791 0.175049 0.274423 0.17484 0.280855
0 0.301116 0.676686 0.301316 0.67085 0.29381 0.670395 0.293611 0.676231
0 0.861178 0.230815 0.861442 0.223695 0.855863 0.223328 0.855599 0.230448
0 0.148457 0.875503 0.14875 0.867613 0.143477 0.867265 0.143183 0.875155
0 0.145687 0.310225 0.145802 0.304368 0.14146 0.304216 0.141345 0.310073
0 0.53225 0.243547 0.53238 0.236122 0.527923 0.235984 0.527793 0.243408
0 0.299386 0.279248 0.299473 0.273807 0.293483 0.273637 0.293396 0.279078
0 0.943069 0.886787 0.94392 0.874671 0.934833 0.873537 0.933982 0.885652
0 0.268472 0.534272 0.269019 0.524708 0.261808 0.523975 0.261262 0.53354
0 0.373249 0.29838 0.373219 0.2908 0.36826 0.290835 0.36829 0.298415
0 0.48287 0.476519 0.483204 0.469309 0.478855 0.468951 0.478521 0.476161
0 0.495334 0.251801 0.495722 0.241611 0.490188 0.241236 0.4898 0.251427
0 0.148083 0.462659 0.148266 0.456374 0.14353 0.456129 0.143347 0.462414
0 0.315401 0.494863 0.315453 0.482992 0.310338 0.482953 0.310286 0.494823
0 0.356604 0.563885 0.35688 0.555974 0.351301 0.555627 0.351025 0.563539
0 0.856318 0.625375 0.856655 0.614973 0.846217 0.614371 0.84588 0.624773
0 0.283006 0.67513 0.283353 0.663826 0.278154 0.663543 0.277807 0.674846
0 0.31898 0.398283 0.31921 0.391234 0.312503 0.390843 0.312272 0.397893
0 0.545136 0.604284 0.545563 0.591734 0.539983 0.591397 0.539556 0.603946
0 0.433312 0.800636 0.433568 0.791416 0.42808 0.791146 0.427825 0.800366
0 0.940162 0.888221 0.940605 0.87323 0.931256 0.872739 0.930813 0.88773
0 0.708438 0.392259 0.70862 0.385409 0.704313 0.385205 0.70413 0.392055
0 0.331509 0.443947 0.331806 0.436411 0.32625 0.436021 0.325953 0.443557
0 0.219952 0.630776 0.220039 0.624552 0.215433 0.624437 0.215346 0.630661
0 0.518691 0.230138 0.518977 0.221126 0.510119 0.220626 0.509833 0.229637
0 0.51584 0.23131 0.51598 0.216249 0.51075 0.216162 0.51061 0.231224
0 0.54469 0.608482 0.54509 0.595263 0.539225 0.594947 0.538824 0.608167
