0 0.150789 0.442778 0.154484 0.41931 0.10599 0.415015 0.102295 0.438483
0 0.789374 0.738356 0.789252 0.719688 0.747668 0.719841 0.74779 0.738509
0 0.531637 0.353573 0.536638 0.33513 0.486032 0.327412 0.481031 0.345855
0 0.192053 0.366324 0.191349 0.347107 0.141437 0.348134 0.14214 0.367351
0 0.757754 0.141686 0.756728 0.113463 0.725594 0.1141 0.72662 0.142323
0 0.0922571 0.430209 0.0923746 0.414288 0.0622153 0.414163 0.0620979 0.430084
0 0.4664 0.498197 0.466477 0.469183 0.431278 0.46913 0.431201 0.498145
0 0.809486 0.371286 0.809324 0.356993 0.774267 0.357216 0.774429 0.37151
0 0.651043 0.346084 0.652451 0.319417 0.629773 0.318744 0.628366 0.345411
0 0.498951 0.974763 0.500467 0.946846 0.47721 0.946135 0.475693 0.974053
0 0.410876 0.348713 0.410419 0.333371 0.371805 0.33402 0.372263 0.349361
0 0.89143 0.200824 0.891508 0.182427 0.867431 0.18237 0.867353 0.200767
0 0.340141 0.391834 0.344315 0.371776 0.301252 0.366735 0.297078 0.386793
0 0.632719 0.518985 0.633117 0.501197 0.575475 0.500471 0.575077 0.518259
0 0.734344 0.354504 0.735525 0.336844 0.698546 0.335453 0.697365 0.353113
0 0.512495 0.222971 0.512658 0.205349 0.471096 0.205131 0.470933 0.222753
0 0.889121 0.376079 0.889433 0.354247 0.861758 0.354024 0.861446 0.375857
0 0.98845 0.265799 0.989485 0.241886 0.968326 0.241371 0.967291 0.265284
0 0.973293 0.135869 0.971874 0.119196 0.942278 0.120614 0.943698 0.137287
0 0.445831 0.204195 0.44634 0.181549 0.397153 0.180926 0.396644 0.203573
0 0.519252 0.367716 0.524235 0.349911 0.481798 0.343231 0.476815 0.361036
0 0.758201 0.330201 0.75782 0.299407 0.722365 0.299654 0.722746 0.330447
0 0.902862 0.271264 0.903819 0.244386 0.882092 0.24395 0.881135 0.270829
0 0.580852 0.394172 0.581134 0.366589 0.550308 0.366412 0.550026 0.393995
0 0.62286 0.789146 0.623336 0.759109 0.57897 0.758713 0.578494 0.78875
0 0.759574 0.868904 0.759004 0.849376 0.704681 0.850269 0.705252 0.869796
0 0.624471 0.299034 0.624914 0.284083 0.593734 0.283563 0.593291 0.298514
0 0.0603428 0.406514 0.0594953 0.387488 0.0138621 0.388631 0.0147095 0.407657
0 0.136047 0.516125 0.135582 0.484735 0.110821 0.484941 0.111285 0.516331
0 0.321357 0.527601 0.324754 0.499407 0.285722 0.496761 0.282324 0.524955
0 0.787544 0.43548 0.787816 0.419274 0.761963 0.419029 0.76169 0.435235
0 0.128388 0.384953 0.1267 0.368788 0.0795737 0.371555 0.0812614 0.387721
0 0.991161 0.173079 0.989708 0.154422 0.943661 0.15644 0.945115 0.175098
0 0.83318 0.278404 0.832525 0.251119 0.805259 0.251487 0.805914 0.278773
0 0.692498 0.464566 0.69045 0.427156 0.657945 0.428157 0.659993 0.465567
0 0.128978 0.891298 0.129664 0.855318 0.096761 0.854965 0.0960747 0.890945
0 0.360635 0.261897 0.361284 0.239011 0.310898 0.238208 0.31025 0.261094
0 0.932741 0.36528 0.932264 0.334676 0.902579 0.334937 0.903057 0.365541
0 0.757467 0.190719 0.76049 0.158644 0.722641 0.156637 0.719618 0.188713
0 0.421476 0.407031 0.420976 0.391083 0.376468 0.391868 0.376969 0.407817
0 0.984145 0.995111 0.982847 0.957956 0.953762 0.958528 0.95506 0.995683
0 0.283788 0.957326 0.283253 0.915372 0.256572 0.915564 0.257107 0.957518
0 0.867908 0.240439 0.867477 0.207179 0.844851 0.207344 0.845283 0.240604
0 0.556072 0.867047 0.557987 0.834413 0.52805 0.833424 0.526134 0.866058
0 0.551598 0.687606 0.549604 0.639023 0.505566 0.640039 0.50756 0.688622
0 0.957858 0.288281 0.95957 0.261864 0.938464 0.261095 0.936752 0.287511
0 0.734771 0.278215 0.734672 0.245901 0.709467 0.245944 0.709566 0.278259
0 0.883787 0.554438 0.887025 0.526647 0.851438 0.524315 0.8482 0.552105
0 0.551828 0.290214 0.553154 0.272744 0.525116 0.271547 0.52379 0.289017
0 0.408406 0.805981 0.410428 0.76943 0.37907 0.768455 0.377049 0.805006
0 0.834896 0.501772 0.836655 0.480781 0.799182 0.479015 0.797423 0.500006
0 0.572655 0.28642 0.57681 0.26674 0.549191 0.26346 0.545036 0.28314
0 0.806828 0.518598 0.806777 0.494642 0.788178 0.494664 0.788229 0.518621
0 0.657081 0.300684 0.657839 0.273312 0.632368 0.272915 0.631609 0.300287
0 0.805218 0.260608 0.808343 0.234344 0.777801 0.2323 0.774676 0.258564
0 0.758023 0.266879 0.759411 0.236166 0.736967 0.235595 0.735579 0.266308
0 0.437397 0.326363 0.43745 0.304583 0.411779 0.304548 0.411726 0.326328
0 0.112288 0.371477 0.110781 0.352315 0.0647383 0.354353 0.0662462 0.373515
0 0.384761 0.674378 0.383355 0.633609 0.35198 0.634218 0.353387 0.674986
0 0.371619 0.376822 0.373566 0.362059 0.340346 0.359595 0.338399 0.374358
0 0.469959 0.342457 0.471369 0.325349 0.452015 0.324452 0.450605 0.34156
0 0.765903 0.291049 0.766166 0.274836 0.746166 0.274654 0.745904 0.290866
0 0.62217 0.275602 0.621404 0.258981 0.583165 0.259973 0.583932 0.276594
0 0.999464 0.146792 1.00004 0.121793 0.981389 0.121551 0.980811 0.14655
0 0.370962 0.356896 0.369779 0.336954 0.344443 0.337799 0.345627 0.357742
0 0.82211 0.219189 0.821378 0.2019 0.783533 0.202801 0.784265 0.22009
0 0.569401 0.333723 0.573271 0.299181 0.536031 0.296834 0.532161 0.331376
0 0.775834 0.232925 0.776145 0.212633 0.751462 0.21242 0.751151 0.232712
0 0.885783 0.530785 0.886174 0.502683 0.854454 0.502434 0.854063 0.530536
0 0.81681 0.223765 0.814725 0.203281 0.776944 0.205445 0.779029 0.225929
0 0.553906 0.32696 0.55593 0.297671 0.527018 0.296548 0.524994 0.325836
0 0.445444 0.330948 0.445242 0.310206 0.419095 0.310349 0.419297 0.331092
0 0.825842 0.448931 0.825791 0.433559 0.808135 0.433592 0.808187 0.448964
0 0.543782 0.273839 0.544442 0.261529 0.521672 0.260842 0.521011 0.273152
0 0.404717 0.814625 0.407965 0.781554 0.380473 0.780035 0.377225 0.813106
