0 0.663891 0.357394 0.664064 0.352765 0.657679 0.352631 0.657506 0.35726
0 0.908352 0.921428 0.908691 0.91519 0.89937 0.914906 0.899032 0.921144
0 0.121206 0.464644 0.121439 0.457379 0.1154 0.457271 0.115168 0.464535
0 0.296202 0.0482707 0.296203 0.0432993 0.29027 0.043299 0.29027 0.0482703
0 0.769529 0.87416 0.769603 0.867927 0.758108 0.86785 0.758033 0.874083
0 0.678879 0.544348 0.678946 0.539078 0.671495 0.539025 0.671428 0.544295
0 0.888719 0.0380633 0.888992 0.0319674 0.882819 0.0318119 0.882546 0.0379079
0 0.741537 0.736444 0.741968 0.730418 0.733681 0.730084 0.73325 0.736111
0 0.127228 0.18692 0.127548 0.180674 0.121108 0.180488 0.120787 0.186734
0 0.909671 0.133347 0.909867 0.126679 0.902603 0.126559 0.902407 0.133227
0 0.942919 0.956582 0.943394 0.948497 0.935426 0.948233 0.93495 0.956319
0 0.763133 0.928352 0.763559 0.918116 0.755614 0.91793 0.755188 0.928166
0 0.4085 0.406463 0.408888 0.399801 0.400442 0.399525 0.400055 0.406186
0 0.930851 0.568823 0.930874 0.563735 0.92299 0.563715 0.922967 0.568803
0 0.395197 0.573555 0.395214 0.568417 0.38651 0.568401 0.386493 0.573539
0 0.919817 0.438068 0.919853 0.434062 0.913186 0.434029 0.91315 0.438034
0 0.778067 0.981434 0.77835 0.973202 0.771931 0.973078 0.771648 0.98131
0 0.891256 0.0384039 0.891946 0.0311076 0.88325 0.0306449 0.88256 0.0379413
0 0.625143 0.735161 0.625441 0.730327 0.61779 0.730062 0.617492 0.734896
0 0.542051 0.635827 0.542424 0.630298 0.535821 0.630048 0.535448 0.635576
0 0.174658 0.537258 0.17513 0.531052 0.162096 0.530495 0.161624 0.536701
0 0.628906 0.794035 0.629186 0.788134 0.623449 0.787981 0.623169 0.793882
0 0.848864 0.619133 0.849224 0.612827 0.841073 0.612565 0.840712 0.618871
0 0.723733 0.790652 0.723798 0.786398 0.716079 0.786331 0.716014 0.790585
0 0.925712 0.508354 0.925719 0.502677 0.914941 0.502669 0.914933 0.508346
0 0.542174 0.056338 0.54245 0.0491169 0.534689 0.0489499 0.534413 0.056171
0 0.124066 0.465426 0.125161 0.456074 0.114568 0.455376 0.113473 0.464729
0 0.947637 0.606583 0.947967 0.601291 0.940736 0.601038 0.940407 0.60633
0 0.415364 0.235462 0.415418 0.230935 0.407912 0.230885 0.407858 0.235411
0 0.678102 0.978252 0.678544 0.968748 0.671511 0.968564 0.67107 0.978069
0 0.630512 0.237279 0.630518 0.231055 0.624271 0.231051 0.624265 0.237276
0 0.93558 0.0977698 0.935694 0.09293 0.924897 0.0927866 0.924783 0.0976264
0 0.610879 0.589431 0.61114 0.581251 0.604932 0.581139 0.604672 0.589319
0 0.580222 0.344057 0.580642 0.33804 0.574375 0.337794 0.573955 0.34381
0 0.370464 0.26937 0.371126 0.261288 0.358686 0.260715 0.358024 0.268797
0 0.458877 0.16885 0.459076 0.162768 0.451623 0.162632 0.451425 0.168713
0 0.924505 0.465759 0.924555 0.461568 0.915843 0.46151 0.915793 0.465701
0 0.499676 0.446493 0.499758 0.442295 0.491526 0.442205 0.491445 0.446402
0 0.919031 0.50775 0.919117 0.503206 0.908203 0.503089 0.908117 0.507634
0 0.191972 0.710724 0.192238 0.705899 0.185907 0.705703 0.185641 0.710528
0 0.924919 0.408997 0.925158 0.404313 0.913445 0.403975 0.913206 0.40866
0 0.675856 0.68133 0.67643 0.672051 0.669921 0.671825 0.669347 0.681103
0 0.458236 0.167406 0.458353 0.16218 0.449523 0.162069 0.449405 0.167294
0 0.725302 0.793804 0.725834 0.785548 0.717498 0.785245 0.716966 0.793501
0 0.259116 0.731332 0.259432 0.723839 0.253041 0.723687 0.252725 0.73118
0 0.925562 0.468815 0.925822 0.461462 0.917597 0.461299 0.917338 0.468652
0 0.913934 0.319052 0.914399 0.312275 0.907853 0.312022 0.907387 0.318799
0 0.114533 0.357093 0.114869 0.352784 0.108192 0.352491 0.107857 0.3568
0 0.54176 0.143944 0.542529 0.134293 0.531713 0.133809 0.530945 0.143459
0 0.564183 0.23442 0.564389 0.230966 0.558077 0.230755 0.557871 0.234208
0 0.674921 0.422998 0.675274 0.41844 0.667657 0.418108 0.667304 0.422666
0 0.942577 0.568843 0.942876 0.561535 0.934327 0.561338 0.934028 0.568646
0 0.485512 0.147337 0.485658 0.142897 0.474917 0.142699 0.474771 0.147139
