0 0.596085 0.0843549 0.596254 0.0749478 0.589047 0.0747168 0.588877 0.0841239
0 0.706296 0.160663 0.706533 0.151957 0.69835 0.151562 0.698113 0.160268
0 0.395004 0.0936813 0.395094 0.0858372 0.391098 0.0857551 0.391008 0.0935992
0 0.8155 0.664772 0.815753 0.655339 0.806214 0.654886 0.805962 0.664319
0 0.719757 0.226012 0.719956 0.216752 0.71469 0.21655 0.71449 0.22581
0 0.349122 0.115769 0.349152 0.107868 0.343389 0.107829 0.343358 0.11573
0 0.665154 0.1237 0.665207 0.114651 0.659324 0.11459 0.659272 0.123639
0 0.173185 0.598306 0.173241 0.590821 0.168003 0.590751 0.167947 0.598237
0 0.627954 0.376384 0.628132 0.369743 0.618822 0.369299 0.618644 0.375939
0 0.818623 0.666323 0.819099 0.655865 0.808658 0.65502 0.808182 0.665478
0 0.288705 0.321955 0.288736 0.311742 0.281751 0.311704 0.28172 0.321917
0 0.665169 0.126357 0.666075 0.114476 0.656912 0.113234 0.656006 0.125115
0 0.506249 0.414969 0.506824 0.405742 0.500359 0.405026 0.499784 0.414253
0 0.682214 0.358603 0.682497 0.348731 0.677378 0.34847 0.677096 0.358342
0 0.626274 0.376482 0.626351 0.366325 0.62246 0.366272 0.622382 0.376429
0 0.631248 0.378036 0.631367 0.370442 0.620992 0.370152 0.620873 0.377747
