0 0.79753 0.334451 0.797517 0.301649 0.752926 0.301681 0.752939 0.334482
0 0.620818 0.430572 0.621893 0.384775 0.595819 0.383686 0.594744 0.429484
0 0.914713 0.261524 0.914842 0.222195 0.881911 0.222003 0.881782 0.261332
0 0.335489 0.482457 0.335353 0.443085 0.303798 0.443278 0.303934 0.482651
0 0.24821 0.926343 0.24849 0.887192 0.221255 0.886846 0.220975 0.925997
0 0.781583 0.404719 0.781015 0.376805 0.743132 0.378178 0.743701 0.406091
0 0.425701 0.532801 0.425898 0.475491 0.398713 0.475326 0.398516 0.532636
0 0.203514 0.596863 0.20372 0.559341 0.178731 0.559097 0.178524 0.596619
0 0.267407 0.434269 0.267933 0.394674 0.241089 0.394041 0.240564 0.433636
0 0.623316 0.828004 0.622976 0.783743 0.569777 0.784471 0.570117 0.828731
0 0.402415 0.651602 0.403257 0.617098 0.370981 0.615698 0.370139 0.650201
0 0.271438 0.648031 0.270268 0.585655 0.239454 0.586682 0.240623 0.649058
0 0.235851 0.75044 0.236454 0.718339 0.212368 0.717535 0.211765 0.749636
0 0.273753 0.725255 0.274342 0.66389 0.248926 0.663456 0.248337 0.724821
0 0.414778 0.379749 0.420795 0.304235 0.384213 0.299054 0.378197 0.374568
0 0.22096 0.37085 0.220585 0.307315 0.189837 0.307638 0.190213 0.371173
0 0.68827 0.156375 0.68935 0.111096 0.664004 0.110021 0.662925 0.155301
0 0.397864 0.187573 0.39795 0.159451 0.366498 0.15928 0.366413 0.187403
0 0.83555 0.459328 0.837597 0.400232 0.80436 0.398185 0.802313 0.457281
0 0.483497 0.478257 0.486329 0.435184 0.453459 0.431342 0.450627 0.474415
0 0.240907 0.381659 0.241719 0.345279 0.221937 0.344494 0.221124 0.380874
0 0.474376 0.493726 0.477627 0.458782 0.445168 0.453414 0.441917 0.488357
0 0.743083 0.813358 0.743291 0.771946 0.700867 0.771566 0.700659 0.812978
0 0.523102 0.922516 0.524392 0.880978 0.499403 0.879597 0.498112 0.921135
