0 0.761098 0.589011 0.761276 0.581036 0.752377 0.580924 0.752199 0.5889
0 0.816084 0.494994 0.816418 0.488738 0.807989 0.488485 0.807655 0.494741
0 0.613268 0.25904 0.613392 0.253051 0.602416 0.252923 0.602291 0.258911
0 0.458539 0.306866 0.458709 0.300278 0.449832 0.300149 0.449661 0.306737
0 0.685352 0.269799 0.685911 0.263163 0.675108 0.262651 0.674549 0.269287
0 0.48727 0.270035 0.487399 0.261977 0.478282 0.261895 0.478154 0.269953
0 0.484756 0.269679 0.48486 0.263046 0.474685 0.262956 0.474581 0.269589
0 0.851331 0.662709 0.851626 0.655395 0.845385 0.655253 0.845089 0.662568
0 0.386937 0.668051 0.386999 0.661843 0.37922 0.661799 0.379157 0.668007
0 0.817785 0.496548 0.817948 0.487229 0.809554 0.487147 0.809392 0.496465
0 0.312748 0.577416 0.313177 0.568841 0.307507 0.568681 0.307078 0.577256
0 0.508966 0.2689 0.509076 0.260083 0.496413 0.259994 0.496302 0.268811
0 0.718384 0.324788 0.718621 0.318081 0.708263 0.317875 0.708026 0.324582
0 0.851958 0.661006 0.852225 0.655483 0.841567 0.655193 0.8413 0.660716
0 0.748736 0.794949 0.749417 0.78348 0.736974 0.783064 0.736292 0.794533
0 0.391803 0.669447 0.391899 0.661828 0.378121 0.66173 0.378026 0.66935
