0 0.711814 0.909451 0.711975 0.903926 0.705082 0.903813 0.704921 0.909338
0 0.16258 0.185078 0.162781 0.179325 0.155857 0.179189 0.155656 0.184942
0 0.58629 0.162771 0.586484 0.155255 0.580129 0.155163 0.579935 0.162679
0 0.846108 0.261486 0.846147 0.255878 0.838828 0.25585 0.838789 0.261457
0 0.710419 0.881468 0.710885 0.874762 0.705531 0.874553 0.705065 0.881258
0 0.550268 0.239602 0.550351 0.235282 0.542689 0.2352 0.542606 0.239519
0 0.721795 0.763175 0.721955 0.757582 0.715913 0.757484 0.715753 0.763077
0 0.807696 0.91369 0.808535 0.906015 0.797933 0.905363 0.797094 0.913038
0 0.853205 0.467562 0.853295 0.46193 0.847357 0.461876 0.847267 0.467509
0 0.258861 0.268838 0.259216 0.262312 0.253262 0.26213 0.252906 0.268655
0 0.681293 0.231403 0.681564 0.223508 0.672518 0.223334 0.672247 0.231228
0 0.699825 0.764469 0.699892 0.756232 0.691122 0.756192 0.691055 0.764428
0 0.323341 0.465479 0.323439 0.461639 0.316182 0.461535 0.316084 0.465375
0 0.724153 0.263023 0.724279 0.258865 0.716329 0.258729 0.716202 0.262886
0 0.852151 0.157024 0.852961 0.149697 0.842253 0.149032 0.841443 0.156358
0 0.274937 0.135467 0.275189 0.130683 0.265622 0.1304 0.265371 0.135184
0 0.466859 0.344231 0.467469 0.337014 0.458685 0.336596 0.458075 0.343814
0 0.725271 0.262827 0.725674 0.256212 0.717772 0.255941 0.717369 0.262557
0 0.7085 0.46201 0.708902 0.456119 0.702495 0.455873 0.702093 0.461764
0 0.159318 0.164336 0.159946 0.156106 0.15296 0.155807 0.152332 0.164036
0 0.592505 0.531819 0.592717 0.527073 0.587573 0.526943 0.587361 0.531689
0 0.350521 0.547651 0.350682 0.542797 0.341634 0.542628 0.341473 0.547483
0 0.512315 0.657873 0.512408 0.654233 0.506952 0.654154 0.506859 0.657794
0 0.182421 0.181601 0.182787 0.174912 0.174686 0.174663 0.17432 0.181351
0 0.158529 0.163318 0.158669 0.158855 0.149678 0.158696 0.149537 0.163159
0 0.209218 0.143815 0.209453 0.135621 0.200524 0.135477 0.200289 0.143671
0 0.261341 0.382296 0.261467 0.378546 0.25628 0.378448 0.256154 0.382198
0 0.842167 0.933454 0.842747 0.927769 0.832851 0.927201 0.83227 0.932885
0 0.586978 0.16304 0.587326 0.154953 0.574956 0.154653 0.574608 0.162741
0 0.624916 0.658103 0.625198 0.654428 0.615876 0.654025 0.615594 0.6577
0 0.563269 0.30641 0.563507 0.300342 0.557631 0.300212 0.557393 0.30628
0 0.849175 0.387244 0.849425 0.380967 0.841564 0.380791 0.841314 0.387068
