0 0.295964 0.929737 0.295511 0.911207 0.257396 0.911732 0.25785 0.930262
0 0.121328 0.137907 0.121872 0.118065 0.0991498 0.117715 0.0986061 0.137557
0 0.76057 0.196896 0.760548 0.173095 0.736118 0.173108 0.73614 0.196908
0 0.042684 0.492974 0.0416463 0.465519 0.0141154 0.466105 0.015153 0.493559
0 0.19812 0.222809 0.198394 0.20162 0.174338 0.201445 0.174064 0.222634
0 0.0335969 0.837914 0.0332829 0.819436 0.0156285 0.819605 0.0159425 0.838082
0 0.164101 0.174346 0.164643 0.158001 0.137033 0.157486 0.136491 0.17383
0 0.347203 0.217116 0.347159 0.190267 0.325967 0.190287 0.326012 0.217136
0 0.111665 0.894777 0.113519 0.866862 0.0836818 0.865747 0.0818282 0.893663
0 0.103971 0.322864 0.10451 0.297354 0.0799216 0.297062 0.0793831 0.322572
0 0.684762 0.225512 0.686985 0.197671 0.657508 0.196347 0.655286 0.224189
0 0.063347 0.206219 0.064097 0.183673 0.0377055 0.183179 0.0369555 0.205726
0 0.102924 0.277039 0.102683 0.264129 0.0711852 0.26446 0.0714262 0.277369
0 0.835596 0.124922 0.83589 0.0974343 0.81241 0.0972931 0.812116 0.124781
0 0.386409 0.217923 0.385275 0.184256 0.361674 0.184703 0.362808 0.21837
0 0.126198 0.295286 0.126941 0.274252 0.0977043 0.27367 0.0969607 0.294705
0 0.831017 0.20988 0.831346 0.197441 0.81158 0.197146 0.81125 0.209585
0 0.574083 0.198852 0.576026 0.178212 0.554409 0.177067 0.552466 0.197707
0 0.944887 0.229344 0.945336 0.204257 0.924898 0.204052 0.92445 0.229138
0 0.0149257 0.611128 0.01557 0.593571 0.000104688 0.593252 -0.000539613 0.610809
0 0.250934 0.4706 0.251633 0.454203 0.232419 0.453742 0.23172 0.470139
