0 0.598351 0.78665 0.598305 0.780137 0.584853 0.78019 0.584898 0.786703
0 0.592181 0.659037 0.592721 0.649933 0.584005 0.649642 0.583465 0.658746
0 0.444765 0.774174 0.444911 0.767787 0.434504 0.767653 0.434357 0.77404
0 0.677392 0.397023 0.677441 0.391091 0.669697 0.391055 0.669648 0.396986
0 0.666468 0.669063 0.666677 0.662155 0.656026 0.661974 0.655818 0.668882
0 0.359652 0.55708 0.360001 0.546383 0.350527 0.546209 0.350178 0.556906
0 0.492207 0.794471 0.492203 0.787269 0.47944 0.787273 0.479444 0.794475
0 0.641637 0.438268 0.642163 0.43097 0.629877 0.430473 0.629351 0.43777
0 0.296989 0.524989 0.296953 0.518443 0.285833 0.518476 0.285868 0.525022
0 0.49194 0.225723 0.492231 0.218266 0.477031 0.217932 0.476739 0.225389
0 0.720998 0.432096 0.721931 0.423576 0.708844 0.42277 0.707911 0.43129
0 0.215491 0.620228 0.215658 0.615282 0.207859 0.615135 0.207693 0.620081
0 0.784351 0.489285 0.784426 0.484636 0.77805 0.484579 0.777975 0.489227
