0 0.780395 0.421701 0.780381 0.416109 0.771232 0.416122 0.771246 0.421714
0 0.454336 0.440641 0.454377 0.435604 0.447646 0.435573 0.447605 0.44061
0 0.281044 0.0818518 0.281398 0.0751044 0.272814 0.0748509 0.27246 0.0815983
0 0.915927 0.832373 0.916141 0.827349 0.908194 0.827158 0.90798 0.832182
0 0.848654 0.207751 0.848801 0.202767 0.841336 0.202643 0.841189 0.207627
0 0.911853 0.550955 0.912114 0.543278 0.904017 0.543124 0.903756 0.5508
0 0.458803 0.444062 0.459193 0.43585 0.448665 0.435569 0.448276 0.443782
0 0.82166 0.841223 0.821761 0.834658 0.81533 0.834602 0.815229 0.841167
0 0.225025 0.108696 0.225267 0.104621 0.216055 0.104313 0.215812 0.108388
0 0.496355 0.250669 0.496509 0.243684 0.490583 0.24361 0.490429 0.250596
0 0.758715 0.543931 0.758915 0.536665 0.750661 0.536537 0.750461 0.543803
0 0.275074 0.319178 0.275361 0.312951 0.265063 0.312684 0.264776 0.318911
0 0.908626 0.531394 0.908898 0.524545 0.90103 0.524369 0.900758 0.531218
0 0.215866 0.122622 0.215998 0.118388 0.207334 0.118235 0.207201 0.12247
0 0.415646 0.37039 0.415871 0.365914 0.408251 0.365699 0.408026 0.370175
0 0.908485 0.481462 0.908781 0.474409 0.898197 0.47416 0.897902 0.481212
0 0.686586 0.166656 0.686645 0.161675 0.68059 0.161635 0.68053 0.166615
0 0.691648 0.148366 0.691875 0.143264 0.678545 0.142931 0.678318 0.148033
0 0.608783 0.120094 0.609133 0.113872 0.602603 0.113665 0.602253 0.119887
0 0.818203 0.81161 0.818475 0.805168 0.808201 0.804924 0.807929 0.811366
0 0.908803 0.479466 0.909052 0.473198 0.899454 0.472984 0.899206 0.479251
0 0.950027 0.856926 0.950897 0.849115 0.9418 0.848546 0.940931 0.856357
0 0.846811 0.458115 0.846986 0.453612 0.840674 0.453474 0.840499 0.457977
0 0.757316 0.541869 0.757327 0.53638 0.749319 0.536372 0.749309 0.541861
0 0.535078 0.163258 0.535249 0.156112 0.524868 0.155972 0.524696 0.163118
0 0.658721 0.5939 0.658876 0.587136 0.651433 0.58704 0.651277 0.593804
0 0.574773 0.587452 0.575189 0.580672 0.563082 0.580255 0.562666 0.587035
0 0.767115 0.55908 0.767267 0.553809 0.758088 0.55366 0.757936 0.558931
0 0.578156 0.418924 0.57875 0.410325 0.573634 0.410126 0.573039 0.418725
0 0.435543 0.385511 0.435787 0.380759 0.424963 0.380445 0.424719 0.385197
0 0.868348 0.282848 0.868716 0.277044 0.858441 0.276677 0.858072 0.282481
0 0.642404 0.621522 0.642519 0.61719 0.635417 0.617083 0.635302 0.621416
0 0.2751 0.0969744 0.275427 0.0922582 0.265656 0.0918772 0.26533 0.0965934
0 0.351339 0.170415 0.35155 0.166134 0.341694 0.165861 0.341483 0.170143
0 0.458488 0.443173 0.459273 0.431253 0.448359 0.430849 0.447574 0.442768
0 0.674882 0.224983 0.675333 0.21867 0.666048 0.218298 0.665598 0.22461
0 0.891928 0.407475 0.892043 0.400229 0.882407 0.400143 0.882292 0.407389
