0 0.911746 0.302071 0.911223 0.27566 0.872268 0.277032 0.872791 0.303443
0 0.307191 0.306669 0.307415 0.26895 0.281854 0.268681 0.28163 0.3064
0 0.447711 0.487092 0.44857 0.454574 0.41732 0.453107 0.416461 0.485624
0 0.809482 0.31212 0.810169 0.277618 0.764418 0.275999 0.763731 0.310502
0 0.367622 0.193187 0.368135 0.155757 0.340111 0.155073 0.339598 0.192504
0 0.233719 0.328383 0.234072 0.286021 0.210244 0.285668 0.209891 0.32803
0 0.483604 0.346687 0.485305 0.29564 0.4571 0.293969 0.455399 0.345016
0 0.214548 0.893056 0.214216 0.853566 0.169268 0.854236 0.1696 0.893726
0 0.61711 0.378932 0.61774 0.33217 0.592326 0.331561 0.591696 0.378323
0 0.232324 0.545288 0.232088 0.494501 0.204992 0.494725 0.205227 0.545512
0 0.962218 0.247825 0.962521 0.209468 0.935192 0.209084 0.934889 0.247441
0 0.294288 0.913739 0.293616 0.866986 0.262045 0.867793 0.262718 0.914547
0 0.637066 0.788647 0.636445 0.744786 0.592079 0.745902 0.5927 0.789763
0 0.262315 0.577768 0.262713 0.537373 0.239247 0.536962 0.238849 0.577357
0 0.338366 0.532466 0.340726 0.477306 0.314925 0.475344 0.312565 0.530504
0 0.176203 0.566829 0.175179 0.510615 0.143426 0.511643 0.14445 0.567857
0 0.73715 0.138774 0.737091 0.0902085 0.710745 0.0902658 0.710805 0.138831
0 0.383581 0.549295 0.390295 0.483544 0.358291 0.477734 0.351577 0.543486
0 0.409302 0.484102 0.411359 0.441211 0.382401 0.438742 0.380344 0.481632
0 0.366012 0.406825 0.367987 0.365786 0.331526 0.362667 0.329552 0.403706
0 0.437113 0.574295 0.437191 0.51705 0.41235 0.51699 0.412271 0.574234
0 0.856745 0.424112 0.859085 0.369883 0.830998 0.367728 0.828657 0.421957
0 0.384523 0.441287 0.386119 0.407711 0.368524 0.406224 0.366929 0.439801
0 0.761046 0.773477 0.76219 0.738651 0.72857 0.736688 0.727426 0.771513
0 0.540779 0.884768 0.541912 0.845038 0.524449 0.844153 0.523316 0.883883
0 0.366096 0.433621 0.36807 0.40449 0.346416 0.401881 0.344442 0.431012
