0 0.148013 0.211471 0.148295 0.203256 0.141166 0.203118 0.140883 0.211333
0 0.343374 0.0690158 0.34371 0.0617072 0.335497 0.0614952 0.335162 0.0688037
0 0.762758 0.944516 0.763355 0.936214 0.756533 0.935938 0.755936 0.94424
0 0.9556 0.59094 0.955672 0.584834 0.949274 0.584792 0.949202 0.590898
0 0.443112 0.411624 0.443328 0.405854 0.436837 0.405718 0.436621 0.411487
0 0.764472 0.875093 0.764692 0.868246 0.757953 0.868124 0.757733 0.87497
0 0.9419 0.975499 0.942532 0.968563 0.935039 0.968179 0.934406 0.975114
0 0.717729 0.374621 0.717956 0.368755 0.708188 0.368542 0.707962 0.374409
0 0.2169 0.0611218 0.21686 0.0558757 0.208038 0.0559139 0.208078 0.0611599
0 0.563504 0.0820575 0.563747 0.0774363 0.558119 0.0772694 0.557875 0.0818907
0 0.33306 0.0864245 0.333418 0.0808321 0.324357 0.0805056 0.323999 0.086098
0 0.626382 0.371521 0.626603 0.366167 0.620802 0.366032 0.620581 0.371387
0 0.225979 0.53154 0.226221 0.52603 0.220139 0.52588 0.219898 0.53139
0 0.741768 0.793949 0.742289 0.786389 0.732423 0.786006 0.731902 0.793566
0 0.71818 0.261156 0.718388 0.255485 0.708272 0.255276 0.708063 0.260946
0 0.629384 0.756496 0.629803 0.749529 0.623374 0.749312 0.622955 0.756279
0 0.908017 0.941101 0.909046 0.931212 0.900553 0.930715 0.899524 0.940604
0 0.914372 0.0517698 0.914753 0.0436068 0.908098 0.043432 0.907717 0.0515951
0 0.925548 0.151792 0.925968 0.143742 0.916965 0.143477 0.916545 0.151528
0 0.712242 0.576226 0.712553 0.56851 0.707638 0.568398 0.707327 0.576115
0 0.859913 0.24415 0.860145 0.238793 0.85504 0.238668 0.854807 0.244026
0 0.927401 0.543903 0.92773 0.536041 0.920085 0.535861 0.919756 0.543723
0 0.264256 0.722867 0.264227 0.718124 0.257898 0.718146 0.257928 0.722889
0 0.359857 0.16888 0.360192 0.162098 0.354629 0.161943 0.354294 0.168725
0 0.133532 0.474227 0.133815 0.467907 0.124898 0.467683 0.124616 0.474002
0 0.717461 0.262832 0.717589 0.256043 0.710626 0.25597 0.710498 0.262758
0 0.693898 0.845988 0.693999 0.840723 0.686508 0.840642 0.686407 0.845907
0 0.92877 0.431642 0.928885 0.426861 0.922627 0.426776 0.922512 0.431558
0 0.941817 0.581742 0.942134 0.575402 0.930927 0.575087 0.93061 0.581426
0 0.407745 0.338833 0.408594 0.330604 0.395463 0.329841 0.394613 0.33807
0 0.164574 0.361206 0.164631 0.355839 0.15799 0.3558 0.157933 0.361167
0 0.874645 0.651233 0.875261 0.643468 0.866089 0.643058 0.865473 0.650824
0 0.125636 0.390125 0.126211 0.381233 0.1188 0.380964 0.118225 0.389856
0 0.708928 0.468866 0.709317 0.4621 0.702884 0.461892 0.702495 0.468658
0 0.368479 0.563356 0.368798 0.555932 0.35829 0.555678 0.357971 0.563102
0 0.911675 0.45662 0.911775 0.451822 0.905074 0.451743 0.904974 0.456541
0 0.64991 0.612031 0.650078 0.606133 0.641419 0.605994 0.641251 0.611893
0 0.150078 0.11447 0.150182 0.109915 0.142295 0.109814 0.142191 0.114369
0 0.147081 0.116684 0.14767 0.105842 0.141036 0.10564 0.140447 0.116481
0 0.493118 0.182981 0.493318 0.178818 0.488044 0.178676 0.487845 0.182839
0 0.925113 0.337803 0.925599 0.330982 0.917792 0.330669 0.917306 0.33749
0 0.217664 0.0627243 0.217948 0.0560726 0.210777 0.0558999 0.210492 0.0625517
0 0.647782 0.256422 0.648003 0.249956 0.640775 0.249817 0.640554 0.256283
0 0.125487 0.389994 0.125624 0.383854 0.11642 0.383739 0.116282 0.389879
0 0.925566 0.156351 0.925912 0.147378 0.916804 0.14718 0.916458 0.156153
0 0.923542 0.338348 0.923656 0.333019 0.916359 0.332931 0.916245 0.33826
0 0.416787 0.590258 0.416893 0.585949 0.409336 0.585844 0.409229 0.590152
0 0.679906 0.99531 0.68003 0.990252 0.673373 0.99016 0.673249 0.995218
0 0.558306 0.646213 0.55857 0.641676 0.550305 0.641406 0.550042 0.645943
0 0.650351 0.612973 0.650441 0.607916 0.642665 0.607838 0.642575 0.612896
0 0.908462 0.94411 0.909322 0.933636 0.898758 0.933148 0.897898 0.943622
0 0.404293 0.338439 0.404668 0.329306 0.391642 0.329005 0.391267 0.338138
0 0.591623 0.249774 0.592059 0.243671 0.583926 0.243345 0.583489 0.249447
0 0.60817 0.68885 0.608795 0.681208 0.60067 0.680834 0.600045 0.688477
0 0.954013 0.122146 0.954143 0.117875 0.941601 0.117659 0.94147 0.12193
0 0.575791 0.163234 0.576279 0.15609 0.568328 0.155784 0.56784 0.162929
0 0.941615 0.483616 0.941926 0.478532 0.929307 0.478098 0.928996 0.483181
0 0.958396 0.594113 0.95895 0.584784 0.947261 0.584394 0.946707 0.593723
