0 0.712563 0.210696 0.712344 0.19802 0.679625 0.198338 0.679844 0.211014
0 0.814886 0.404327 0.815328 0.38781 0.772445 0.387164 0.772003 0.403681
0 0.61597 0.193192 0.61765 0.172775 0.59337 0.171651 0.59169 0.192069
0 0.710801 0.498917 0.70999 0.481226 0.679003 0.482025 0.679814 0.499716
0 0.668337 0.438641 0.668927 0.419163 0.647807 0.418803 0.647217 0.438282
0 0.718445 0.712567 0.71801 0.695923 0.678756 0.696501 0.679192 0.713145
0 0.842093 0.509624 0.84172 0.486527 0.80422 0.486868 0.804593 0.509965
0 0.750411 0.51726 0.749775 0.499488 0.711645 0.500255 0.712281 0.518027
0 0.608243 0.458839 0.609123 0.437072 0.578786 0.436382 0.577906 0.458149
0 0.536562 0.345616 0.537566 0.322627 0.516041 0.322098 0.515038 0.345088
0 0.733871 0.656919 0.734674 0.640225 0.699196 0.639264 0.698392 0.655958
0 0.562604 0.55435 0.56282 0.539294 0.530511 0.539034 0.530296 0.55409
0 0.42708 0.390495 0.427562 0.375973 0.394666 0.37536 0.394184 0.389881
0 0.703004 0.334189 0.704282 0.306612 0.674646 0.30584 0.673368 0.333416
0 0.721667 0.611035 0.721816 0.598208 0.696162 0.598041 0.696013 0.610868
0 0.798309 0.300655 0.798288 0.282153 0.770331 0.28217 0.770352 0.300672
0 0.557409 0.144192 0.557431 0.127604 0.536788 0.127589 0.536766 0.144176
0 0.636558 0.224981 0.638569 0.199574 0.612791 0.198427 0.610781 0.223834
0 0.511921 0.534719 0.512549 0.519123 0.493957 0.518702 0.493329 0.534298
0 0.766074 0.792499 0.765229 0.750969 0.743261 0.751221 0.744107 0.792751
0 0.379062 0.29938 0.380549 0.270508 0.347227 0.269543 0.345741 0.298415
0 0.22042 0.641698 0.22244 0.609736 0.194506 0.608743 0.192486 0.640705
0 0.573332 0.285332 0.573126 0.254422 0.551376 0.254504 0.551582 0.285413
0 0.669594 0.53173 0.669498 0.517497 0.631257 0.517643 0.631354 0.531876
0 0.552932 0.419783 0.552325 0.402471 0.516155 0.403183 0.516761 0.420495
0 0.708348 0.594804 0.70892 0.570966 0.674765 0.570505 0.674193 0.594343
0 0.737476 0.973241 0.738304 0.944028 0.707913 0.943544 0.707085 0.972757
0 0.74452 0.967778 0.746789 0.938491 0.714256 0.937073 0.711986 0.96636
