0 0.810098 0.872793 0.810233 0.865252 0.802086 0.86517 0.801951 0.87271
0 0.580792 0.908168 0.580786 0.902912 0.571817 0.902918 0.571823 0.908174
0 0.726133 0.188642 0.72676 0.180288 0.718431 0.179937 0.717804 0.18829
0 0.265358 0.558123 0.265648 0.552294 0.257699 0.552071 0.257409 0.5579
0 0.810385 0.811051 0.81062 0.805282 0.802006 0.805085 0.801771 0.810853
0 0.630978 0.145367 0.631518 0.137781 0.623979 0.137479 0.623439 0.145065
0 0.722243 0.468952 0.722234 0.461951 0.711311 0.461959 0.71132 0.46896
0 0.576422 0.145667 0.576615 0.138962 0.569597 0.138848 0.569404 0.145554
0 0.0963363 0.731695 0.0968606 0.721132 0.087979 0.720884 0.0874547 0.731447
0 0.0550888 0.267336 0.055172 0.261436 0.0486155 0.261384 0.0485323 0.267284
0 0.155705 0.163744 0.155968 0.156864 0.14894 0.156713 0.148678 0.163593
0 0.767309 0.872592 0.767398 0.866962 0.757382 0.866873 0.757293 0.872504
0 0.385654 0.762808 0.385807 0.756603 0.379855 0.756521 0.379702 0.762725
0 0.258471 0.149389 0.259085 0.142381 0.249852 0.141926 0.249239 0.148935
0 0.160763 0.133873 0.160876 0.128217 0.15475 0.128149 0.154637 0.133804
0 0.341225 0.590117 0.342089 0.581184 0.333116 0.580695 0.332252 0.589629
0 0.758262 0.122912 0.758535 0.117946 0.746343 0.117568 0.746069 0.122534
0 0.0497226 0.785981 0.0499804 0.779808 0.0415657 0.779611 0.0413079 0.785783
0 0.803783 0.438193 0.804111 0.430953 0.79151 0.430632 0.791182 0.437872
0 0.829238 0.868934 0.829606 0.858818 0.820389 0.858629 0.82002 0.868745
0 0.458385 0.756952 0.458695 0.749425 0.445799 0.749127 0.445489 0.756654
0 0.580787 0.734509 0.580994 0.730144 0.574323 0.729967 0.574117 0.734331
0 0.486821 0.719085 0.486916 0.711103 0.480038 0.711056 0.479942 0.719038
0 0.0584075 0.26898 0.0589583 0.260928 0.0482533 0.260516 0.0477025 0.268568
0 0.833751 0.150404 0.834353 0.142956 0.824849 0.142524 0.824247 0.149972
0 0.828482 0.865468 0.828904 0.8563 0.820853 0.856092 0.820431 0.865259
0 0.731144 0.619186 0.731449 0.614062 0.724681 0.613835 0.724375 0.61896
0 0.108611 0.16904 0.10917 0.160915 0.099949 0.160558 0.0993896 0.168683
0 0.663816 0.169092 0.664413 0.161303 0.657493 0.161005 0.656896 0.168794
0 0.249502 0.157682 0.250074 0.150898 0.241654 0.150498 0.241082 0.157283
0 0.866894 0.145289 0.867232 0.140402 0.858214 0.140052 0.857877 0.144939
0 0.0691277 0.244678 0.0700056 0.236423 0.0588504 0.235756 0.0579725 0.244011
0 0.608424 0.581942 0.609096 0.571046 0.598028 0.570662 0.597356 0.581558
0 0.191897 0.178123 0.192705 0.168694 0.184332 0.16829 0.183523 0.177719
0 0.154227 0.787653 0.154402 0.780229 0.148343 0.780149 0.148168 0.787573
0 0.241973 0.861962 0.242219 0.856115 0.231766 0.855868 0.23152 0.861715
0 0.1267 0.151216 0.126981 0.143678 0.118963 0.14351 0.118683 0.151048
0 0.676411 0.887628 0.676763 0.880844 0.670408 0.880659 0.670056 0.887442
0 0.142266 0.450122 0.142702 0.443649 0.135932 0.443393 0.135497 0.449866
0 0.387127 0.762348 0.387403 0.755696 0.374977 0.755405 0.374701 0.762058
0 0.608755 0.331476 0.609091 0.322594 0.600833 0.322418 0.600497 0.331301
0 0.114196 0.159448 0.114495 0.152867 0.106078 0.152652 0.105779 0.159233
0 0.841823 0.194411 0.842337 0.187255 0.829659 0.186743 0.829145 0.193898
0 0.534282 0.798523 0.534553 0.793125 0.524161 0.792831 0.523889 0.79823
