0 0.746574 0.75038 0.74668 0.743448 0.737347 0.743367 0.737241 0.7503
0 0.667093 0.395714 0.667842 0.386911 0.657995 0.38644 0.657246 0.395243
0 0.720664 0.643151 0.720773 0.636778 0.713528 0.636708 0.713419 0.643081
0 0.486484 0.776277 0.486846 0.768151 0.47478 0.767849 0.474418 0.775975
0 0.427677 0.629708 0.428173 0.618157 0.417778 0.617906 0.417282 0.629457
0 0.725049 0.607561 0.725455 0.601374 0.710697 0.600829 0.710292 0.607016
0 0.710232 0.426758 0.710672 0.418644 0.704179 0.418446 0.703739 0.42656
0 0.391649 0.634137 0.392035 0.626041 0.378084 0.625667 0.377697 0.633763
0 0.551357 0.67275 0.551488 0.668058 0.541582 0.667903 0.541451 0.672595
0 0.777789 0.427782 0.777867 0.418437 0.768022 0.418391 0.767944 0.427736
0 0.697487 0.368879 0.697795 0.358862 0.686006 0.358659 0.685699 0.368676
0 0.652708 0.44988 0.653043 0.441826 0.641632 0.441558 0.641296 0.449613
0 0.608166 0.788211 0.608649 0.780836 0.593293 0.780271 0.59281 0.787645
0 0.697078 0.365696 0.697261 0.356282 0.686448 0.356164 0.686265 0.365578
0 0.698023 0.365117 0.698189 0.359465 0.683079 0.359216 0.682913 0.364868
0 0.725009 0.644394 0.725588 0.63695 0.71212 0.63636 0.71154 0.643804
0 0.249485 0.28824 0.249583 0.280996 0.240105 0.280924 0.240007 0.288168
0 0.610742 0.277637 0.611017 0.26874 0.603651 0.268612 0.603376 0.277509
