0 0.879 0.735769 0.87905 0.730723 0.870827 0.730677 0.870777 0.735724
0 0.881739 0.894399 0.882241 0.886964 0.874911 0.886686 0.87441 0.894121
0 0.774976 0.884877 0.775332 0.877842 0.765427 0.87756 0.76507 0.884594
0 0.474979 0.42041 0.475212 0.416599 0.466505 0.4163 0.466272 0.42011
0 0.574897 0.501509 0.575694 0.493735 0.567425 0.493258 0.566627 0.501032
0 0.774926 0.849131 0.775283 0.843063 0.763318 0.842667 0.762961 0.848735
0 0.928956 0.922916 0.929263 0.91696 0.922444 0.916763 0.922137 0.922718
0 0.191404 0.34885 0.192038 0.342799 0.183698 0.342308 0.183064 0.348359
0 0.700625 0.377482 0.700788 0.368356 0.691544 0.368263 0.69138 0.377389
0 0.808537 0.173115 0.808917 0.168048 0.800781 0.167705 0.800402 0.172772
0 0.858071 0.448676 0.858505 0.443203 0.848774 0.442768 0.848339 0.448242
0 0.591461 0.285782 0.591896 0.280684 0.583935 0.280302 0.5835 0.2854
0 0.820815 0.249306 0.821015 0.242909 0.808305 0.242685 0.808105 0.249083
0 0.308304 0.545369 0.308586 0.541011 0.299833 0.540693 0.299552 0.545051
0 0.682653 0.15969 0.682905 0.154554 0.67476 0.154329 0.674508 0.159466
0 0.524712 0.199653 0.525187 0.193554 0.516148 0.193158 0.515673 0.199257
0 0.250221 0.169724 0.25033 0.16612 0.24155 0.165971 0.241441 0.169574
0 0.700583 0.376028 0.700642 0.370838 0.69276 0.370788 0.692701 0.375978
0 0.775115 0.325899 0.775675 0.318487 0.766454 0.318095 0.765894 0.325507
0 0.749309 0.932288 0.749513 0.92698 0.741167 0.9268 0.740963 0.932108
0 0.858302 0.385475 0.858631 0.38032 0.848837 0.379969 0.848509 0.385125
0 0.426509 0.206524 0.426732 0.202075 0.421833 0.201937 0.42161 0.206386
0 0.58854 0.287691 0.588826 0.280297 0.582737 0.280165 0.582452 0.287559
0 0.877288 0.535957 0.877538 0.530736 0.871559 0.530575 0.87131 0.535796
0 0.580058 0.181985 0.580224 0.177415 0.574043 0.177289 0.573877 0.181859
0 0.866497 0.544993 0.866668 0.540721 0.858305 0.540533 0.858134 0.544804
0 0.498593 0.6066 0.499084 0.599878 0.491408 0.599562 0.490916 0.606284
0 0.652422 0.221177 0.652595 0.212302 0.646569 0.212235 0.646396 0.221111
0 0.641339 0.341568 0.642263 0.331239 0.632584 0.330753 0.63166 0.341082
0 0.212742 0.197574 0.213014 0.193007 0.207104 0.192809 0.206832 0.197376
0 0.69283 0.522169 0.692953 0.517873 0.68757 0.517787 0.687447 0.522082
0 0.652348 0.220226 0.652686 0.215124 0.641831 0.21472 0.641494 0.219822
0 0.824741 0.250036 0.825278 0.243325 0.812677 0.242758 0.81214 0.249468
0 0.577627 0.631398 0.578252 0.623139 0.572395 0.62289 0.57177 0.631148
0 0.320976 0.619017 0.321133 0.61218 0.315516 0.612107 0.315359 0.618944
