0 0.133925 0.432114 0.133857 0.414345 0.0837079 0.414453 0.0837756 0.432222
0 0.784139 0.263445 0.785454 0.239826 0.730627 0.238109 0.729312 0.261728
0 0.102528 0.55819 0.102213 0.527578 0.0515058 0.527872 0.0518207 0.558484
0 0.185211 0.418812 0.187673 0.395855 0.142606 0.393136 0.140144 0.416094
0 0.165476 0.876281 0.163708 0.830225 0.120268 0.831163 0.122036 0.877219
0 0.625535 0.0944209 0.624472 0.0558472 0.59227 0.0563465 0.593333 0.0949201
0 0.55932 0.260151 0.558412 0.220334 0.53021 0.220696 0.531118 0.260513
0 0.840208 0.563963 0.838959 0.508756 0.796182 0.5093 0.797431 0.564507
0 0.67371 0.193072 0.675687 0.155304 0.634642 0.154095 0.632665 0.191863
0 0.549637 0.489952 0.547292 0.436608 0.510143 0.437526 0.512489 0.49087
0 0.558968 0.305155 0.567464 0.267478 0.516404 0.261001 0.507907 0.298678
0 0.42881 0.237596 0.42786 0.221735 0.392719 0.222919 0.393669 0.238781
0 0.785027 0.142562 0.785162 0.116518 0.743049 0.116396 0.742914 0.14244
0 0.57841 0.670791 0.576459 0.630641 0.537997 0.631692 0.539948 0.671842
0 0.718467 0.10374 0.718196 0.0864071 0.676524 0.0867741 0.676795 0.104107
0 0.583884 0.149198 0.582501 0.112342 0.548419 0.113061 0.549802 0.149917
0 0.678555 0.260963 0.676739 0.225575 0.641192 0.226601 0.643008 0.261989
0 0.0974093 0.501458 0.0946721 0.457018 0.0491159 0.458596 0.0518531 0.503036
0 0.667389 0.400447 0.666828 0.368731 0.624674 0.36915 0.625235 0.400866
0 0.554558 0.625307 0.553438 0.5849 0.506116 0.585638 0.507236 0.626045
0 0.50125 0.927279 0.50258 0.886967 0.449646 0.885984 0.448316 0.926297
0 0.885814 0.0779632 0.880672 0.0332642 0.83327 0.0363317 0.838412 0.0810307
0 0.904753 0.299316 0.905653 0.254422 0.862613 0.253937 0.861713 0.29883
0 0.451253 0.155724 0.452586 0.114489 0.41263 0.113762 0.411298 0.154997
0 0.250454 0.292524 0.251014 0.261802 0.211667 0.261398 0.211107 0.29212
0 0.478951 0.356739 0.478809 0.324664 0.445506 0.324747 0.445648 0.356821
0 0.154866 0.530357 0.154729 0.506996 0.131076 0.507074 0.131213 0.530435
0 0.233373 0.388451 0.235871 0.366063 0.177758 0.362415 0.17526 0.384803
0 0.804728 0.0556579 0.804708 0.00542088 0.772972 0.00542799 0.772992 0.055665
0 0.290336 0.410198 0.300489 0.381791 0.260541 0.373759 0.250388 0.402167
0 0.632617 0.152497 0.633066 0.121331 0.606014 0.121112 0.605564 0.152277
0 0.606082 0.199217 0.61163 0.174295 0.559633 0.167784 0.554085 0.192706
0 0.0367433 0.515072 0.0373535 0.48885 -0.00120205 0.488346 -0.00181225 0.514567
0 0.939394 0.0932365 0.939528 0.0505234 0.899779 0.0504532 0.899645 0.0931663
0 0.438743 0.332125 0.4392 0.29919 0.40499 0.298923 0.404533 0.331858
0 0.462664 0.249723 0.463078 0.234403 0.426791 0.233851 0.426377 0.249171
0 0.654018 0.509583 0.652268 0.468052 0.61725 0.468882 0.619 0.510413
0 0.522155 0.243243 0.523258 0.202131 0.494602 0.201699 0.493499 0.242811
0 0.0851277 0.905858 0.0849776 0.862933 0.0431744 0.863016 0.0433245 0.90594
0 0.261932 0.378548 0.265833 0.354829 0.222082 0.350781 0.218181 0.3745
0 0.726069 0.136342 0.726198 0.107281 0.691128 0.107194 0.690999 0.136255
0 0.999783 0.411182 1.00092 0.376255 0.960856 0.375519 0.959715 0.410445
0 0.692182 0.344883 0.693651 0.306123 0.630727 0.304781 0.629257 0.343542
0 0.0630232 0.657861 0.0666123 0.619247 0.0283064 0.617244 0.0247173 0.655858
0 0.368082 0.275623 0.371046 0.252155 0.343724 0.250214 0.34076 0.273682
0 0.332334 0.432779 0.342783 0.401541 0.29379 0.392322 0.28334 0.42356
0 0.454506 0.273136 0.456358 0.250637 0.41884 0.2489 0.416988 0.271399
0 0.56295 0.198865 0.563891 0.175819 0.538515 0.175237 0.537575 0.198283
0 0.416834 0.305394 0.428118 0.27739 0.370914 0.264425 0.35963 0.292429
0 0.298688 0.280212 0.302094 0.237688 0.258545 0.235726 0.255139 0.27825
0 0.497562 0.163385 0.497809 0.142355 0.471263 0.142179 0.471016 0.163209
0 0.36331 0.689803 0.363582 0.661007 0.340535 0.660885 0.340263 0.689681
0 0.581738 0.00811102 0.581662 0.000499893 0.545261 0.000702856 0.545336 0.00831399
0 0.835944 0.0186762 0.836854 0.000228085 0.804881 -0.000658197 0.803972 0.0177899
