0 0.741575 0.937339 0.742063 0.930795 0.731857 0.930367 0.731369 0.93691
0 0.742772 0.85927 0.742988 0.85315 0.734004 0.852971 0.733788 0.859091
0 0.40796 0.400119 0.408583 0.39317 0.398643 0.392669 0.398021 0.399618
0 0.926992 0.760677 0.927213 0.75535 0.920148 0.755185 0.919927 0.760513
0 0.681695 0.856697 0.682219 0.84964 0.674338 0.849311 0.673815 0.856368
0 0.145914 0.252208 0.146419 0.243844 0.138368 0.24357 0.137862 0.251935
0 0.90843 0.157773 0.908625 0.151392 0.895662 0.151169 0.895466 0.15755
0 0.911838 0.0947763 0.911924 0.0903988 0.905405 0.0903262 0.905318 0.0947038
0 0.350651 0.0602868 0.35069 0.0546551 0.341542 0.0546197 0.341503 0.0602514
0 0.917937 0.564239 0.918004 0.560035 0.912043 0.559981 0.911976 0.564186
0 0.518136 0.438068 0.518295 0.433499 0.51141 0.433364 0.511251 0.437933
0 0.900932 0.928965 0.901019 0.922929 0.893536 0.922868 0.893448 0.928904
0 0.159782 0.357514 0.160008 0.352464 0.154761 0.352332 0.154535 0.357382
0 0.879881 0.685409 0.880022 0.680708 0.874412 0.680614 0.874271 0.685315
0 0.900644 0.931734 0.901478 0.921768 0.891445 0.921296 0.890611 0.931262
0 0.93133 0.964479 0.931853 0.955948 0.924242 0.955685 0.923719 0.964217
0 0.129052 0.465262 0.129431 0.456249 0.122636 0.456088 0.122257 0.465101
0 0.492542 0.133573 0.492701 0.128941 0.486506 0.128821 0.486347 0.133453
0 0.733686 0.389233 0.733814 0.381162 0.724821 0.381082 0.724693 0.389153
0 0.920726 0.444555 0.920775 0.437274 0.914476 0.43725 0.914427 0.444531
0 0.625512 0.269096 0.625799 0.262635 0.619065 0.262466 0.618777 0.268928
0 0.535512 0.0958434 0.535669 0.0911968 0.524996 0.090994 0.524839 0.0956406
0 0.320112 0.0880598 0.320393 0.0817194 0.314992 0.0815846 0.314711 0.087925
0 0.65829 0.658301 0.658635 0.65245 0.649241 0.652138 0.648896 0.65799
0 0.688716 0.987811 0.688784 0.982085 0.682302 0.982042 0.682234 0.987767
0 0.909957 0.33868 0.910364 0.33107 0.903836 0.330874 0.90343 0.338484
0 0.35094 0.0625837 0.351339 0.0540162 0.346504 0.0538893 0.346104 0.0624568
0 0.927432 0.149236 0.927514 0.143206 0.921141 0.143157 0.921059 0.149187
0 0.891389 0.451141 0.891982 0.443544 0.882612 0.443132 0.882019 0.45073
0 0.929661 0.509619 0.92977 0.505378 0.923406 0.505286 0.923297 0.509527
0 0.925554 0.581401 0.925973 0.572195 0.918104 0.571994 0.917686 0.5812
0 0.684288 0.712576 0.684454 0.705804 0.679114 0.705731 0.678948 0.712503
0 0.231408 0.369054 0.232156 0.359065 0.224379 0.358738 0.22363 0.368726
0 0.568004 0.719685 0.568236 0.715292 0.55841 0.715001 0.558178 0.719393
0 0.907839 0.0516927 0.908538 0.0436769 0.896498 0.0430858 0.895799 0.0511015
0 0.611088 0.756536 0.611247 0.752014 0.605624 0.751903 0.605465 0.756425
0 0.275586 0.485322 0.27568 0.480929 0.268501 0.480843 0.268407 0.485235
0 0.198342 0.0659715 0.19853 0.0562973 0.190173 0.056206 0.189985 0.0658802
0 0.397382 0.608509 0.3976 0.604206 0.391109 0.604021 0.390891 0.608323
0 0.482749 0.17501 0.483123 0.168714 0.474888 0.168439 0.474514 0.174735
0 0.359929 0.486862 0.360046 0.481075 0.354431 0.481011 0.354314 0.486798
0 0.942319 0.593913 0.942747 0.586771 0.935834 0.586538 0.935406 0.593679
0 0.674955 0.27018 0.675263 0.26533 0.665083 0.264966 0.664775 0.269816
0 0.685475 0.710585 0.685624 0.705832 0.674926 0.705643 0.674777 0.710397
0 0.84271 0.23143 0.843225 0.22376 0.837236 0.223534 0.836721 0.231203
0 0.353583 0.163023 0.353691 0.157848 0.348601 0.157788 0.348494 0.162963
0 0.729179 0.619154 0.729415 0.613243 0.723417 0.613108 0.723181 0.619019
0 0.196427 0.0688634 0.196718 0.0590444 0.187512 0.058891 0.187221 0.06871
0 0.60851 0.656681 0.608678 0.650263 0.599575 0.650129 0.599407 0.656547
0 0.117177 0.416865 0.117262 0.411725 0.11079 0.411665 0.110706 0.416805
0 0.409118 0.597221 0.409465 0.592135 0.403675 0.591913 0.403328 0.596999
0 0.424824 0.375806 0.42522 0.368598 0.410944 0.368156 0.410547 0.375364
0 0.145974 0.256506 0.146975 0.245704 0.138311 0.245253 0.13731 0.256054
0 0.195011 0.0644338 0.195142 0.0604249 0.183082 0.0602031 0.182951 0.064212
