0 0.632847 0.881698 0.633279 0.871573 0.623338 0.871334 0.622906 0.88146
0 0.330641 0.774793 0.330936 0.766513 0.323993 0.766373 0.323698 0.774654
0 0.232863 0.819159 0.233548 0.809484 0.224217 0.809113 0.223532 0.818787
0 0.208449 0.683013 0.208677 0.676428 0.196565 0.676191 0.196337 0.682777
0 0.813741 0.811979 0.813834 0.802893 0.803606 0.802834 0.803513 0.811921
0 0.750078 0.832276 0.750484 0.824764 0.740989 0.824475 0.740582 0.831987
0 0.330664 0.673196 0.330628 0.668078 0.323266 0.668107 0.323302 0.673225
0 0.232747 0.817112 0.233214 0.806325 0.224527 0.806113 0.22406 0.816901
0 0.251961 0.83784 0.252445 0.828245 0.245436 0.828046 0.244951 0.837641
0 0.158109 0.787079 0.158707 0.778373 0.144754 0.777834 0.144156 0.78654
0 0.15302 0.787849 0.153882 0.777205 0.145363 0.776817 0.144501 0.787461
