0 0.134002 0.415266 0.134094 0.393725 0.0911194 0.393622 0.0910276 0.415163
0 0.143042 0.52373 0.144494 0.503213 0.0876692 0.500951 0.0862174 0.521468
0 0.221557 0.497136 0.224455 0.475259 0.169872 0.471193 0.166975 0.493069
0 0.5737 0.244868 0.573219 0.225231 0.544792 0.225623 0.545274 0.24526
0 0.299445 0.467453 0.300437 0.443005 0.255318 0.441976 0.254327 0.466424
0 0.177308 0.691319 0.177546 0.668709 0.11717 0.668351 0.116932 0.690961
0 0.67131 0.491643 0.670986 0.463197 0.647516 0.463347 0.647839 0.491793
0 0.577553 0.285324 0.573827 0.252301 0.547598 0.253966 0.551323 0.286988
0 0.467355 0.345242 0.468314 0.327858 0.429822 0.326664 0.428863 0.344047
0 0.726243 0.203595 0.72539 0.170372 0.701638 0.170715 0.702491 0.203938
0 0.503876 0.277547 0.50265 0.252529 0.477744 0.253216 0.478971 0.278234
0 0.519655 0.240764 0.521464 0.206997 0.498029 0.206291 0.49622 0.240058
0 0.444639 0.449584 0.443432 0.427555 0.397406 0.428973 0.398612 0.451003
0 0.202428 0.277663 0.202065 0.253034 0.159406 0.253389 0.159769 0.278017
0 0.279946 0.692794 0.280411 0.663389 0.242004 0.663048 0.24154 0.692453
0 0.171643 0.595135 0.170618 0.558241 0.147571 0.558601 0.148597 0.595495
0 0.0633538 0.543432 0.062914 0.527728 0.0232365 0.528354 0.0236763 0.544057
0 0.794086 0.998818 0.795154 0.963538 0.763199 0.962995 0.762131 0.998274
0 0.441891 0.637957 0.441699 0.611928 0.405249 0.61208 0.405441 0.638108
0 0.260565 0.81089 0.259127 0.76496 0.210942 0.765809 0.21238 0.811739
0 0.599885 0.674144 0.600461 0.62751 0.564043 0.627256 0.563466 0.67389
0 0.768128 0.101195 0.768601 0.0780283 0.747913 0.0777907 0.74744 0.100957
0 0.357336 0.606352 0.357391 0.562832 0.330831 0.562813 0.330776 0.606333
0 0.233338 0.222528 0.233516 0.196741 0.174408 0.196512 0.17423 0.222299
0 0.161482 0.897695 0.161742 0.858824 0.135202 0.858724 0.134942 0.897595
0 0.567709 0.355999 0.568782 0.337586 0.531102 0.33635 0.530028 0.354763
0 0.135511 0.467652 0.135338 0.443721 0.0849258 0.443926 0.0850988 0.467857
0 0.362019 0.33349 0.362062 0.317317 0.322479 0.317258 0.322436 0.333431
0 0.945687 0.552942 0.945275 0.510502 0.91597 0.510662 0.916383 0.553103
0 0.0400101 0.584817 0.0398801 0.55819 0.00841164 0.558276 0.00854166 0.584903
0 0.292223 0.537003 0.292147 0.517821 0.245808 0.517924 0.245883 0.537106
0 0.404295 0.325684 0.40415 0.294591 0.381748 0.294649 0.381892 0.325743
0 0.262499 0.559914 0.262732 0.533468 0.231303 0.533313 0.231071 0.559759
0 0.480507 0.782343 0.482791 0.747155 0.455846 0.746171 0.453563 0.78136
0 0.198705 0.461945 0.202361 0.437407 0.161556 0.433986 0.157899 0.458525
0 0.745605 0.599813 0.746622 0.574685 0.727674 0.574253 0.726657 0.599382
0 0.535304 0.448304 0.536351 0.404603 0.507076 0.404209 0.506029 0.447909
0 0.133518 0.611947 0.137023 0.585338 0.10375 0.582873 0.100245 0.609482
0 0.651383 0.181977 0.6537 0.147759 0.62399 0.146628 0.621673 0.180845
0 0.780534 0.507678 0.780944 0.484392 0.751622 0.484102 0.751212 0.507388
0 0.60895 0.196682 0.60874 0.176886 0.573629 0.177096 0.573839 0.196892
0 0.0629006 0.562921 0.0646648 0.547339 0.0317508 0.545243 0.0299867 0.560825
0 0.657732 0.591552 0.658982 0.555004 0.638731 0.554614 0.637482 0.591163
0 0.920694 0.0586528 0.918112 0.0142815 0.880532 0.0155115 0.883113 0.0598827
0 0.446516 0.377188 0.444531 0.341467 0.418387 0.342284 0.420372 0.378005
0 0.553674 0.309445 0.555701 0.283129 0.528925 0.281968 0.526897 0.308285
0 0.382045 0.381052 0.382505 0.349025 0.351581 0.348776 0.351122 0.380803
0 0.494059 0.339934 0.492974 0.301981 0.467161 0.302396 0.468246 0.340349
0 0.540511 0.314736 0.542185 0.290254 0.514502 0.289189 0.512828 0.313671
0 0.109552 0.561478 0.112117 0.54273 0.0755234 0.539914 0.0729582 0.558662
0 0.137094 0.55663 0.145239 0.531668 0.0839306 0.520415 0.0757855 0.545377
0 0.351152 0.412545 0.351777 0.393207 0.314113 0.392523 0.313489 0.411861
0 0.226432 0.471427 0.23014 0.451845 0.203401 0.448997 0.199693 0.468578
0 0.565046 0.447529 0.565 0.419488 0.532794 0.419518 0.53284 0.447559
0 0.355801 0.405923 0.355972 0.378573 0.325127 0.378464 0.324956 0.405814
0 0.656127 0.999122 0.6566 0.981076 0.63284 0.980726 0.632367 0.998771
0 0.0160396 0.97032 0.0161796 0.93215 0.000966597 0.932119 0.000826645 0.970289
