0 0.882598 0.888443 0.88292 0.879761 0.874688 0.879589 0.874366 0.888271
0 0.879993 0.731359 0.880046 0.724274 0.870106 0.724232 0.870053 0.731317
0 0.774964 0.879474 0.775916 0.868684 0.765916 0.868188 0.764964 0.878978
0 0.326428 0.618874 0.326877 0.61231 0.321483 0.612102 0.321033 0.618667
0 0.695965 0.369068 0.696416 0.359211 0.689866 0.359042 0.689415 0.3689
0 0.301835 0.54422 0.302061 0.539951 0.291624 0.539639 0.291397 0.543909
0 0.641674 0.208701 0.641886 0.20353 0.632674 0.203318 0.632462 0.208488
0 0.773948 0.87864 0.774087 0.872138 0.766212 0.872043 0.766073 0.878545
0 0.58617 0.620062 0.586288 0.612239 0.580034 0.612186 0.579916 0.620009
0 0.481752 0.323011 0.481912 0.318286 0.474774 0.31815 0.474614 0.322875
0 0.855082 0.441208 0.855112 0.43656 0.84904 0.436538 0.84901 0.441186
0 0.287872 0.21407 0.287955 0.209456 0.282212 0.209397 0.282129 0.214012
0 0.775321 0.844016 0.775733 0.836941 0.765975 0.836621 0.765563 0.843696
0 0.876059 0.548522 0.876234 0.543031 0.869567 0.542912 0.869393 0.548403
0 0.575247 0.181324 0.575734 0.173112 0.568384 0.172867 0.567898 0.181079
0 0.929111 0.916755 0.929674 0.906059 0.922376 0.905843 0.921814 0.916539
0 0.928991 0.919063 0.92957 0.909351 0.922719 0.909121 0.922139 0.918833
0 0.815547 0.244488 0.815858 0.239289 0.808337 0.239036 0.808025 0.244235
0 0.636125 0.334702 0.636305 0.330128 0.62493 0.329876 0.62475 0.33445
0 0.56978 0.495382 0.570132 0.490381 0.558461 0.489919 0.558109 0.49492
0 0.474836 0.409326 0.475179 0.404712 0.465073 0.404289 0.46473 0.408903
0 0.647629 0.527845 0.648021 0.518751 0.641296 0.518588 0.640904 0.527682
0 0.80839 0.169118 0.808783 0.162619 0.797273 0.162228 0.79688 0.168727
0 0.541775 0.535525 0.542076 0.530607 0.533862 0.530324 0.533561 0.535242
0 0.241823 0.169157 0.24195 0.163104 0.232079 0.162987 0.231952 0.16904
0 0.835954 0.326595 0.836019 0.322586 0.831505 0.322545 0.83144 0.326553
0 0.858386 0.444095 0.858729 0.437337 0.848031 0.437031 0.847688 0.443789
0 0.775171 0.20665 0.775488 0.199821 0.767139 0.199603 0.766822 0.206432
0 0.374771 0.485565 0.375178 0.480709 0.365598 0.480257 0.365191 0.485113
