0 0.296904 0.808771 0.297877 0.799088 0.289089 0.79859 0.288115 0.808274
0 0.710386 0.261146 0.710849 0.253967 0.703131 0.253687 0.702668 0.260866
0 0.396648 0.252224 0.396985 0.243502 0.390556 0.243363 0.390219 0.252084
0 0.71337 0.794748 0.713463 0.78635 0.703639 0.786288 0.703546 0.794687
0 0.568982 0.225668 0.56921 0.216617 0.55826 0.216462 0.558032 0.225513
0 0.314906 0.21413 0.314853 0.205984 0.305798 0.206017 0.305851 0.214164
0 0.841572 0.658918 0.84205 0.651861 0.829681 0.651391 0.829204 0.658447
0 0.68113 0.274883 0.681303 0.268095 0.673473 0.267982 0.6733 0.274771
0 0.396283 0.282376 0.396701 0.272396 0.385208 0.272125 0.38479 0.282105
0 0.811397 0.375338 0.811611 0.368684 0.804711 0.368559 0.804497 0.375213
0 0.642083 0.474011 0.642234 0.4682 0.633225 0.468069 0.633074 0.473879
0 0.741705 0.606712 0.74234 0.59846 0.729393 0.597899 0.728758 0.606151
0 0.426371 0.222108 0.426612 0.214264 0.419113 0.214134 0.418871 0.221979
0 0.738269 0.607341 0.73935 0.599186 0.725788 0.598175 0.724707 0.60633
0 0.838263 0.658773 0.838902 0.652179 0.825336 0.65144 0.824697 0.658034
0 0.592587 0.419249 0.592589 0.412041 0.584932 0.41204 0.58493 0.419248
