0 0.985781 0.253412 0.984887 0.230508 0.963013 0.230988 0.963907 0.253892
0 0.869405 0.244685 0.870446 0.223308 0.851502 0.22279 0.850461 0.244167
0 0.821313 0.205854 0.822532 0.186573 0.784729 0.185228 0.783509 0.204508
0 0.757618 0.260312 0.75888 0.233163 0.729506 0.232395 0.728244 0.259544
0 0.179739 0.332767 0.181064 0.308278 0.159239 0.307613 0.157913 0.332103
0 0.132408 0.267802 0.13288 0.250517 0.107175 0.250122 0.106703 0.267407
0 0.420244 0.234449 0.420676 0.211467 0.40076 0.211257 0.400328 0.234238
0 0.632029 0.211529 0.633023 0.19235 0.607574 0.191608 0.60658 0.210787
0 0.0970136 0.642266 0.0969521 0.629181 0.0733024 0.629243 0.0733639 0.642329
0 0.373142 0.95998 0.372936 0.933568 0.335225 0.933733 0.335431 0.960145
0 0.119828 0.485858 0.12 0.45587 0.0929461 0.455783 0.092775 0.485771
0 0.110422 0.862085 0.109742 0.840819 0.0935153 0.84111 0.0941952 0.862377
0 0.903273 0.137704 0.904104 0.113886 0.88028 0.113419 0.87945 0.137237
0 0.19541 0.365956 0.196174 0.346731 0.174883 0.346255 0.174119 0.36548
0 0.191976 0.160738 0.191957 0.131827 0.167473 0.131835 0.167492 0.160747
0 0.302418 0.278695 0.302683 0.246534 0.279124 0.246425 0.278859 0.278586
0 0.209149 0.22089 0.209541 0.205608 0.182341 0.205215 0.181948 0.220497
0 0.335316 0.283183 0.334836 0.253172 0.308013 0.253413 0.308492 0.283424
0 0.212014 0.883225 0.213184 0.854874 0.190589 0.854349 0.189419 0.882701
0 0.332083 0.49849 0.332336 0.483156 0.314589 0.482991 0.314336 0.498325
0 0.338561 0.289464 0.339021 0.268891 0.310014 0.268526 0.309555 0.289099
0 0.444386 0.648145 0.444439 0.636983 0.418317 0.636914 0.418265 0.648076
0 0.0768865 0.768357 0.0773607 0.756092 0.0578098 0.755667 0.0573356 0.767932
0 0.303775 0.258007 0.304 0.239204 0.285432 0.239079 0.285206 0.257882
