0 0.457412 0.439386 0.458284 0.42125 0.426421 0.420389 0.425549 0.438524
0 0.612413 0.604472 0.612095 0.590044 0.573222 0.590525 0.57354 0.604953
0 0.563644 0.43241 0.565584 0.410234 0.545382 0.40924 0.543442 0.431416
0 0.518344 0.180037 0.519377 0.157502 0.491859 0.156792 0.490827 0.179328
0 0.559064 0.568148 0.559022 0.55383 0.522038 0.553891 0.52208 0.568209
0 0.594156 0.517274 0.59415 0.496535 0.567242 0.49654 0.567248 0.517279
0 0.63939 0.688529 0.639305 0.673581 0.601783 0.673702 0.601869 0.68865
0 0.533302 0.267548 0.534468 0.240529 0.507587 0.239877 0.506422 0.266896
0 0.658249 0.928434 0.658449 0.908605 0.629749 0.908442 0.629548 0.928271
0 0.673904 0.371704 0.673077 0.354311 0.625798 0.355575 0.626625 0.372968
0 0.271571 0.553342 0.271501 0.539876 0.247993 0.539945 0.248064 0.553412
0 0.609724 0.721816 0.608218 0.701731 0.564386 0.703579 0.565892 0.723664
0 0.458748 0.559988 0.458593 0.543667 0.41604 0.543894 0.416195 0.560215
0 0.526524 0.447098 0.526531 0.422359 0.507079 0.422356 0.507072 0.447095
0 0.598337 0.321992 0.598618 0.290507 0.570677 0.290366 0.570396 0.321852
0 0.665647 0.78599 0.667166 0.751766 0.624674 0.750705 0.623155 0.78493
0 0.359645 0.28852 0.360292 0.257495 0.329549 0.257134 0.328902 0.28816
0 0.319805 0.39818 0.32024 0.381399 0.282738 0.380853 0.282304 0.397633
0 0.641588 0.957872 0.641468 0.938043 0.614459 0.938134 0.614578 0.957963
0 0.440644 0.16813 0.440863 0.150404 0.419452 0.150255 0.419232 0.167981
0 0.434131 0.349953 0.434442 0.333469 0.411123 0.333222 0.410813 0.349706
0 0.121268 0.652259 0.122234 0.621293 0.0898 0.620724 0.0888346 0.651691
0 0.667164 0.336099 0.666785 0.322216 0.636278 0.322685 0.636657 0.336568
0 0.739139 0.487573 0.738956 0.457721 0.69015 0.457888 0.690332 0.487741
0 0.474093 0.346443 0.47352 0.314068 0.449553 0.314307 0.450126 0.346681
0 0.603088 0.980978 0.604503 0.962511 0.569648 0.961009 0.568233 0.979475
0 0.606311 0.563271 0.608659 0.539779 0.562919 0.537207 0.56057 0.560699
0 0.610598 0.954527 0.610193 0.934585 0.583962 0.934884 0.584367 0.954827
0 0.691705 0.476013 0.692182 0.441473 0.669395 0.441296 0.668918 0.475836
0 0.578124 0.285923 0.578648 0.273209 0.558096 0.272732 0.557572 0.285446
0 0.25996 0.608032 0.260386 0.594765 0.229672 0.594209 0.229245 0.607477
0 0.334048 0.605868 0.333713 0.580798 0.312663 0.580956 0.312997 0.606026
0 0.380274 0.721297 0.380259 0.706958 0.334487 0.706984 0.334501 0.721324
0 0.611675 0.963196 0.612292 0.944132 0.585813 0.94365 0.585196 0.962714
