0 0.17543 0.810411 0.175663 0.805058 0.163535 0.80476 0.163301 0.810114
0 0.796828 0.810163 0.796853 0.803809 0.788688 0.80379 0.788662 0.810144
0 0.325375 0.423315 0.325616 0.417988 0.315202 0.417723 0.314961 0.42305
0 0.965852 0.857807 0.966206 0.852769 0.95819 0.852453 0.957836 0.857491
0 0.558724 0.895832 0.55882 0.890633 0.549934 0.890541 0.549838 0.89574
0 0.228728 0.863523 0.228879 0.856203 0.219729 0.856096 0.219577 0.863416
0 0.880655 0.382897 0.880789 0.37813 0.87339 0.378013 0.873256 0.38278
0 0.8957 0.510031 0.895806 0.504866 0.888112 0.504777 0.888006 0.509942
0 0.862437 0.107985 0.862879 0.101306 0.85566 0.101037 0.855218 0.107717
0 0.90255 0.475665 0.902761 0.468489 0.890419 0.468285 0.890208 0.475461
0 0.891886 0.456816 0.892227 0.450055 0.881335 0.449746 0.880993 0.456507
0 0.842165 0.327473 0.842557 0.318721 0.829461 0.318391 0.829069 0.327142
0 0.911125 0.646282 0.911304 0.640112 0.904832 0.640006 0.904653 0.646177
0 0.275332 0.433126 0.275555 0.427773 0.267797 0.427591 0.267575 0.432945
0 0.888337 0.391808 0.888303 0.38564 0.88077 0.385663 0.880804 0.391831
0 0.197426 0.268992 0.197871 0.260548 0.190354 0.260326 0.18991 0.268769
0 0.892448 0.281693 0.892714 0.275269 0.88451 0.275078 0.884244 0.281502
0 0.195473 0.314748 0.195866 0.306241 0.190501 0.306101 0.190108 0.314609
0 0.441503 0.449078 0.441887 0.443271 0.427757 0.442745 0.427372 0.448552
0 0.81466 0.127398 0.814893 0.118491 0.807846 0.118388 0.807614 0.127294
0 0.874934 0.260086 0.875482 0.254803 0.867462 0.254335 0.866914 0.259618
0 0.39377 0.824161 0.393958 0.818271 0.386035 0.818129 0.385848 0.824019
0 0.183568 0.481814 0.184008 0.47569 0.174964 0.475324 0.174523 0.481448
0 0.903001 0.872949 0.903112 0.867369 0.891445 0.867239 0.891334 0.872818
0 0.74679 0.734307 0.746904 0.73006 0.740793 0.729969 0.740679 0.734215
0 0.880676 0.311716 0.880874 0.306017 0.873444 0.305872 0.873247 0.311572
0 0.594661 0.463402 0.594951 0.456224 0.589151 0.456092 0.588861 0.46327
0 0.241914 0.147394 0.242252 0.142625 0.236159 0.142383 0.235821 0.147152
0 0.741858 0.0564779 0.74212 0.0495505 0.733211 0.0493611 0.732949 0.0562885
0 0.285116 0.585171 0.285324 0.580592 0.274933 0.580327 0.274725 0.584905
0 0.840495 0.326484 0.840559 0.321789 0.832753 0.321729 0.832689 0.326424
0 0.903229 0.406794 0.903896 0.39796 0.891419 0.397431 0.890752 0.406264
0 0.579377 0.299071 0.579581 0.293346 0.574035 0.293234 0.573831 0.29896
0 0.842435 0.0815071 0.842776 0.0766914 0.836431 0.0764385 0.836089 0.0812542
0 0.864178 0.0942173 0.864934 0.0870853 0.857994 0.0866711 0.857237 0.0938031
0 0.535591 0.338244 0.535981 0.331337 0.524922 0.330985 0.524532 0.337893
0 0.650419 0.0947529 0.650802 0.0894896 0.641715 0.0891173 0.641332 0.0943807
0 0.16721 0.769216 0.167728 0.759852 0.158092 0.759552 0.157574 0.768916
0 0.758734 0.14729 0.758938 0.142236 0.751812 0.142075 0.751608 0.147129
0 0.618906 0.276181 0.619225 0.267725 0.608294 0.267493 0.607976 0.27595
0 0.313654 0.916889 0.314114 0.906296 0.306982 0.906122 0.306522 0.916715
0 0.877068 0.295386 0.877131 0.290478 0.870816 0.290433 0.870753 0.29534
0 0.891668 0.347379 0.891846 0.341339 0.880095 0.341144 0.879917 0.347183
0 0.162781 0.861637 0.163262 0.855898 0.156983 0.855602 0.156503 0.861341
0 0.626272 0.233191 0.626869 0.226494 0.621124 0.226205 0.620526 0.232902
0 0.901611 0.475455 0.901889 0.469316 0.894524 0.469129 0.894246 0.475267
0 0.163626 0.767899 0.16413 0.756147 0.156697 0.755968 0.156193 0.767719
0 0.284969 0.587617 0.285197 0.580426 0.279026 0.580316 0.278798 0.587507
0 0.375069 0.358315 0.375391 0.353114 0.367425 0.352837 0.367103 0.358038
0 0.866817 0.220091 0.867216 0.213582 0.858369 0.213277 0.85797 0.219786
0 0.808702 0.869252 0.809049 0.863011 0.80162 0.862779 0.801273 0.86902
0 0.316822 0.915642 0.316945 0.909765 0.305823 0.909635 0.3057 0.915511
0 0.568692 0.225772 0.568723 0.221188 0.562581 0.221164 0.56255 0.225749
0 0.303636 0.161106 0.303873 0.155227 0.291635 0.154949 0.291398 0.160828
0 0.819688 0.0745588 0.819879 0.0683674 0.80827 0.0681662 0.808079 0.0743576
0 0.597393 0.260184 0.597582 0.255687 0.590545 0.255521 0.590356 0.260018
0 0.908414 0.474172 0.90862 0.468306 0.894471 0.468027 0.894265 0.473893
0 0.886108 0.416602 0.88619 0.410929 0.8793 0.410873 0.879218 0.416546
0 0.908458 0.873919 0.908943 0.86782 0.895218 0.867207 0.894734 0.873305
0 0.491933 0.518923 0.492316 0.511775 0.48331 0.511504 0.482928 0.518652
0 0.489922 0.516899 0.489992 0.511686 0.482481 0.51163 0.482411 0.516842
0 0.867712 0.877081 0.867871 0.868663 0.857551 0.868554 0.857393 0.876972
0 0.674996 0.733018 0.675362 0.728006 0.664642 0.727566 0.664276 0.732578
0 0.88721 0.346605 0.887267 0.337178 0.880631 0.337156 0.880574 0.346582
0 0.866629 0.252463 0.867208 0.243783 0.858063 0.243439 0.857483 0.252119
0 0.341971 0.24392 0.34244 0.23733 0.335586 0.237056 0.335117 0.243645
0 0.862044 0.20326 0.862552 0.193643 0.856374 0.193459 0.855866 0.203077
0 0.908069 0.525874 0.90869 0.518455 0.897696 0.517937 0.897076 0.525356
0 0.290924 0.627964 0.292036 0.618556 0.282425 0.617917 0.281312 0.627324
