0 0.564878 0.093674 0.564947 0.0862467 0.556082 0.0860986 0.556012 0.093526
0 0.408234 0.234287 0.408296 0.224733 0.400255 0.224641 0.400194 0.234195
0 0.1585 0.652208 0.158651 0.641577 0.153089 0.641437 0.152938 0.652068
0 0.356531 0.110326 0.356597 0.103475 0.35019 0.103365 0.350124 0.110216
0 0.557648 0.0751595 0.557806 0.0648175 0.551872 0.0646558 0.551713 0.0749978
0 0.75744 0.236801 0.757913 0.224766 0.751838 0.224341 0.751364 0.236376
0 0.726963 0.243396 0.727395 0.234652 0.719004 0.233916 0.718573 0.242661
0 0.810985 0.617124 0.81107 0.607919 0.805889 0.607834 0.805804 0.617039
0 0.81256 0.618287 0.812687 0.610934 0.80484 0.610692 0.804713 0.618045
0 0.726975 0.243433 0.727082 0.233005 0.722947 0.232929 0.72284 0.243357
0 0.377312 0.136055 0.377537 0.125069 0.368641 0.124744 0.368415 0.135731
0 0.319114 0.11461 0.319145 0.107162 0.311937 0.107108 0.311906 0.114556
