0 0.979589 0.0588012 0.979351 0.0524268 0.969242 0.0526392 0.96948 0.0590137
0 0.819217 0.687142 0.819649 0.675281 0.8072 0.675025 0.806767 0.686886
0 0.26224 0.831943 0.262673 0.823761 0.255187 0.823538 0.254753 0.83172
0 0.216698 0.089506 0.216997 0.0803167 0.207659 0.0801457 0.20736 0.089335
0 0.766179 0.0582448 0.766539 0.0482924 0.757044 0.0480989 0.756684 0.0580513
0 0.0586917 0.15677 0.0588605 0.150371 0.0474964 0.150202 0.0473276 0.156601
0 0.378353 0.0585549 0.37845 0.0527357 0.369605 0.0526534 0.369509 0.0584727
0 0.508538 0.362524 0.50918 0.354313 0.49919 0.353874 0.498548 0.362085
0 0.609967 0.0575208 0.610248 0.0501571 0.603452 0.0500111 0.603171 0.0573749
0 0.529149 0.826439 0.529145 0.818546 0.516711 0.818549 0.516714 0.826442
0 0.817951 0.817365 0.817957 0.811204 0.80756 0.811199 0.807554 0.81736
0 0.151016 0.115085 0.151078 0.107934 0.142057 0.107889 0.141994 0.11504
0 0.177047 0.476367 0.177532 0.468178 0.167871 0.467856 0.167386 0.476045
0 0.950985 0.064334 0.951194 0.0544723 0.943193 0.0543768 0.942984 0.0642385
0 0.566884 0.0740407 0.566975 0.0672112 0.557939 0.0671439 0.557848 0.0739734
0 0.87656 0.0648018 0.877553 0.0540753 0.868452 0.0536017 0.86746 0.0643282
0 0.8266 0.0445965 0.826795 0.0378552 0.819913 0.0377438 0.819719 0.0444851
0 0.215284 0.831929 0.215772 0.823355 0.2055 0.823027 0.205012 0.8316
0 0.342316 0.0578353 0.342386 0.0521472 0.334093 0.0520903 0.334023 0.0577783
0 0.575075 0.0332311 0.575407 0.0280304 0.567391 0.0277425 0.567059 0.0329432
0 0.795038 0.236224 0.795071 0.230608 0.787606 0.230583 0.787573 0.236199
0 0.109199 0.0962988 0.109341 0.0893465 0.101065 0.0892516 0.100923 0.0962039
0 0.451651 0.0831978 0.452176 0.075562 0.441592 0.0751523 0.441067 0.0827881
0 0.194989 0.0849081 0.195461 0.0770549 0.186825 0.0767632 0.186353 0.0846164
0 0.201734 0.0472674 0.202006 0.0406071 0.191576 0.0403678 0.191304 0.047028
0 0.677241 0.821728 0.677446 0.813699 0.670167 0.813595 0.669963 0.821623
0 0.383258 0.0820898 0.383583 0.0749646 0.374426 0.0747302 0.374102 0.0818554
0 0.6935 0.799275 0.693689 0.793311 0.685695 0.793169 0.685506 0.799133
0 0.777155 0.0818684 0.777667 0.0710737 0.768993 0.0708423 0.768481 0.081637
0 0.534347 0.0719432 0.534451 0.0667451 0.524665 0.0666348 0.524561 0.071833
0 0.541517 0.285364 0.541998 0.279774 0.53175 0.279279 0.531269 0.284868
0 0.825104 0.771111 0.825397 0.762754 0.816039 0.76257 0.815746 0.770927
0 0.13572 0.094574 0.136594 0.085328 0.125151 0.0847193 0.124276 0.0939653
0 0.136263 0.434491 0.13668 0.427011 0.124998 0.426645 0.124582 0.434125
0 0.674581 0.0763655 0.675482 0.0682572 0.664561 0.0675742 0.663659 0.0756824
0 0.893407 0.0440401 0.89423 0.0348697 0.88609 0.0344587 0.885267 0.0436291
0 0.916178 0.0599919 0.916235 0.0544953 0.907575 0.0544449 0.907518 0.0599415
0 0.932722 0.0510582 0.933069 0.0436265 0.924619 0.0434046 0.924272 0.0508363
0 0.71176 0.0631978 0.711909 0.0560383 0.705012 0.0559575 0.704863 0.0631169
0 0.658715 0.0708246 0.659033 0.0634917 0.649275 0.0632539 0.648957 0.0705868
0 0.969768 0.833946 0.970095 0.827728 0.958171 0.827375 0.957844 0.833592
0 0.191682 0.836209 0.192372 0.829706 0.181757 0.829072 0.181066 0.835575
0 0.679354 0.351017 0.679649 0.343439 0.67399 0.343315 0.673695 0.350892
0 0.492294 0.637728 0.492718 0.630749 0.485699 0.630509 0.485275 0.637489
0 0.12504 0.284625 0.125155 0.279323 0.111453 0.279157 0.111338 0.284458
0 0.251897 0.206687 0.252394 0.199061 0.241367 0.198656 0.24087 0.206283
0 0.476861 0.510511 0.477048 0.505749 0.471065 0.505617 0.470878 0.510378
0 0.575264 0.408381 0.575761 0.400367 0.568209 0.400103 0.567712 0.408118
0 0.158496 0.281954 0.158893 0.271729 0.148649 0.271504 0.148251 0.28173
0 0.625818 0.115624 0.626393 0.105988 0.61801 0.105707 0.617435 0.115343
0 0.277199 0.718979 0.277863 0.7083 0.270089 0.708028 0.269425 0.718707
0 0.858313 0.747672 0.85862 0.742634 0.84746 0.742251 0.847153 0.747289
0 0.536614 0.385727 0.536871 0.380036 0.524817 0.37973 0.52456 0.38542
0 0.275846 0.0753702 0.276216 0.0686287 0.266432 0.0683268 0.266062 0.0750683
0 0.191629 0.0998119 0.192132 0.0932047 0.180462 0.0927052 0.179959 0.0993124
0 0.48357 0.356639 0.484245 0.346981 0.47419 0.346586 0.473515 0.356243
0 0.141901 0.369108 0.142477 0.359375 0.130986 0.358993 0.130411 0.368725
0 0.14167 0.36698 0.142565 0.356217 0.131713 0.355709 0.130818 0.366472
0 0.444318 0.668925 0.444649 0.662286 0.437636 0.662089 0.437305 0.668728
0 0.191573 0.0751083 0.191988 0.068359 0.179062 0.0679122 0.178648 0.0746615
0 0.121055 0.284385 0.121277 0.279233 0.108333 0.278919 0.10811 0.284071
0 0.894001 0.040248 0.894178 0.0350492 0.882626 0.0348278 0.882449 0.0400266
0 0.483607 0.781704 0.484236 0.772427 0.474222 0.772044 0.473593 0.781321
0 0.627862 0.778243 0.628326 0.768817 0.618466 0.768544 0.618002 0.77797
0 0.508405 0.419101 0.508998 0.411523 0.495197 0.410916 0.494605 0.418495
0 0.204414 0.143061 0.204881 0.13133 0.191372 0.131028 0.190905 0.142759
0 0.120185 0.287641 0.120593 0.278162 0.113499 0.27799 0.11309 0.287469
0 0.864097 0.381703 0.864455 0.37626 0.857843 0.376016 0.857485 0.381459
0 0.187362 0.0743386 0.187767 0.0684221 0.174922 0.0679284 0.174518 0.073845
0 0.625871 0.781362 0.626444 0.772159 0.617449 0.771844 0.616875 0.781047
0 0.187546 0.834089 0.188322 0.827168 0.175303 0.826347 0.174527 0.833268
0 0.20166 0.790544 0.202026 0.781294 0.191263 0.781055 0.190897 0.790305
