0 0.744155 0.18298 0.744633 0.173578 0.736554 0.173347 0.736075 0.182749
0 0.862565 0.87007 0.86262 0.862861 0.851263 0.862813 0.851209 0.870021
0 0.131947 0.85121 0.132217 0.842049 0.123628 0.841907 0.123358 0.851068
0 0.126552 0.124862 0.1265 0.116277 0.117039 0.11631 0.117091 0.124894
0 0.109413 0.711906 0.110237 0.701055 0.0994574 0.700594 0.0986331 0.711446
0 0.432704 0.897382 0.4327 0.892542 0.423762 0.892547 0.423766 0.897386
0 0.749541 0.873718 0.749777 0.86797 0.741239 0.867772 0.741002 0.87352
0 0.770172 0.443876 0.770256 0.435934 0.755306 0.435845 0.755221 0.443786
0 0.408417 0.748444 0.408868 0.741525 0.399069 0.741166 0.398619 0.748085
0 0.200493 0.119587 0.20072 0.112687 0.191131 0.11251 0.190904 0.11941
0 0.88219 0.86898 0.88232 0.861498 0.872461 0.861401 0.87233 0.868883
0 0.861688 0.406723 0.861676 0.400857 0.850615 0.400869 0.850628 0.406735
0 0.841439 0.0665799 0.842402 0.0559665 0.83168 0.0554193 0.830717 0.0660327
0 0.658656 0.0461291 0.658924 0.0396572 0.651349 0.0394812 0.651082 0.0459531
0 0.128125 0.100626 0.128222 0.0936398 0.120748 0.093582 0.120651 0.100568
0 0.577855 0.0566768 0.577851 0.050462 0.567833 0.0504659 0.567837 0.0566806
0 0.00873511 0.132636 0.00904385 0.124977 0.000737583 0.124788 0.000428846 0.132448
0 0.157416 0.116422 0.15749 0.110939 0.149234 0.110876 0.149161 0.11636
0 0.479085 0.744075 0.47923 0.736715 0.471189 0.736626 0.471043 0.743985
0 0.258692 0.0847358 0.259045 0.078693 0.251773 0.0784536 0.251419 0.0844965
0 0.509567 0.732254 0.509655 0.726068 0.495205 0.725952 0.495117 0.732139
0 0.728258 0.0816281 0.728857 0.070644 0.721176 0.070408 0.720576 0.0813921
0 0.132828 0.158049 0.1331 0.153126 0.124818 0.152869 0.124546 0.157791
0 0.729435 0.0790374 0.729832 0.0684826 0.722535 0.0683284 0.722138 0.0788831
0 0.0750955 0.128203 0.0755122 0.118727 0.0614036 0.118378 0.0609868 0.127854
0 0.219934 0.110648 0.220167 0.105551 0.208128 0.105241 0.207895 0.110338
0 0.0457975 0.297817 0.0462361 0.292612 0.0398322 0.292309 0.0393936 0.297514
0 0.291559 0.533739 0.292067 0.526715 0.280657 0.52625 0.280148 0.533274
0 0.219734 0.112663 0.220092 0.102465 0.213068 0.102326 0.212709 0.112524
0 0.758433 0.0316188 0.758941 0.0216187 0.748274 0.0213138 0.747766 0.0313139
0 0.612594 0.722436 0.612764 0.718426 0.607042 0.718289 0.606872 0.722299
0 0.396029 0.600775 0.396142 0.593474 0.390179 0.593422 0.390065 0.600723
0 0.531277 0.490897 0.531747 0.481348 0.524709 0.481153 0.524239 0.490702
0 0.17074 0.786031 0.170898 0.780201 0.158218 0.780008 0.15806 0.785838
0 0.213729 0.307891 0.214002 0.303161 0.207809 0.302959 0.207536 0.30769
0 0.55886 0.447872 0.559054 0.443396 0.551199 0.443205 0.551005 0.44768
0 0.225165 0.131442 0.225407 0.122286 0.211876 0.122085 0.211634 0.131241
0 0.601241 0.224475 0.601472 0.218522 0.591445 0.218303 0.591214 0.224256
0 0.724536 0.254104 0.725576 0.243715 0.7148 0.243108 0.71376 0.253497
0 0.0133061 0.711984 0.0135695 0.70463 0.00613949 0.70448 0.00587607 0.711834
0 0.0356393 0.291173 0.0362299 0.281464 0.0249339 0.281078 0.0243434 0.290786
0 0.811034 0.131422 0.811681 0.121323 0.804398 0.121061 0.803751 0.131159
0 0.758201 0.0293469 0.759129 0.0187297 0.749786 0.0182704 0.748859 0.0288876
0 0.725162 0.256635 0.725829 0.246622 0.713685 0.246168 0.713018 0.25618
0 0.710329 0.888795 0.71067 0.881031 0.703972 0.880866 0.703631 0.888629
0 0.251624 0.266888 0.251614 0.261745 0.245359 0.261752 0.24537 0.266896
0 0.776896 0.602217 0.777397 0.593798 0.771087 0.593587 0.770586 0.602006
0 0.259209 0.848917 0.259516 0.843515 0.249512 0.843195 0.249205 0.848597
