0 0.14344 0.819296 0.143759 0.81253 0.133367 0.812254 0.133048 0.819021
0 0.827462 0.859838 0.827524 0.852881 0.818941 0.852839 0.818879 0.859795
0 0.609778 0.919597 0.609841 0.913831 0.60178 0.913781 0.601717 0.919547
0 0.127396 0.839736 0.127955 0.831106 0.12039 0.83083 0.119831 0.839461
0 0.545057 0.570183 0.545189 0.563808 0.538402 0.563728 0.538269 0.570104
0 0.136768 0.772781 0.13692 0.76605 0.124635 0.765893 0.124482 0.772625
0 0.309546 0.421832 0.309792 0.416928 0.302839 0.416732 0.302593 0.421636
0 0.903605 0.426126 0.90381 0.418491 0.890985 0.418297 0.89078 0.425932
0 0.266263 0.58589 0.266555 0.580354 0.258108 0.580103 0.257816 0.585639
0 0.897844 0.519737 0.897862 0.513759 0.88869 0.513744 0.888672 0.519721
0 0.568243 0.335303 0.568446 0.330006 0.55826 0.329786 0.558056 0.335083
0 0.879218 0.351959 0.879463 0.343736 0.871052 0.343596 0.870807 0.351818
0 0.614842 0.274058 0.614937 0.267647 0.607658 0.267586 0.607563 0.273997
0 0.187742 0.289587 0.187914 0.28423 0.182011 0.284123 0.181839 0.28948
0 0.231426 0.162843 0.231681 0.156072 0.22465 0.155924 0.224395 0.162694
0 0.984532 0.8927 0.984512 0.88662 0.976927 0.886634 0.976947 0.892714
0 0.126608 0.838773 0.126939 0.832524 0.116619 0.832216 0.116287 0.838465
0 0.19112 0.287526 0.191982 0.280242 0.180704 0.279491 0.179842 0.286775
0 0.897466 0.485452 0.897537 0.479736 0.889062 0.479677 0.88899 0.485392
0 0.901048 0.425928 0.901142 0.421175 0.892592 0.421081 0.892499 0.425834
0 0.350871 0.818536 0.350905 0.811923 0.343974 0.811903 0.34394 0.818516
