0 0.575363 0.0978556 0.575525 0.089543 0.568473 0.0892978 0.56831 0.0976105
0 0.32279 0.301742 0.322791 0.29129 0.315423 0.291289 0.315422 0.301742
0 0.169077 0.645308 0.169248 0.637318 0.163788 0.637111 0.163617 0.645101
0 0.38738 0.112588 0.387546 0.103448 0.381215 0.103243 0.381049 0.112383
0 0.815782 0.651841 0.815868 0.643759 0.808876 0.643625 0.808789 0.651708
0 0.340436 0.130786 0.340544 0.123032 0.331226 0.122802 0.331118 0.130556
0 0.506279 0.431277 0.506476 0.424235 0.499914 0.423908 0.499717 0.43095
0 0.815699 0.651189 0.81596 0.641479 0.806153 0.641009 0.805892 0.650719
0 0.632244 0.408447 0.632554 0.396487 0.627895 0.396272 0.627585 0.408233
0 0.63333 0.404584 0.633594 0.391658 0.628242 0.391463 0.627978 0.404389
0 0.818667 0.654074 0.819408 0.64147 0.809342 0.640418 0.808601 0.653023
0 0.72212 0.204609 0.722371 0.191675 0.715663 0.191444 0.715413 0.204378
0 0.343643 0.13138 0.34387 0.123513 0.333672 0.122991 0.333446 0.130858
0 0.65653 0.628828 0.65664 0.622979 0.651826 0.622819 0.651717 0.628669
0 0.718773 0.239082 0.719598 0.224795 0.711569 0.223971 0.710744 0.238258
0 0.721932 0.208761 0.722627 0.196014 0.716703 0.19544 0.716009 0.208187
