0 0.704487 0.424831 0.725667 0.357239 0.644251 0.311884 0.62307 0.379476
0 0.617455 0.489548 0.617841 0.419439 0.574581 0.419016 0.574195 0.489125
0 0.20489 0.614108 0.204243 0.529366 0.160359 0.529961 0.161006 0.614704
0 0.235049 0.700603 0.237063 0.62508 0.201102 0.623376 0.199088 0.698899
0 0.863369 0.467437 0.864698 0.402891 0.832633 0.401717 0.831304 0.466263
0 0.350951 0.0973748 0.35189 0.0485464 0.314459 0.0472665 0.31352 0.0960949
0 0.160564 0.823604 0.160961 0.718212 0.127554 0.717988 0.127157 0.82338
0 0.14424 0.337789 0.144491 0.285219 0.113542 0.284957 0.113291 0.337527
0 0.290492 0.413698 0.291719 0.342096 0.246683 0.340724 0.245456 0.412326
0 0.0867862 0.448744 0.0880932 0.372063 0.0525948 0.370988 0.0512879 0.447668
0 0.604808 0.354429 0.605981 0.306165 0.566948 0.304479 0.565775 0.352743
0 0.740561 0.762328 0.743364 0.707742 0.709593 0.704659 0.70679 0.759245
0 0.777063 0.398146 0.778304 0.325748 0.729521 0.324262 0.72828 0.39666
0 0.493682 0.490291 0.492879 0.416273 0.40991 0.417873 0.410713 0.491892
0 0.729863 0.999134 0.729901 0.984001 0.667789 0.983725 0.667751 0.998858
0 0.501611 0.506414 0.4975 0.413335 0.461545 0.416158 0.465657 0.509237
0 0.453804 0.497233 0.455485 0.45014 0.410658 0.447295 0.408977 0.494388
