0 0.658762 0.769593 0.658828 0.76303 0.648535 0.762971 0.648468 0.769534
0 0.349751 0.752449 0.350278 0.743577 0.339716 0.743225 0.33919 0.752097
0 0.444534 0.634309 0.444669 0.625011 0.436818 0.624947 0.436683 0.634245
0 0.668594 0.345162 0.668925 0.338915 0.657962 0.338588 0.657631 0.344836
0 0.851447 0.594577 0.85224 0.586996 0.842095 0.586399 0.841302 0.59398
0 0.643653 0.431488 0.64379 0.424458 0.635934 0.424371 0.635796 0.431401
0 0.685245 0.284655 0.685403 0.279972 0.674879 0.279772 0.674721 0.284455
0 0.76227 0.702236 0.762464 0.693567 0.754043 0.693461 0.753848 0.702129
0 0.791656 0.471141 0.791928 0.465439 0.779457 0.465104 0.779185 0.470806
0 0.608327 0.358037 0.608683 0.351685 0.599418 0.351393 0.599062 0.357745
0 0.575748 0.255255 0.57675 0.243765 0.565168 0.243197 0.564166 0.254687
0 0.788164 0.470241 0.788428 0.465502 0.775105 0.465084 0.774841 0.469824
0 0.684868 0.287592 0.685149 0.278508 0.67844 0.278391 0.678159 0.287475
