0 0.374285 0.935386 0.373516 0.920252 0.341774 0.921159 0.342543 0.936293
0 0.600591 0.762777 0.60095 0.744922 0.578088 0.744663 0.577729 0.762518
0 0.757917 0.662828 0.758226 0.644571 0.733756 0.644339 0.733448 0.662595
0 0.488898 0.352027 0.488028 0.332937 0.440363 0.334159 0.441233 0.353249
0 0.541152 0.279354 0.541344 0.261342 0.518609 0.261206 0.518417 0.279217
0 0.154381 0.606979 0.156336 0.5785 0.132759 0.57759 0.130804 0.606069
0 0.425951 0.521003 0.425393 0.495466 0.400639 0.49577 0.401197 0.521307
0 0.842762 0.701623 0.84208 0.666753 0.813846 0.667064 0.814527 0.701933
0 0.915154 0.790363 0.915099 0.767625 0.89779 0.767649 0.897844 0.790387
0 0.725504 0.0862081 0.725473 0.0536511 0.697848 0.053666 0.69788 0.086223
0 0.526608 0.792907 0.526958 0.775079 0.508493 0.774875 0.508143 0.792703
0 0.517319 0.666058 0.517802 0.64178 0.485013 0.641413 0.48453 0.665691
0 0.648812 0.654907 0.649385 0.639773 0.6324 0.639412 0.631828 0.654546
0 0.275969 0.896238 0.276468 0.879987 0.245431 0.87945 0.244932 0.895701
0 0.616041 0.664548 0.616646 0.651273 0.577001 0.650258 0.576397 0.663533
0 0.647505 0.376825 0.648406 0.353966 0.623905 0.353422 0.623003 0.376281
0 0.0245693 0.894345 0.0253105 0.867676 0.00152861 0.867304 0.000787435 0.893973
0 0.21103 0.601484 0.211467 0.582905 0.191439 0.58264 0.191003 0.60122
0 0.926888 0.916086 0.927667 0.887243 0.895004 0.886747 0.894225 0.91559
0 0.598454 0.683231 0.599028 0.666781 0.574585 0.666301 0.574011 0.682751
0 0.559301 0.486406 0.5605 0.467432 0.537046 0.466599 0.535848 0.485573
0 0.146632 0.0946597 0.146888 0.0872614 0.138208 0.0870927 0.137953 0.094491
0 0.914363 0.902239 0.91652 0.865414 0.872102 0.863951 0.869945 0.900775
0 0.212984 0.881239 0.214124 0.868064 0.199742 0.867364 0.198603 0.880539
