0 0.275348 0.697701 0.275459 0.691432 0.263696 0.691315 0.263586 0.697584
0 0.775502 0.834013 0.775403 0.827584 0.76083 0.827711 0.76093 0.83414
0 0.25069 0.806655 0.2505 0.789693 0.237262 0.789777 0.237453 0.806739
0 0.646784 0.878888 0.647114 0.868327 0.639903 0.8682 0.639572 0.878762
0 0.841644 0.811791 0.842007 0.803496 0.829494 0.803188 0.829131 0.811483
0 0.652922 0.223466 0.65309 0.217418 0.641543 0.217238 0.641376 0.223286
0 0.97774 0.62639 0.977934 0.618633 0.969632 0.618516 0.969438 0.626273
0 0.408923 0.894472 0.409567 0.886579 0.395623 0.885938 0.394979 0.893831
0 0.758758 0.735416 0.75887 0.73023 0.750817 0.730133 0.750706 0.735319
0 0.743358 0.71443 0.743675 0.706233 0.73567 0.706059 0.735353 0.714256
0 0.32447 0.863087 0.325436 0.855381 0.313441 0.854535 0.312475 0.862241
0 0.543331 0.958544 0.543542 0.951009 0.530164 0.950798 0.529953 0.958333
0 0.405858 0.894827 0.406525 0.887232 0.39134 0.886481 0.390672 0.894076
0 0.859733 0.382948 0.859801 0.377248 0.8523 0.377198 0.852233 0.382898
0 0.854696 0.745073 0.85478 0.737136 0.847465 0.737092 0.847381 0.74503
0 0.447962 0.556871 0.448285 0.551292 0.441277 0.551064 0.440954 0.556643
0 0.527743 0.998806 0.527752 0.985979 0.513615 0.985973 0.513606 0.9988
0 0.553658 0.600093 0.553944 0.593692 0.541626 0.593383 0.541341 0.599784
0 0.8108 0.806506 0.811333 0.796774 0.802865 0.796513 0.802332 0.806245
