0 0.596746 0.0837009 0.597022 0.0748393 0.590932 0.0745031 0.590657 0.0833647
0 0.345743 0.117012 0.345857 0.108142 0.340309 0.108016 0.340195 0.116886
0 0.168757 0.645306 0.168994 0.637321 0.161522 0.636927 0.161286 0.644912
0 0.388533 0.116868 0.388733 0.105134 0.384005 0.104991 0.383805 0.116725
0 0.562857 0.109513 0.56365 0.0967534 0.556543 0.0959686 0.555751 0.108728
0 0.38846 0.115321 0.388565 0.106139 0.381192 0.105989 0.381087 0.11517
0 0.719541 0.228936 0.719609 0.221576 0.715351 0.221506 0.715282 0.228866
0 0.812965 0.629033 0.813213 0.621054 0.806095 0.62066 0.805847 0.628639
0 0.508736 0.425554 0.508804 0.41784 0.504435 0.417772 0.504367 0.425486
0 0.637441 0.397165 0.637521 0.39093 0.631071 0.390784 0.630991 0.397018
0 0.34651 0.117654 0.346704 0.109002 0.337441 0.108632 0.337246 0.117284
0 0.744547 0.208498 0.744961 0.198116 0.739833 0.197752 0.739419 0.208134
