0 0.579761 0.595668 0.579677 0.558512 0.480824 0.558639 0.480909 0.595795
0 0.657395 0.403292 0.658484 0.36723 0.589425 0.366057 0.588336 0.402119
0 0.960394 0.370461 0.960169 0.318663 0.873045 0.318876 0.87327 0.370674
0 0.585001 0.338145 0.590177 0.292136 0.505711 0.286791 0.500535 0.3328
0 0.374402 0.506122 0.376353 0.450923 0.332912 0.450059 0.330962 0.505258
0 0.442108 0.471301 0.442021 0.423061 0.385226 0.423119 0.385313 0.471359
0 0.508967 0.383953 0.510056 0.320013 0.450521 0.319442 0.449432 0.383382
0 0.193321 0.397093 0.193783 0.333519 0.105511 0.333158 0.105049 0.396732
0 0.399226 0.578269 0.400739 0.531006 0.324752 0.529637 0.323238 0.576901
0 0.439325 0.550106 0.452386 0.506477 0.375974 0.49361 0.362913 0.537239
0 1.00227 0.306964 1.00255 0.256551 0.964207 0.256435 0.963937 0.306848
0 0.204235 0.401254 0.203754 0.367475 0.14814 0.367921 0.148621 0.4017
