0 0.850459 0.200535 0.850393 0.193078 0.835371 0.193153 0.835437 0.20061
0 0.234459 0.744862 0.234815 0.737072 0.223719 0.736787 0.223363 0.744577
0 0.343263 0.234933 0.343329 0.229414 0.332678 0.229342 0.332611 0.23486
0 0.369798 0.184316 0.370193 0.176356 0.358068 0.176017 0.357672 0.183978
0 0.629707 0.777288 0.629848 0.76872 0.620008 0.768629 0.619868 0.777197
0 0.492952 0.125708 0.492965 0.118517 0.475578 0.118499 0.475564 0.12569
0 0.729823 0.753658 0.73009 0.74374 0.721999 0.743617 0.721732 0.753535
0 0.325503 0.168935 0.325754 0.161725 0.318069 0.161574 0.317819 0.168784
0 0.0513622 0.491313 0.0514197 0.486261 0.0417142 0.486199 0.0416567 0.49125
0 0.728655 0.16364 0.729143 0.15625 0.721698 0.155973 0.72121 0.163363
0 0.0518277 0.494164 0.0523809 0.485347 0.0408888 0.484941 0.0403355 0.493759
0 0.0827873 0.582181 0.0831625 0.577603 0.0750777 0.57723 0.0747024 0.581808
0 0.552285 0.224098 0.552433 0.218756 0.541476 0.218585 0.541328 0.223927
0 0.896546 0.4974 0.89651 0.493094 0.889772 0.493125 0.889808 0.497431
0 0.708735 0.557603 0.708806 0.55205 0.696363 0.55196 0.696292 0.557513
0 0.970634 0.32178 0.970866 0.316899 0.958332 0.316564 0.9581 0.321445
