0 0.868015 0.236372 0.868123 0.227295 0.849343 0.22717 0.849235 0.236247
0 0.730553 0.226207 0.730614 0.211434 0.715183 0.211398 0.715123 0.226171
0 0.300993 0.157655 0.300971 0.148219 0.279899 0.148247 0.279921 0.157682
0 0.694398 0.148385 0.694928 0.135819 0.679909 0.135463 0.679379 0.148029
0 0.537009 0.17102 0.537472 0.157408 0.519457 0.157064 0.518995 0.170676
0 0.25765 0.137531 0.257551 0.126525 0.232873 0.126651 0.232973 0.137656
0 0.314802 0.225153 0.314704 0.210372 0.301067 0.210423 0.301165 0.225203
0 0.218651 0.289019 0.219248 0.272541 0.20481 0.272247 0.204213 0.288725
0 0.242041 0.262262 0.243041 0.251783 0.231359 0.251156 0.230359 0.261635
0 0.388207 0.209849 0.389174 0.197774 0.373656 0.197075 0.372688 0.20915
0 0.203069 0.635895 0.203734 0.620585 0.189706 0.620242 0.18904 0.635552
0 0.343435 0.662153 0.343304 0.652367 0.319676 0.652545 0.319807 0.662331
0 0.255862 0.402893 0.256616 0.38646 0.239709 0.386024 0.238955 0.402457
0 0.521895 0.248297 0.522291 0.232984 0.508053 0.232777 0.507657 0.24809
0 0.778441 0.231463 0.778885 0.221583 0.76062 0.221121 0.760176 0.231001
0 0.522442 0.210749 0.523375 0.197757 0.506359 0.19707 0.505426 0.210062
0 0.284856 0.897903 0.285339 0.880033 0.262306 0.879683 0.261824 0.897553
0 0.340589 0.220519 0.341003 0.210013 0.320441 0.209558 0.320027 0.220064
0 0.188168 0.216958 0.188293 0.205023 0.175149 0.204945 0.175023 0.21688
0 0.860512 0.252117 0.860909 0.242332 0.841959 0.241899 0.841562 0.251684
0 0.166734 0.45647 0.166985 0.44663 0.153506 0.446437 0.153255 0.456277
0 0.239717 0.671299 0.241166 0.654154 0.223851 0.65333 0.222402 0.670476
0 0.632246 0.179267 0.632712 0.168753 0.619568 0.168426 0.619103 0.178939
0 0.0829053 0.550906 0.083197 0.54315 0.0748594 0.542974 0.0745677 0.55073
0 0.460168 0.356634 0.460213 0.349149 0.443717 0.349094 0.443672 0.356578
0 0.775314 0.229751 0.775793 0.218963 0.755365 0.218453 0.754886 0.229241
0 0.243977 0.37152 0.244191 0.364703 0.230669 0.364465 0.230456 0.371281
0 0.545076 0.162661 0.545896 0.150052 0.527345 0.149374 0.526525 0.161982
0 0.311336 0.377552 0.311772 0.368617 0.301693 0.36834 0.301257 0.377276
