0 0.557942 0.0927605 0.558095 0.0828851 0.552533 0.0827317 0.55238 0.0926072
0 0.586275 0.0753489 0.586524 0.0641194 0.579424 0.0638391 0.579175 0.0750687
0 0.34857 0.108796 0.348633 0.100933 0.342314 0.100842 0.342251 0.108706
0 0.161241 0.642352 0.161599 0.633497 0.156156 0.633106 0.155798 0.641961
0 0.383632 0.119594 0.383811 0.108282 0.378968 0.108146 0.378789 0.119458
0 0.812586 0.62067 0.812743 0.612229 0.80633 0.612016 0.806172 0.620457
0 0.721333 0.227258 0.721443 0.218174 0.716642 0.21807 0.716531 0.227153
0 0.665127 0.357862 0.66517 0.349507 0.660161 0.349461 0.660118 0.357815
0 0.668782 0.359166 0.668956 0.351128 0.659478 0.350764 0.659305 0.358802
0 0.37701 0.234416 0.377065 0.22656 0.372515 0.226504 0.37246 0.23436
0 0.657102 0.625188 0.657371 0.616523 0.653019 0.616283 0.65275 0.624948
0 0.644568 0.396684 0.644553 0.390249 0.639328 0.390271 0.639344 0.396706
0 0.811228 0.622041 0.8116 0.608066 0.806009 0.607801 0.805637 0.621777
