0 0.259092 0.822934 0.259047 0.794768 0.231833 0.794846 0.231878 0.823012
0 0.180838 0.875449 0.180389 0.848544 0.150069 0.849443 0.150518 0.876348
0 0.294338 0.514448 0.293167 0.472491 0.272349 0.473523 0.273521 0.515481
0 0.208705 0.560953 0.208303 0.523781 0.182278 0.52428 0.18268 0.561453
0 0.193544 0.922852 0.193598 0.892836 0.173062 0.89277 0.173008 0.922785
0 0.430703 0.304885 0.430466 0.282574 0.397559 0.283194 0.397795 0.305505
0 0.308665 0.329665 0.308814 0.291277 0.28518 0.291114 0.285031 0.329502
0 0.447278 0.369276 0.447565 0.34003 0.407332 0.339328 0.407045 0.368575
0 0.259579 0.612148 0.258382 0.570329 0.234949 0.571522 0.236146 0.613341
0 0.407092 0.530502 0.407271 0.502012 0.371777 0.501615 0.371597 0.530105
0 0.353626 0.546083 0.355594 0.502631 0.333032 0.500814 0.331065 0.544266
0 0.22358 0.3323 0.223801 0.294982 0.202003 0.294752 0.201782 0.332071
0 0.960437 0.245801 0.960642 0.210776 0.928693 0.210444 0.928488 0.245469
0 0.478303 0.33404 0.477297 0.283774 0.453241 0.28463 0.454248 0.334895
0 0.581331 0.415305 0.581545 0.369643 0.558499 0.369452 0.558285 0.415114
0 0.792207 0.334674 0.79365 0.290809 0.747542 0.288113 0.746099 0.331978
0 0.929253 0.293718 0.928707 0.265902 0.893036 0.267147 0.893582 0.294963
0 0.340167 0.199189 0.340816 0.166389 0.309507 0.165287 0.308857 0.198087
0 0.627104 0.796884 0.625582 0.75423 0.577876 0.757256 0.579399 0.79991
0 0.846354 0.433008 0.849614 0.377951 0.815696 0.374382 0.812436 0.429439
0 0.30197 0.565175 0.302022 0.530371 0.27764 0.530306 0.277588 0.56511
0 0.75213 0.152276 0.753559 0.11282 0.720134 0.110668 0.718705 0.150124
0 0.379318 0.5874 0.378692 0.547468 0.340673 0.548527 0.341298 0.588459
0 0.152435 0.70566 0.152466 0.643595 0.131006 0.643576 0.130975 0.705641
0 0.272326 0.677845 0.272664 0.613053 0.249519 0.612838 0.249181 0.677631
0 0.529342 0.88942 0.530232 0.8519 0.51007 0.85105 0.50918 0.88857
0 0.214092 0.999991 0.21409 0.988227 0.185499 0.988238 0.185501 1
0 0.749365 0.781602 0.750851 0.750375 0.717187 0.747527 0.715701 0.778754
