0 0.12957 0.666507 0.130933 0.618948 0.0222727 0.617197 0.0209098 0.664755
0 0.512714 0.553846 0.520093 0.509527 0.424369 0.500562 0.41699 0.544882
0 0.432228 0.492718 0.432524 0.464482 0.357213 0.464038 0.356918 0.492274
0 0.436994 0.460827 0.434906 0.404111 0.376018 0.40533 0.378106 0.462047
0 0.981807 0.348203 0.980368 0.296736 0.888732 0.298177 0.890171 0.349644
0 0.665641 0.379274 0.666675 0.333296 0.615524 0.332649 0.61449 0.378627
0 0.269877 0.384837 0.271873 0.344624 0.211782 0.342947 0.209786 0.38316
0 0.388362 0.565406 0.387205 0.509846 0.329695 0.51052 0.330852 0.566079
0 0.518176 0.463288 0.519416 0.406216 0.473508 0.405655 0.472268 0.462727
0 0.504866 0.376823 0.50993 0.314793 0.414117 0.310393 0.409053 0.372423
0 0.465159 0.37169 0.468862 0.3104 0.411606 0.308454 0.407903 0.369744
0 0.791669 0.99931 0.792081 0.968178 0.73253 0.967736 0.732119 0.998867
