0 0.366181 0.452235 0.366075 0.436241 0.324327 0.436397 0.324434 0.452392
0 0.474561 0.47762 0.474796 0.457626 0.446098 0.457436 0.445862 0.477429
0 0.643735 0.131607 0.645329 0.113449 0.610528 0.11173 0.608934 0.129889
0 0.0530054 0.519101 0.0542178 0.498207 0.0228312 0.497182 0.0216189 0.518076
0 0.474402 0.30012 0.473727 0.284909 0.438222 0.285795 0.438897 0.301006
0 0.688797 0.155311 0.688395 0.133121 0.665061 0.133359 0.665463 0.155549
0 0.723186 0.702553 0.723479 0.680744 0.667954 0.680325 0.667662 0.702134
0 0.737666 0.174578 0.739384 0.149045 0.710801 0.147963 0.709082 0.173496
0 0.94231 0.416277 0.94171 0.396314 0.884519 0.397282 0.885119 0.417245
0 0.684624 0.0666601 0.683696 0.0400541 0.663398 0.040452 0.664325 0.0670581
0 0.234631 0.45525 0.233952 0.439042 0.193246 0.440001 0.193925 0.45621
0 0.603934 0.39484 0.604997 0.370899 0.573467 0.370111 0.572404 0.394052
0 0.101092 0.543015 0.100771 0.526867 0.0597229 0.527327 0.0600444 0.543475
0 0.341246 0.394137 0.345189 0.373283 0.30507 0.369016 0.301127 0.38987
0 0.317337 0.360377 0.319591 0.336072 0.291629 0.334613 0.289375 0.358918
0 0.336418 0.67619 0.336669 0.656686 0.289814 0.656346 0.289563 0.67585
0 0.533714 0.197179 0.53405 0.184609 0.508782 0.184229 0.508445 0.196798
0 0.952571 0.992152 0.953173 0.968929 0.900853 0.968166 0.90025 0.991389
0 0.418267 0.349951 0.418392 0.335352 0.37898 0.335161 0.378855 0.34976
0 0.143367 0.618199 0.143171 0.593209 0.112795 0.593343 0.112991 0.618334
0 0.284601 0.258953 0.285488 0.235071 0.255671 0.234448 0.254784 0.258329
0 0.322218 0.4163 0.32738 0.397688 0.291385 0.392073 0.286224 0.410685
0 0.0411323 0.610109 0.0414327 0.596204 0.00816996 0.5958 0.00786959 0.609705
0 0.732047 0.22361 0.732467 0.204324 0.703373 0.203967 0.702953 0.223254
0 0.295581 0.433594 0.29951 0.410587 0.264511 0.407225 0.260582 0.430232
0 0.871322 0.0515577 0.870049 0.0308065 0.825232 0.032353 0.826505 0.0531042
0 0.38656 0.410488 0.388728 0.392491 0.353727 0.390119 0.351559 0.408116
0 0.376457 0.955874 0.375921 0.921558 0.333417 0.921932 0.333953 0.956248
0 0.482154 0.348023 0.482072 0.320055 0.460721 0.32009 0.460803 0.348059
0 0.757154 0.111457 0.757118 0.0952386 0.717281 0.095288 0.717316 0.111506
0 0.402782 0.245546 0.402089 0.230258 0.363835 0.231235 0.364529 0.246522
0 0.671262 0.772005 0.671461 0.742008 0.645477 0.741911 0.645278 0.771908
0 0.36535 0.593233 0.366489 0.56727 0.331654 0.566411 0.330515 0.592373
0 0.517803 0.311022 0.517021 0.280654 0.489997 0.281045 0.490779 0.311414
0 0.494172 0.168886 0.493232 0.14036 0.460757 0.140961 0.461696 0.169487
0 0.92297 0.202861 0.924037 0.175452 0.881649 0.174524 0.880582 0.201933
0 0.524267 0.559475 0.524746 0.52768 0.488124 0.52737 0.487645 0.559164
0 0.819255 0.045082 0.81958 0.0248575 0.796124 0.0246459 0.795799 0.0448703
0 0.67722 0.535781 0.676876 0.510477 0.646319 0.51071 0.646663 0.536014
0 0.418827 0.285234 0.419321 0.268874 0.401548 0.268571 0.401054 0.284932
0 0.534557 0.24712 0.533788 0.222578 0.51341 0.222937 0.514179 0.24748
0 0.70306 0.45195 0.703446 0.425992 0.677737 0.425777 0.677352 0.451736
0 0.48144 0.419567 0.482868 0.402495 0.445261 0.400726 0.443833 0.417797
0 0.368761 0.767833 0.368493 0.733708 0.333948 0.733861 0.334216 0.767985
0 0.773396 0.574655 0.7737 0.551406 0.731428 0.551096 0.731125 0.574345
0 0.601659 0.133766 0.602947 0.111148 0.569124 0.110065 0.567836 0.132683
0 0.705264 0.098658 0.706748 0.0771142 0.684784 0.0762632 0.6833 0.0978069
0 0.164876 0.475399 0.164356 0.453973 0.122117 0.45455 0.122637 0.475976
0 0.519451 0.966621 0.520004 0.940378 0.498549 0.940124 0.497996 0.966367
0 0.371161 0.220292 0.370645 0.203868 0.336762 0.204467 0.337278 0.22089
0 0.748995 0.197549 0.749803 0.181713 0.72189 0.180912 0.721082 0.196748
0 0.442821 0.388945 0.44385 0.364099 0.420216 0.363549 0.419187 0.388394
0 0.586491 0.480159 0.587071 0.460531 0.548209 0.459885 0.547628 0.479513
0 0.228095 0.341111 0.228688 0.31904 0.200794 0.318619 0.200201 0.340689
0 0.591497 0.211605 0.588578 0.180051 0.562356 0.181416 0.565275 0.21297
0 0.613181 0.54735 0.611986 0.507829 0.584519 0.508296 0.585714 0.547817
0 0.454843 0.432525 0.454635 0.409291 0.435408 0.409388 0.435617 0.432622
0 0.633991 0.587556 0.6355 0.562431 0.616711 0.561797 0.615203 0.586921
0 0.487146 0.273045 0.489263 0.255635 0.45701 0.253428 0.454892 0.270839
0 0.184886 0.933004 0.185565 0.914905 0.157093 0.914304 0.156413 0.932402
0 0.629263 0.212752 0.630533 0.173163 0.58874 0.172408 0.58747 0.211998
0 0.78592 0.0321941 0.786696 0.00772552 0.76016 0.00725198 0.759384 0.0317205
0 0.506713 0.241852 0.506739 0.226509 0.485181 0.226487 0.485154 0.241831
0 0.445816 0.337622 0.44571 0.313572 0.423186 0.313627 0.423292 0.337678
0 0.410656 0.313306 0.411947 0.298091 0.386968 0.2969 0.385678 0.312115
0 0.415393 0.371912 0.41504 0.355452 0.38714 0.355788 0.387493 0.372248
0 0.369503 0.340116 0.369717 0.319996 0.350188 0.319878 0.349974 0.339999
0 0.85206 0.0093368 0.851771 -0.00066173 0.824722 -0.000220465 0.825012 0.00977806
0 0.430748 0.312367 0.429101 0.293866 0.41131 0.294757 0.412956 0.313258
0 0.36702 0.348848 0.367512 0.329691 0.347657 0.329404 0.347165 0.348561
0 0.349542 0.354035 0.35136 0.334547 0.331318 0.333495 0.3295 0.352983
0 0.490514 0.25165 0.490735 0.238113 0.463089 0.237859 0.462868 0.251396
0 0.428294 0.306502 0.428174 0.288163 0.410996 0.288226 0.411116 0.306565
0 0.528853 0.360572 0.529152 0.347398 0.5073 0.347119 0.507001 0.360293
0 0.361765 0.34668 0.362116 0.325568 0.338471 0.325346 0.338119 0.346458
0 0.0110654 0.53432 0.0105919 0.512344 0.00065823 0.512465 0.00113173 0.53444
0 0.38592 0.328056 0.387049 0.315047 0.365032 0.313972 0.363903 0.326981
0 0.498759 0.244611 0.500376 0.228808 0.470337 0.227079 0.468719 0.242882
