0 0.587406 0.0923032 0.587534 0.0842321 0.579882 0.0840165 0.579754 0.0920876
0 0.718984 0.233272 0.719328 0.224155 0.713011 0.223731 0.712666 0.232847
0 0.640206 0.109642 0.640556 0.101705 0.631362 0.100986 0.631013 0.108923
0 0.631321 0.392881 0.631646 0.383885 0.62387 0.383386 0.623545 0.392383
0 0.169478 0.625233 0.169841 0.613972 0.164761 0.613681 0.164399 0.624942
0 0.815488 0.658237 0.81552 0.648957 0.809041 0.648916 0.809009 0.658197
0 0.343917 0.125207 0.344111 0.114742 0.337474 0.114523 0.337279 0.124988
0 0.302448 0.308791 0.302677 0.298155 0.293482 0.297803 0.293253 0.308439
0 0.669571 0.359327 0.669647 0.352378 0.664096 0.352271 0.66402 0.359219
0 0.643761 0.109578 0.644257 0.1003 0.632149 0.0991496 0.631653 0.108428
0 0.706216 0.188601 0.706826 0.174896 0.697763 0.174179 0.697153 0.187884
0 0.393454 0.10623 0.394141 0.091582 0.386336 0.0909309 0.385649 0.105579
