0 0.816728 0.876317 0.817072 0.849253 0.792517 0.848699 0.792174 0.875763
0 0.310241 0.323937 0.310237 0.29598 0.296162 0.295984 0.296166 0.32394
0 0.857722 0.830533 0.857206 0.794243 0.835704 0.794787 0.83622 0.831078
0 0.425646 0.923505 0.425937 0.902261 0.413006 0.901946 0.412716 0.923191
0 0.693128 0.598609 0.693348 0.566955 0.672202 0.566693 0.671981 0.598347
0 0.386834 0.244575 0.387172 0.216994 0.374433 0.216716 0.374095 0.244297
0 0.643664 0.23789 0.643679 0.215815 0.622147 0.215788 0.622131 0.237863
0 0.477079 0.526871 0.476787 0.508687 0.455826 0.509286 0.456118 0.52747
0 0.431927 0.129234 0.432028 0.102868 0.414609 0.102749 0.414508 0.129115
0 0.841407 0.715799 0.841408 0.699011 0.822815 0.69901 0.822814 0.715798
0 0.39443 0.20408 0.39551 0.185864 0.384255 0.184677 0.383175 0.202893
0 0.601155 0.995543 0.60108 0.975024 0.583108 0.975141 0.583183 0.99566
0 0.5946 0.222434 0.595618 0.188895 0.580294 0.188068 0.579275 0.221607
0 0.457077 0.228791 0.457624 0.209252 0.444254 0.208586 0.443706 0.228126
