0 0.798544 0.713764 0.798711 0.705796 0.79061 0.705701 0.790443 0.713669
0 0.393384 0.596242 0.393476 0.587715 0.380227 0.587635 0.380135 0.596161
0 0.61774 0.771264 0.617969 0.764814 0.607996 0.764615 0.607767 0.771065
0 0.485244 0.763957 0.485404 0.756055 0.474668 0.755932 0.474508 0.763834
0 0.471134 0.287884 0.471165 0.281009 0.457911 0.280975 0.457879 0.28785
0 0.620239 0.387956 0.620575 0.379126 0.612857 0.378961 0.612521 0.387791
0 0.674967 0.359239 0.675229 0.353599 0.662067 0.353256 0.661806 0.358896
0 0.725142 0.619198 0.725661 0.612352 0.715793 0.611931 0.715274 0.618777
0 0.313882 0.690951 0.31408 0.681253 0.303991 0.681137 0.303793 0.690836
0 0.316748 0.690013 0.316845 0.68426 0.302731 0.684126 0.302634 0.68988
0 0.641269 0.450381 0.641866 0.443463 0.63 0.442887 0.629403 0.449805
0 0.624574 0.389003 0.625289 0.380378 0.612165 0.379767 0.61145 0.388392
0 0.526603 0.27731 0.527088 0.267514 0.519184 0.267295 0.5187 0.277091
0 0.608749 0.272231 0.608904 0.266454 0.600311 0.266324 0.600156 0.272102
0 0.621308 0.388357 0.621634 0.378716 0.608285 0.378463 0.607959 0.388104
