0 0.562605 0.90653 0.563121 0.889012 0.521946 0.88833 0.52143 0.905847
0 0.598654 0.224086 0.598656 0.206129 0.557216 0.206127 0.557214 0.224084
0 0.469042 0.315442 0.468828 0.300578 0.443158 0.300786 0.443373 0.315651
0 0.608327 0.488728 0.607972 0.475544 0.581023 0.475952 0.581378 0.489136
0 0.660554 0.901657 0.660473 0.885789 0.625151 0.88589 0.625232 0.901758
0 0.675767 0.617244 0.675368 0.602609 0.64578 0.603062 0.646178 0.617697
0 0.47604 0.403907 0.475429 0.388652 0.440311 0.389444 0.440922 0.404698
0 0.611301 0.960465 0.610929 0.944256 0.578052 0.94468 0.578424 0.960889
0 0.476861 0.365327 0.476715 0.351079 0.443451 0.351271 0.443598 0.36552
0 0.620034 0.914053 0.619653 0.89429 0.577205 0.89475 0.577586 0.914514
0 0.589533 0.531377 0.589552 0.514701 0.565671 0.514686 0.565651 0.531361
0 0.447766 0.422247 0.446631 0.406346 0.411237 0.407767 0.412372 0.423668
0 0.349098 0.295245 0.351699 0.27274 0.327699 0.271179 0.325098 0.293685
0 0.675041 0.873178 0.67592 0.851746 0.642592 0.850977 0.641713 0.872409
0 0.602778 0.638416 0.602242 0.621195 0.565511 0.621838 0.566047 0.639059
0 0.509576 0.335925 0.508321 0.318362 0.469813 0.31991 0.471068 0.337473
0 0.574249 0.557973 0.572914 0.539539 0.535866 0.541049 0.537201 0.559483
0 0.642917 0.542577 0.642851 0.529119 0.612395 0.529203 0.612461 0.542661
0 0.413744 0.295501 0.413317 0.281196 0.379806 0.281758 0.380233 0.296063
0 0.51505 0.181101 0.515421 0.15513 0.476598 0.154818 0.476227 0.180789
0 0.547332 0.365559 0.547485 0.350999 0.51581 0.350812 0.515657 0.365373
0 0.63359 0.460645 0.63363 0.442363 0.613712 0.442339 0.613672 0.46062
0 0.492343 0.0896616 0.493929 0.0636266 0.461053 0.0625004 0.459468 0.0885354
0 0.556335 0.584456 0.556042 0.569135 0.518645 0.569537 0.518938 0.584858
0 0.424988 0.538517 0.425168 0.522059 0.401641 0.521915 0.401461 0.538372
0 0.399255 0.32531 0.400649 0.311803 0.372733 0.310182 0.371339 0.323689
0 0.322976 0.559473 0.322541 0.542656 0.284715 0.543206 0.28515 0.560023
0 0.577405 0.0823317 0.577468 0.0657768 0.538202 0.0656927 0.538139 0.0822476
0 0.566782 1.0007 0.566962 0.987198 0.526408 0.986895 0.526228 1.0004
0 0.439453 0.603399 0.438959 0.573988 0.416265 0.574202 0.416759 0.603614
0 0.483946 0.474664 0.483288 0.460915 0.454185 0.461698 0.454843 0.475447
0 0.580525 0.421884 0.581604 0.411026 0.562438 0.409954 0.561358 0.420811
0 0.639991 0.663277 0.644262 0.635094 0.620281 0.633049 0.61601 0.661233
0 0.399327 0.43044 0.39897 0.416675 0.36932 0.417108 0.369677 0.430874
0 0.415459 0.376931 0.416662 0.362842 0.381332 0.361144 0.380128 0.375233
0 0.316238 0.306279 0.316548 0.283637 0.289814 0.283431 0.289504 0.306073
0 0.748326 0.153127 0.750237 0.111481 0.713322 0.110529 0.711411 0.152174
0 0.593376 0.447392 0.59362 0.431877 0.566403 0.431636 0.566158 0.447151
0 0.629324 0.602308 0.629847 0.583621 0.61187 0.583338 0.611347 0.602026
0 0.561366 0.44314 0.563448 0.424791 0.545912 0.423672 0.54383 0.442021
0 0.391669 0.386878 0.392874 0.371126 0.364319 0.369897 0.363114 0.385649
0 0.552591 0.408656 0.552599 0.394895 0.52029 0.394884 0.520283 0.408646
0 0.639961 0.73503 0.639837 0.717228 0.606563 0.717359 0.606687 0.73516
0 0.575637 0.714795 0.576321 0.688852 0.551516 0.688484 0.550832 0.714427
0 0.369084 0.332832 0.369826 0.316844 0.340164 0.31607 0.339422 0.332058
0 0.43618 0.316501 0.435533 0.303308 0.406191 0.304117 0.406838 0.31731
0 0.645735 0.723824 0.645445 0.700206 0.61723 0.700401 0.61752 0.724019
0 0.620898 0.595318 0.620815 0.577778 0.588767 0.577863 0.588849 0.595403
0 0.621847 0.542327 0.621727 0.529992 0.588979 0.530171 0.589098 0.542506
0 0.58824 0.408804 0.588992 0.395168 0.569065 0.39455 0.568313 0.408186
0 0.513165 0.369026 0.513931 0.354204 0.486469 0.353407 0.485703 0.368228
0 0.550073 0.43548 0.551217 0.413607 0.525855 0.412861 0.52471 0.434733
0 0.499624 0.459656 0.499939 0.444334 0.480069 0.444105 0.479755 0.459427
0 0.564101 0.39633 0.564469 0.383719 0.539549 0.38331 0.539181 0.395922
0 0.438935 0.33229 0.439087 0.319658 0.415138 0.319496 0.414987 0.332128
0 0.637428 0.624205 0.638292 0.608682 0.622247 0.60818 0.621384 0.623703
0 0.422098 0.362136 0.422171 0.350029 0.397716 0.349946 0.397643 0.362053
0 0.63417 0.978647 0.634499 0.961744 0.607176 0.961444 0.606847 0.978347
0 0.524682 0.430254 0.524819 0.41675 0.505143 0.416637 0.505006 0.430141
0 0.643507 0.734476 0.643672 0.70989 0.613701 0.709777 0.613536 0.734362
0 0.215365 0.343011 0.215849 0.329641 0.194585 0.329208 0.194101 0.342577
0 0.639026 0.54077 0.638957 0.52653 0.60104 0.526634 0.601109 0.540873
0 0.618267 0.633469 0.618039 0.619242 0.60351 0.619373 0.603738 0.6336
0 0.562415 0.402078 0.561946 0.387283 0.525391 0.387935 0.52586 0.402731
