0 0.586572 0.164844 0.58663 0.158388 0.580096 0.158355 0.580038 0.164811
0 0.847384 0.156614 0.847957 0.150111 0.840804 0.149756 0.84023 0.156259
0 0.808382 0.920158 0.808811 0.910719 0.79897 0.910468 0.798541 0.919906
0 0.681536 0.231503 0.681712 0.226034 0.674011 0.225894 0.673835 0.231363
0 0.716845 0.914071 0.71697 0.90913 0.707989 0.909002 0.707864 0.913943
0 0.714379 0.915616 0.714749 0.906273 0.707811 0.906118 0.707441 0.915461
0 0.69675 0.949333 0.696938 0.943106 0.689794 0.942985 0.689607 0.949211
0 0.841628 0.261713 0.842069 0.25579 0.832368 0.255384 0.831928 0.261307
0 0.858454 0.432989 0.85863 0.427977 0.849643 0.427799 0.849467 0.432811
0 0.714448 0.883675 0.714604 0.878474 0.707651 0.878357 0.707494 0.883557
0 0.517007 0.673682 0.517159 0.668195 0.508215 0.668055 0.508062 0.673541
0 0.251822 0.267441 0.251884 0.262056 0.245442 0.262015 0.24538 0.267399
0 0.350046 0.564984 0.35016 0.560542 0.341071 0.560411 0.340957 0.564853
0 0.247278 0.681546 0.247772 0.67521 0.241432 0.674933 0.240939 0.681268
0 0.631115 0.64844 0.631378 0.643181 0.624805 0.642995 0.624541 0.648255
0 0.558729 0.243855 0.559143 0.23659 0.552312 0.236371 0.551898 0.243636
0 0.643951 0.345492 0.644103 0.341905 0.638845 0.34178 0.638693 0.345366
0 0.60819 0.761812 0.608556 0.755946 0.599532 0.755629 0.599166 0.761496
0 0.85339 0.562903 0.853512 0.557687 0.847606 0.557609 0.847484 0.562825
0 0.851072 0.388429 0.851114 0.384032 0.845464 0.384001 0.845423 0.388398
0 0.285617 0.137832 0.285811 0.132105 0.279637 0.131987 0.279443 0.137715
0 0.853125 0.622305 0.853247 0.616864 0.841651 0.616718 0.84153 0.622158
0 0.853436 0.350722 0.853716 0.342976 0.841635 0.342729 0.841354 0.350476
0 0.45845 0.468904 0.458781 0.463518 0.451428 0.463264 0.451097 0.46865
0 0.158003 0.184928 0.158826 0.177758 0.147892 0.177052 0.14707 0.184223
0 0.741078 0.264473 0.742035 0.256192 0.733656 0.255647 0.732699 0.263928
0 0.253699 0.269401 0.254302 0.262273 0.241894 0.261682 0.241291 0.26881
0 0.208594 0.143987 0.20878 0.137827 0.19849 0.137652 0.198304 0.143812
0 0.590834 0.166649 0.591895 0.15616 0.579623 0.155462 0.578562 0.165951
0 0.778739 0.43147 0.779323 0.423015 0.774322 0.422821 0.773738 0.431275
