0 0.312185 0.594039 0.311548 0.507045 0.177396 0.508792 0.178033 0.595786
0 0.797031 0.551103 0.79522 0.400733 0.722596 0.402288 0.724407 0.552659
0 0.448103 0.283174 0.448814 0.147708 0.397234 0.147226 0.396522 0.282692
0 0.0686655 0.568836 0.0715016 0.484094 -0.000181531 0.479829 -0.00301766 0.564571
0 0.683294 0.495951 0.683238 0.355891 0.545408 0.355989 0.545465 0.49605
0 0.260685 0.951201 0.259222 0.806751 0.192285 0.807957 0.193748 0.952406
0 0.370723 0.378362 0.374105 0.237424 0.280199 0.233418 0.276818 0.374357
0 0.12061 0.0356507 0.120718 -0.00312327 0.0481089 -0.00348186 0.0480012 0.0352921
0 0.0214823 0.940692 0.0216007 0.862515 -0.00163346 0.862453 -0.00175183 0.94063
0 1.0004 0.543549 1.0008 0.465872 0.981423 0.465695 0.981025 0.543372
0 0.389336 0.271335 0.389153 0.241863 0.353384 0.242259 0.353568 0.271732
0 0.314768 0.586937 0.31445 0.527004 0.245477 0.527655 0.245795 0.587588
0 0.314599 0.370102 0.316617 0.307519 0.269752 0.304833 0.267734 0.367415
