0 0.862279 0.898554 0.862445 0.892047 0.854684 0.891935 0.854517 0.898442
0 0.442733 0.360032 0.442822 0.355334 0.435897 0.35526 0.435808 0.359959
0 0.901562 0.932488 0.902004 0.924741 0.89155 0.924404 0.891107 0.932152
0 0.765439 0.585363 0.765544 0.580068 0.758034 0.579984 0.757929 0.585279
0 0.686557 0.264569 0.68654 0.260356 0.679727 0.260371 0.679743 0.264584
0 0.735385 0.888742 0.73577 0.879384 0.724904 0.879133 0.724519 0.888491
0 0.555024 0.768893 0.555081 0.762054 0.547926 0.76202 0.547869 0.768859
0 0.882293 0.443964 0.882601 0.436438 0.8742 0.436244 0.873891 0.44377
0 0.592746 0.156431 0.59314 0.149883 0.587253 0.149684 0.586859 0.156232
0 0.908854 0.544229 0.909053 0.539711 0.902223 0.539541 0.902023 0.54406
0 0.479379 0.206385 0.479587 0.199797 0.472761 0.199676 0.472553 0.206264
0 0.658388 0.639491 0.658472 0.633958 0.649639 0.633882 0.649555 0.639416
0 0.626747 0.0899448 0.627225 0.081225 0.620598 0.0810206 0.620121 0.0897404
0 0.408253 0.483499 0.408596 0.478326 0.399121 0.477972 0.398777 0.483146
0 0.535361 0.360122 0.535669 0.354871 0.524948 0.354517 0.524639 0.359768
0 0.430297 0.419054 0.430872 0.412362 0.424452 0.412052 0.423877 0.418744
0 0.883522 0.441668 0.883631 0.436995 0.874981 0.436881 0.874871 0.441554
0 0.458895 0.281327 0.459258 0.274057 0.452991 0.273881 0.452628 0.281151
0 0.925214 0.0824867 0.92553 0.0764155 0.916707 0.0761576 0.916392 0.0822287
0 0.610533 0.658917 0.610681 0.654433 0.604119 0.654311 0.603971 0.658795
0 0.558384 0.769276 0.558735 0.763216 0.546835 0.762828 0.546484 0.768888
0 0.556612 0.663657 0.556619 0.659616 0.549403 0.65961 0.549396 0.66365
0 0.908923 0.45094 0.909308 0.443669 0.901095 0.443424 0.900711 0.450695
0 0.910561 0.502209 0.91091 0.493723 0.905028 0.493587 0.904679 0.502073
0 0.580989 0.521173 0.581048 0.51518 0.5719 0.515129 0.571841 0.521122
0 0.675416 0.781425 0.675998 0.773056 0.668886 0.772778 0.668304 0.781147
0 0.902364 0.932228 0.902489 0.924644 0.896531 0.924589 0.896406 0.932172
0 0.497746 0.0940573 0.498288 0.086186 0.490533 0.085886 0.489992 0.0937573
0 0.626593 0.0887619 0.626729 0.0832372 0.616567 0.0830963 0.61643 0.088621
0 0.741622 0.860095 0.741953 0.852326 0.729189 0.852021 0.728859 0.85979
0 0.239329 0.128332 0.239411 0.124272 0.232945 0.124199 0.232863 0.128258
0 0.909016 0.0313775 0.909585 0.0231834 0.903368 0.0229406 0.902799 0.0311347
0 0.233951 0.5324 0.234268 0.527383 0.225135 0.527059 0.224819 0.532076
0 0.243124 0.129252 0.243931 0.118792 0.235987 0.118448 0.23518 0.128907
0 0.325143 0.706452 0.325563 0.699749 0.31771 0.699472 0.317291 0.706176
0 0.600317 0.607121 0.60118 0.59991 0.591863 0.599283 0.591 0.606493
0 0.214669 0.470816 0.215103 0.465095 0.208373 0.464807 0.207938 0.470528
0 0.642712 0.601248 0.64319 0.593742 0.635938 0.593483 0.63546 0.600989
0 0.233611 0.157261 0.2347 0.148793 0.225665 0.14814 0.224576 0.156608
