0 0.70938 0.484859 0.708436 0.45523 0.681682 0.45571 0.682626 0.485338
0 0.379338 0.490182 0.378867 0.470517 0.338735 0.471057 0.339206 0.490723
0 0.769659 0.115408 0.77056 0.0937293 0.751934 0.0932937 0.751033 0.114972
0 0.210572 0.583768 0.209754 0.556133 0.182926 0.55658 0.183745 0.584216
0 0.587009 0.257698 0.588596 0.234969 0.559412 0.233822 0.557824 0.256551
0 0.362368 0.337947 0.362197 0.32487 0.32865 0.325116 0.328821 0.338193
0 0.267837 0.474475 0.270249 0.455374 0.237249 0.45303 0.234837 0.472131
0 0.275193 0.516491 0.27504 0.494941 0.209546 0.495204 0.2097 0.516754
0 0.0812867 0.601854 0.0852904 0.58077 0.04116 0.576056 0.0371563 0.59714
0 0.726106 0.222727 0.725525 0.191211 0.7026 0.191449 0.70318 0.222964
0 0.120275 0.481809 0.120508 0.463512 0.0692949 0.463144 0.0690613 0.481441
0 0.110728 0.543254 0.109488 0.524563 0.0623763 0.526321 0.0636164 0.545013
0 0.261284 0.572654 0.259746 0.541937 0.232437 0.542706 0.233974 0.573423
0 0.857346 0.504108 0.857346 0.479189 0.822697 0.479189 0.822697 0.504108
0 0.334778 0.457819 0.337255 0.435797 0.291892 0.432927 0.289414 0.454948
0 0.595945 0.696348 0.593752 0.651096 0.556635 0.652108 0.558828 0.69736
0 0.176004 0.255929 0.176222 0.2328 0.116633 0.232484 0.116416 0.255613
0 0.110584 0.44521 0.111061 0.41985 0.0720084 0.419437 0.0715315 0.444797
0 0.927953 0.0783166 0.92617 0.0370527 0.896147 0.0377826 0.897931 0.0790465
0 0.473944 0.400973 0.476886 0.365365 0.43519 0.363427 0.432247 0.399035
0 0.374174 0.404675 0.381783 0.382697 0.349531 0.376416 0.341922 0.398394
0 0.0973021 0.576188 0.103271 0.550727 0.0595301 0.544959 0.053561 0.57042
0 0.785898 0.622847 0.786113 0.596749 0.764025 0.596647 0.76381 0.622745
0 0.233653 0.475439 0.23287 0.453911 0.215427 0.454268 0.21621 0.475796
0 0.201672 0.295125 0.201205 0.272873 0.162749 0.273326 0.163216 0.295579
0 0.108748 0.956829 0.107941 0.9271 0.070846 0.927667 0.0716535 0.957396
0 0.705702 0.612505 0.705011 0.572536 0.682413 0.572756 0.683104 0.612725
0 0.272245 0.717426 0.272002 0.67764 0.244718 0.677734 0.244961 0.717519
0 0.226444 0.824548 0.228716 0.802241 0.171378 0.798956 0.169106 0.821263
0 0.123664 0.644338 0.124188 0.612651 0.0851519 0.612288 0.0846285 0.643975
0 0.345734 0.700505 0.346397 0.665704 0.301729 0.665226 0.301066 0.700027
0 0.566658 0.762441 0.566366 0.7197 0.538329 0.719808 0.538621 0.762549
0 0.189901 0.872373 0.188921 0.833586 0.160539 0.83399 0.161518 0.872776
0 0.574747 0.384914 0.576229 0.364282 0.532258 0.362505 0.530776 0.383138
0 0.525864 0.454408 0.523853 0.412126 0.497323 0.412836 0.499334 0.455118
0 0.0502542 0.570049 0.0494251 0.548927 0.00182695 0.549978 0.00265601 0.5711
0 0.349468 0.630266 0.349047 0.588118 0.321375 0.588274 0.321796 0.630421
0 0.18483 0.555738 0.187429 0.53152 0.153025 0.529443 0.150426 0.553661
0 0.34887 0.424262 0.349153 0.392667 0.323372 0.392537 0.323089 0.424132
0 0.419646 0.649339 0.419811 0.628597 0.378063 0.62841 0.377898 0.649151
0 0.184868 0.481687 0.187256 0.45931 0.15297 0.457252 0.150582 0.479628
0 0.611333 0.269619 0.611301 0.252461 0.58334 0.25249 0.583371 0.269647
0 0.581883 0.308809 0.579215 0.269731 0.552383 0.270762 0.555052 0.30984
0 1.0014 0.368827 1.00162 0.337056 0.979527 0.336973 0.979315 0.368744
0 0.0445993 0.591954 0.0470272 0.574722 0.012527 0.571988 0.0100991 0.589219
0 0.531417 0.326462 0.532009 0.304281 0.504873 0.303874 0.504281 0.326054
0 0.564426 0.344275 0.571369 0.3227 0.537725 0.316611 0.530783 0.338185
0 0.381719 0.381447 0.388907 0.358098 0.348965 0.351182 0.341777 0.374531
0 0.521861 0.352399 0.526976 0.330331 0.501233 0.326974 0.496118 0.349043
0 0.157048 0.570573 0.156696 0.551734 0.122846 0.552091 0.123199 0.57093
0 0.429963 0.363312 0.434113 0.343519 0.398906 0.339367 0.394756 0.359161
0 0.512913 0.246024 0.511025 0.204581 0.478787 0.205407 0.480675 0.24685
0 0.656687 0.195041 0.660965 0.156278 0.625833 0.154097 0.621555 0.19286
0 0.550117 0.472706 0.550883 0.454602 0.518426 0.45383 0.51766 0.471934
0 0.0242154 0.60881 0.0245282 0.580322 -0.00263863 0.580154 -0.00295143 0.608642
0 0.147727 0.481197 0.148587 0.459875 0.1236 0.459308 0.122739 0.48063
0 0.506908 0.261298 0.50877 0.230556 0.485051 0.229748 0.483189 0.26049
0 0.145571 0.570346 0.145146 0.552023 0.103388 0.552569 0.103814 0.570891
0 0.203707 0.795828 0.203982 0.773251 0.185594 0.773125 0.185319 0.795702
0 0.0626744 0.596746 0.066701 0.578043 0.017134 0.57204 0.0131073 0.590743
