0 0.74233 0.183657 0.742986 0.172632 0.733549 0.172316 0.732893 0.183341
0 0.114099 0.706565 0.114384 0.697139 0.102073 0.69693 0.101788 0.706356
0 0.4104 0.745171 0.410742 0.738024 0.401872 0.737785 0.401531 0.744933
0 0.76912 0.439288 0.769215 0.431135 0.754506 0.431039 0.754411 0.439192
0 0.84839 0.869604 0.84826 0.86247 0.838578 0.862568 0.838707 0.869702
0 0.883843 0.862119 0.883652 0.855391 0.87027 0.855605 0.870461 0.862332
0 0.141927 0.857166 0.1421 0.85022 0.132405 0.850084 0.132233 0.857031
0 0.065041 0.131768 0.0655652 0.122025 0.0564951 0.121751 0.0559709 0.131493
0 0.291999 0.531764 0.292292 0.524377 0.283884 0.524189 0.283592 0.531577
0 0.544209 0.481781 0.544238 0.476652 0.536426 0.476627 0.536398 0.481756
0 0.158977 0.119422 0.159195 0.112002 0.151855 0.111881 0.151636 0.1193
0 0.841513 0.0659214 0.842399 0.0560176 0.831964 0.0554922 0.831078 0.0653961
0 0.868207 0.861047 0.868156 0.855272 0.857277 0.855326 0.857328 0.861101
0 0.202411 0.119319 0.202617 0.112687 0.191087 0.112485 0.190881 0.119117
0 0.744979 0.0229825 0.745018 0.0178835 0.738206 0.0178539 0.738167 0.0229529
0 0.483768 0.739226 0.483849 0.733563 0.475225 0.733494 0.475145 0.739157
0 0.428109 0.894078 0.428355 0.887083 0.419354 0.886905 0.419107 0.893899
0 0.39933 0.597174 0.399482 0.592855 0.391401 0.592696 0.39125 0.597014
0 0.25887 0.0834862 0.259142 0.0775379 0.252432 0.0773656 0.25216 0.0833139
0 0.128809 0.106434 0.129058 0.0999514 0.122456 0.0998088 0.122207 0.106291
0 0.175737 0.78556 0.175939 0.780314 0.167817 0.780137 0.167614 0.785383
0 0.0115289 0.136049 0.011545 0.128945 0.00314796 0.128935 0.00313195 0.136039
0 0.725206 0.247328 0.725401 0.242097 0.716147 0.241904 0.715953 0.247135
0 0.116874 0.125581 0.116745 0.118009 0.106897 0.118104 0.107026 0.125676
0 0.559598 0.0563926 0.55965 0.047981 0.55194 0.0479546 0.551889 0.0563662
0 0.727076 0.0787742 0.727505 0.0686358 0.719864 0.0684542 0.719435 0.0785926
0 0.225075 0.112005 0.225289 0.105806 0.214229 0.105591 0.214015 0.11179
0 0.658317 0.0463869 0.65877 0.0380896 0.648111 0.0377625 0.647659 0.0460599
0 0.511037 0.731448 0.510958 0.724184 0.495049 0.724282 0.495128 0.731546
0 0.861391 0.406382 0.861571 0.397678 0.846036 0.397497 0.845856 0.406202
0 0.614269 0.719348 0.61481 0.713914 0.607924 0.713529 0.607383 0.718963
0 0.809031 0.131399 0.809489 0.121835 0.801856 0.12163 0.801399 0.131194
0 0.264753 0.845981 0.264925 0.840684 0.255994 0.84052 0.255822 0.845818
0 0.105729 0.706837 0.105797 0.700409 0.0908011 0.70032 0.0907335 0.706748
0 0.243228 0.487897 0.24356 0.481209 0.236653 0.481016 0.236321 0.487704
0 0.0510961 0.297778 0.0515758 0.291481 0.0414958 0.291049 0.0410161 0.297346
0 0.133678 0.159344 0.134008 0.154865 0.124838 0.154486 0.124509 0.158965
0 0.585188 0.141754 0.585214 0.136686 0.579271 0.136669 0.579245 0.141737
0 0.758542 0.870135 0.75879 0.864369 0.745662 0.864051 0.745414 0.869817
0 0.221073 0.131665 0.22162 0.121157 0.208476 0.120772 0.207928 0.13128
0 0.127244 0.123369 0.127054 0.115839 0.117777 0.115971 0.117967 0.123501
0 0.225051 0.128388 0.225499 0.118642 0.212296 0.118301 0.211848 0.128047
0 0.665284 0.694955 0.665632 0.690586 0.657994 0.690245 0.657646 0.694613
