0 0.07084879977117711 0.9765407564587459 0.08780728907810781 0.9765407564587459 0.08780728907810781 0.992368679811881 0.07084879977117711 0.992368679811881
0 0.15714866757755774 0.9677788703168316 0.19144250150935094 0.9677788703168316 0.19144250150935094 0.9881290574851485 0.15714866757755774 0.9881290574851485
0 0.11757885919471946 0.8937268003432344 0.15036527185478546 0.8937268003432344 0.15036527185478546 0.9166207609075908 0.11757885919471946 0.9166207609075908
0 0.14094388890649065 0.8750724621056106 0.18880451428382838 0.8750724621056106 0.18880451428382838 0.8892045365280528 0.14094388890649065 0.8892045365280528
0 0.15187269312651264 0.8504826526105611 0.19822589723212322 0.8504826526105611 0.19822589723212322 0.8688543493597358 0.15187269312651264 0.8688543493597358
0 0.2925307512512701 0.7998761908052362 0.33694430793791336 0.7774873922984349 0.3493001767508354 0.7912747353249002 0.30488662006419215 0.8136635338317015
0 0.16845432711551156 0.7074516455874587 0.21932979503630365 0.7074516455874587 0.21932979503630365 0.7235622104290429 0.16845432711551156 0.7235622104290429
0 0.17486086752035193 0.6127667470512353 0.22762061203080294 0.6127667470512353 0.22762061203080294 0.6302905192409245 0.17486086752035193 0.6302905192409245
0 0.1149408719691969 0.5802629757854786 0.15375696971617162 0.5802629757854786 0.15375696971617162 0.5963735406270627 0.1149408719691969 0.5963735406270627
0 0.19547296110681825 0.567820822087742 0.2400397321797213 0.548280009005417 0.25013887564499054 0.5612361482809928 0.20557210457208752 0.5807769613633178
0 0.22100856725154153 0.5230121631563838 0.23558074656909134 0.5365245454860095 0.20041964689029323 0.5578538924009537 0.18584746757274342 0.544341510071328
0 0.1993564631859186 0.47851203994389446 0.2374188502970297 0.47851203994389446 0.2374188502970297 0.5008407175313532 0.1993564631859186 0.5008407175313532
0 0.1933267780990099 0.40756902634323433 0.2264900460770077 0.40756902634323433 0.2264900460770077 0.4250927986270627 0.1933267780990099 0.4250927986270627
0 0.13039194000440044 0.382696575359736 0.17259973561276132 0.382696575359736 0.17259973561276132 0.39824185722442246 0.13039194000440044 0.39824185722442246
0 0.19671847596039604 0.3360607297656766 0.2464633779273927 0.3360607297656766 0.2464633779273927 0.34680110632673267 0.19671847596039604 0.34680110632673267
0 0.3365317989130913 0.22950488862046206 0.36328852648624865 0.22950488862046206 0.36328852648624865 0.2467460194158416 0.3365317989130913 0.2467460194158416
0 0.300730543709571 0.2586169619306931 0.34746060313311333 0.2586169619306931 0.34746060313311333 0.2755754512376238 0.300730543709571 0.2755754512376238
0 0.33916978613861387 0.28066299802970296 0.3757247519779978 0.28066299802970296 0.3757247519779978 0.29790412882508255 0.33916978613861387 0.29790412882508255
0 0.4390364453905391 0.20548036210231022 0.4597634878767877 0.20548036210231022 0.4597634878767877 0.22187356843234324 0.4390364453905391 0.22187356843234324
0 0.47935996407345377 0.2950777139405931 0.5057398370562182 0.2950777139405931 0.5057398370562182 0.3162758255742565 0.47935996407345377 0.3162758255742565
0 0.47333027932233235 0.3046875245478548 0.4797368197271727 0.3046875245478548 0.4797368197271727 0.3063833734785478 0.47333027932233235 0.3063833734785478
0 0.5645292662618262 0.19219621214521448 0.6018379427370738 0.19219621214521448 0.6018379427370738 0.20604564507920792 0.5645292662618262 0.20604564507920792
0 0.4213242454477448 0.3756305381485149 0.453733802789879 0.3756305381485149 0.453733802789879 0.411808648669967 0.4213242454477448 0.411808648669967
0 0.6029685083314719 0.9612781160825082 0.6229418405412541 0.9612781160825082 0.6229418405412541 1.0 0.6029685083314719 1.0
