0 0.12267042349350246 0.3949141090477261 0.1923628162341537 0.3949141090477261 0.1923628162341537 0.44452564286310503 0.12267042349350246 0.44452564286310503
0 0.3128479697857884 0.41302625631365836 0.3447410986671034 0.41302625631365836 0.3447410986671034 0.5130368086081524 0.3128479697857884 0.5130368086081524
0 0.22720901260447954 0.48862478403233084 0.2626458224726073 0.48862478403233084 0.2626458224726073 0.5650107964147397 0.22720901260447954 0.5650107964147397
0 0.18940974874514319 0.5484736184762801 0.22307471811986462 0.5484736184762801 0.22307471811986462 0.5996601216191314 0.18940974874514319 0.5996601216191314
0 0.1073144725506471 0.5484736184762801 0.1711007303132771 0.5484736184762801 0.1711007303132771 0.6303720235048421 0.1073144725506471 0.6303720235048421
0 0.06488861100792839 0.6493145734026939 0.12937623096435896 0.6296612035112111 0.135429984393322 0.6649747651801636 0.07094236443689142 0.6846281350716463
0 0.4343891943317669 0.5287860348687183 0.460276076500756 0.5559672611461562 0.40899928212668624 0.6427851140546362 0.3831123999576971 0.6156038877771982
0 0.46758870620994647 0.4602753361378287 0.5036161295758764 0.4602753361378287 0.5036161295758764 0.5169742319268331 0.46758870620994647 0.5169742319268331
0 0.4593201172407167 0.4169636796323391 0.49770999459785514 0.4169636796323391 0.49770999459785514 0.457125397482884 0.4593201172407167 0.457125397482884
0 0.5420060069330148 0.43350085757079876 0.5727179088187258 0.43350085757079876 0.5727179088187258 0.49334969201474793 0.5420060069330148 0.49334969201474793
0 0.4747928266839791 0.35554279394920146 0.5072147856097594 0.33459664866381816 0.5408290621271608 0.42709550886773345 0.5084071032013804 0.44804165415311664
0 0.551455822897849 0.34294012124113876 0.5821677247835597 0.34294012124113876 0.5821677247835597 0.39333913972025386 0.551455822897849 0.39333913972025386
0 0.5886644732593832 0.39097668572904537 0.6181951481494897 0.39097668572904537 0.6181951481494897 0.44846306618178605 0.5886644732593832 0.44846306618178605
0 0.6365827495758318 0.29369679994530523 0.665686392255615 0.28641055541893984 0.6778657518160491 0.37289649994885354 0.648762109136266 0.380182744475219
0 0.618939545319984 0.3827153770927796 0.6747761463507704 0.3827153770927796 0.6747761463507704 0.4272980895437175 0.618939545319984 0.4272980895437175
0 0.6033572380555784 0.318221938692879 0.6390666922031742 0.318221938692879 0.6390666922031742 0.3861781120404251 0.6033572380555784 0.3861781120404251
0 0.7701034130859559 0.2841652764608097 0.8391940919453722 0.2558203825697675 0.8495158840669772 0.30054814843005656 0.7804252052075609 0.32889304232109867
0 0.21161216090362686 0.7168731102366906 0.27943154555780886 0.7168731102366906 0.27943154555780886 0.8109578057107004 0.21161216090362686 0.8109578057107004
0 0.37469229972524365 0.7571204521894613 0.4632887212966028 0.7571204521894613 0.4632887212966028 0.7989358724001324 0.37469229972524365 0.7989358724001324
0 0.5630279939346018 0.853806012437858 0.6038449284181925 0.853806012437858 0.6038449284181925 0.9279701156171929 0.5630279939346018 0.9279701156171929
0 0.5907756239918086 0.7151738245173686 0.6647743181845647 0.6581331644104559 0.6799959231127929 0.6932388478485341 0.6059972289200368 0.7502795079554466
0 0.6264404799280586 0.6362248407448802 0.7103741917112836 0.6164393617241578 0.7153540546972892 0.6539958284102854 0.6314203429140642 0.6737813074310076
0 0.7379061488994245 0.45245438486385536 0.7999318826735087 0.45245438486385536 0.7999318826735087 0.5004743077857269 0.7379061488994245 0.5004743077857269
0 0.8111575410801195 0.4566592477630016 0.8417734004831945 0.456180791795967 0.842476891290032 0.536208499877132 0.811861031886957 0.5366869558441667
0 0.8597255288194483 0.5044027134483768 0.8783157761575665 0.5368511529398186 0.805429099328711 0.611087565257714 0.7868388519905928 0.5786391257662723
0 0.9121923536885203 0.4869462314228921 0.936877489402115 0.5181474819587634 0.8895738077992565 0.5846803024245764 0.8648886720856618 0.553479051888705
0 0.8537790298226863 0.6003026019163383 0.9015782615662506 0.5870595247233175 0.9069514773125993 0.6215376590957246 0.8591522455690349 0.6347807362887455
0 0.9383893270982377 0.5026085265822545 0.9631996206078715 0.5026085265822545 0.9631996206078715 0.5853095049476997 0.9383893270982377 0.5853095049476997
0 0.9054338033795755 0.5851359859617636 0.984089958432417 0.5781052681916793 0.9861509937178097 0.6190969699789469 0.9074948386649682 0.6261276877490314
0 0.8075350371361381 0.605584583514712 0.8515532998145202 0.605584583514712 0.8515532998145202 0.724033726721995 0.8075350371361381 0.724033726721995
0 0.9359734361041712 0.8275433383535843 0.9831930269773448 0.8275433383535843 0.9831930269773448 0.8953047851433363 0.9359734361041712 0.8953047851433363
0 0.8050975457252971 0.003149938654944694 0.8529372390472696 0.003149938654944694 0.8529372390472696 0.07402355839120033 0.8050975457252971 0.07402355839120033
