0 0.3630244369484054 0.30186036168041513 0.4184480151084673 0.30186036168041513 0.4184480151084673 0.34862400575296737 0.3630244369484054 0.34862400575296737
0 0.7800868626028712 0.236391259978842 0.9131034501870198 0.236391259978842 0.9131034501870198 0.3226442034904383 0.7800868626028712 0.3226442034904383
0 0.6997226742707814 0.43903371762656834 0.8244257251309207 0.43903371762656834 0.8244257251309207 0.4857973616991206 0.6997226742707814 0.4857973616991206
0 0.817497777860913 0.49411089842312983 0.8770781243829795 0.49411089842312983 0.8770781243829795 0.573089497301218 0.817497777860913 0.573089497301218
0 0.5486934237846128 0.49826766678513446 0.6221296648466947 0.49826766678513446 0.6221296648466947 0.5855598023872319 0.5486934237846128 0.5855598023872319
0 0.2951305537023296 0.4899541300611252 0.4073632994764549 0.4899541300611252 0.4073632994764549 0.5304826215906704 0.2951305537023296 0.5304826215906704
0 0.38380827875842866 0.5315218136811716 0.4364606780104874 0.5315218136811716 0.4364606780104874 0.5897165707492366 0.38380827875842866 0.5897165707492366
0 0.13301658758414855 0.505047355983564 0.21476636537023977 0.505047355983564 0.21476636537023977 0.5684380735041347 0.13301658758414855 0.5684380735041347
0 0.10807597741212051 0.6858667797307654 0.2383213860882658 0.6858667797307654 0.2383213860882658 0.7315912317128153 0.10807597741212051 0.7315912317128153
0 0.471100414360526 0.6307895989342044 0.5320663503365942 0.6307895989342044 0.5320663503365942 0.7211993108078054 0.471100414360526 0.7211993108078054
0 0.9131034501870198 0.6702788983732485 0.9823829228870972 0.6702788983732485 0.9823829228870972 0.7336696158938193 0.9131034501870198 0.7336696158938193
0 0.04156768362004642 0.6235152543006962 0.08867772505609901 0.6235152543006962 0.08867772505609901 0.6754748588257542 0.04156768362004642 0.6754748588257542
0 0.058937508256830896 0.5861255250702685 0.09060531464876324 0.5731336044992195 0.12491770809421393 0.6201791126998183 0.09324990170228159 0.6331710332708673
