0 0.22552930740696633 0.4560733159871762 0.2822194503607587 0.4269408814137019 0.29401421922568305 0.4677444061356057 0.2373240762718907 0.49687684070908
0 0.27285967240289577 0.4817384561044229 0.3156032072916253 0.4817384561044229 0.3156032072916253 0.5559347808169346 0.27285967240289577 0.5559347808169346
0 0.36721804187424195 0.3480416970813948 0.42474707625278363 0.3480416970813948 0.42474707625278363 0.43263267598068333 0.36721804187424195 0.43263267598068333
0 0.4508233208075431 0.39893965896147526 0.4795878379968138 0.39893965896147526 0.4795878379968138 0.4910578012373954 0.4508233208075431 0.4910578012373954
0 0.5008251918094533 0.38675282301835745 0.5298585362621752 0.38675282301835745 0.5298585362621752 0.47241911097145045 0.5008251918094533 0.47241911097145045
0 0.4924915466424681 0.33728860654334963 0.5760968255757691 0.33728860654334963 0.5760968255757691 0.3910540592335754 0.4924915466424681 0.3910540592335754
0 0.652981422922792 0.37241536896763056 0.6903484125424989 0.37241536896763056 0.6903484125424989 0.4473285663826785 0.652981422922792 0.4473285663826785
0 0.6970785460445712 0.402191955259199 0.7633274345064635 0.36079794963726813 0.7763493608543807 0.397848430555751 0.7101004723924884 0.4392424361776818
0 0.7412323295762494 0.41661923272201795 0.780919332209884 0.4411995698370427 0.771963525640244 0.4669060516573062 0.7322765230066094 0.4423257145422814
0 0.7130355050134954 0.4716540641248541 0.7316355420349946 0.43783581499485885 0.7663209257580668 0.47175041241297694 0.7477208887365676 0.5055686615429722
0 0.6056459706167227 0.4428733552892545 0.6281465018321539 0.4428733552892545 0.6281465018321539 0.4824619188023158 0.6056459706167227 0.4824619188023158
0 0.6283784660714883 0.4023569348188558 0.6518068542442571 0.4023569348188558 0.6518068542442571 0.48091549054008675 0.6283784660714883 0.48091549054008675
0 0.5810577612472827 0.4157830021679699 0.6186359680194468 0.4157830021679699 0.6186359680194468 0.4438012122465911 0.5810577612472827 0.4438012122465911
0 0.5463164118192176 0.48160356418114475 0.5842316900591095 0.48160356418114475 0.5842316900591095 0.5643728643911047 0.5463164118192176 0.5643728643911047
0 0.9173141103077017 0.320720453969159 0.9982281595065936 0.320720453969159 0.9982281595065936 0.38135677307684435 0.9173141103077017 0.38135677307684435
0 0.9762841118669211 0.49375288416258084 0.9981368112856 0.49375288416258084 0.9981368112856 0.5756512891911428 0.9762841118669211 0.5756512891911428
0 0.9727404308801084 0.5685639272175174 0.9993180382812042 0.5685639272175174 0.9993180382812042 0.6315627003164112 0.9727404308801084 0.6315627003164112
0 0.8498928233372653 0.6276252769977303 0.8900545411878101 0.6276252769977303 0.8900545411878101 0.748110430549365 0.8498928233372653 0.748110430549365
0 0.8752892037427569 0.5622640499076279 0.9331693265273657 0.5622640499076279 0.9331693265273657 0.6087256450680621 0.8752892037427569 0.6087256450680621
0 0.7335419642702456 0.6969239274065137 0.7672069336449672 0.6969239274065137 0.7672069336449672 0.7748849091163947 0.7335419642702456 0.7748849091163947
0 0.6343188966394877 0.6740868721581647 0.7063737433713475 0.6740868721581647 0.7063737433713475 0.7339357066021138 0.6343188966394877 0.7339357066021138
0 0.5646265038988364 0.7347231912658497 0.6372719641284985 0.7347231912658497 0.6372719641284985 0.8016593876834245 0.5646265038988364 0.8016593876834245
0 0.24755840380008615 0.6260503076702579 0.29067318913964163 0.6260503076702579 0.29067318913964163 0.6638495715295943 0.24755840380008615 0.6638495715295943
0 0.26704864922755644 0.7221234366460711 0.30957282106930983 0.7221234366460711 0.30957282106930983 0.8024468723471608 0.26704864922755644 0.8024468723471608
0 0.1802284650506433 0.6969239274065137 0.22570570438140736 0.6969239274065137 0.22570570438140736 0.7740974244526586 0.1802284650506433 0.7740974244526586
0 0.31134466156271623 0.7685850318065054 0.39462116475281656 0.7685850318065054 0.39462116475281656 0.8386711668790249 0.31134466156271623 0.8386711668790249
0 0.41411141018028685 0.8559958294812203 0.4530919010352275 0.8559958294812203 0.4530919010352275 0.9378942345097826 0.41411141018028685 0.9378942345097826
0 0.19903674875931787 0.5047776694548872 0.2332923316318414 0.5047776694548872 0.2332923316318414 0.604000737085645 0.19903674875931787 0.604000737085645
0 0.8636228080677397 0.49944265766546697 0.8906511193988655 0.5190996113608313 0.8503128465411955 0.6177042783462463 0.8232845352100697 0.5980473246508821
0 0.8180413626817855 0.6100586698584284 0.8494941525055675 0.6100586698584284 0.8494941525055675 0.6408841960674914 0.8180413626817855 0.6408841960674914
0 0.987381577429845 0.8493104319158298 0.9994513729317323 0.8493104319158298 0.9994513729317323 0.8836910615272667 0.987381577429845 0.8836910615272667
0 0.970374138313549 0.9663508731462533 0.9917705939759859 0.9663508731462533 0.9917705939759859 1.0 0.970374138313549 1.0
