0 0.9254843979853464 0.08550187667066006 0.9691906645516337 0.08550187667066006 0.9691906645516337 0.12132668533155115 0.9254843979853464 0.12132668533155115
0 0.8619448963810395 0.18963265384498348 0.8931124799160147 0.18963265384498348 0.8931124799160147 0.22689045485231019 0.8619448963810395 0.22689045485231019
0 0.9737182994030195 0.37735465122805273 0.9901977113870297 0.37735465122805273 0.9901977113870297 0.4184337651592078 0.9737182994030195 0.4184337651592078
0 0.9622543608975408 0.4136571240044216 0.9790920207021524 0.4136571240044216 0.9790920207021524 0.4451829556260058 0.9622543608975408 0.4451829556260058
0 0.8992026973883658 0.3716226818423097 0.9253548075246122 0.3716226818423097 0.9253548075246122 0.4107911393115506 0.8992026973883658 0.4107911393115506
0 0.8511974537827723 0.45951287909036304 0.8741253313257425 0.45951287909036304 0.8741253313257425 0.48817272601907585 0.8511974537827723 0.48817272601907585
0 0.8425994997041584 0.32576692675636953 0.8597954078613862 0.32576692675636953 0.8597954078613862 0.3405745143362045 0.8425994997041584 0.3405745143362045
0 0.8886304700909541 0.3507524951247188 0.9016924640448866 0.3568735963242599 0.8906244492100784 0.3988617834941361 0.877562455256146 0.39274068229459497
0 0.857327764650331 0.361177331497981 0.8821132490219988 0.361177331497981 0.8821132490219988 0.38422348363304065 0.857327764650331 0.38422348363304065
0 0.8345533487776085 0.3441703663188626 0.8461307789775321 0.3441703663188626 0.8461307789775321 0.36656426886519416 0.8345533487776085 0.36656426886519416
0 0.7404663456035796 0.35765019115257674 0.7650887675780655 0.35765019115257674 0.7650887675780655 0.3959155003579588 0.7404663456035796 0.3959155003579588
0 0.7896998234886391 0.32839230251349044 0.8004595737199304 0.3404530674665882 0.7778997398059112 0.3762330980579001 0.7671399895746199 0.36417233310480235
0 0.800799432560929 0.3089488885275451 0.8109093011862145 0.3089488885275451 0.8109093011862145 0.3372130373724296 0.800799432560929 0.3372130373724296
0 0.7251384802684692 0.301991559581112 0.7355744736881188 0.301991559581112 0.7355744736881188 0.3265596274232039 0.7251384802684692 0.3265596274232039
0 0.7122565508910891 0.2550295891926885 0.7434014687528561 0.2550295891926885 0.7434014687528561 0.2793802405052043 0.7122565508910891 0.2793802405052043
0 0.6895908776827876 0.2689442470855547 0.7101367397277227 0.2689442470855547 0.7101367397277227 0.2965561463417111 0.6895908776827876 0.2965561463417111
0 0.6290947283282559 0.27307516114749936 0.648988340784463 0.27307516114749936 0.648988340784463 0.2935123149276466 0.6290947283282559 0.2935123149276466
0 0.6467054672239146 0.3050353909951764 0.6623594573533892 0.3050353909951764 0.6623594573533892 0.3239506290682914 0.6467054672239146 0.3239506290682914
0 0.5963191864946686 0.2739448272658035 0.6160497365536938 0.2739448272658035 0.6160497365536938 0.31112305382330535 0.5963191864946686 0.31112305382330535
0 0.6282794163423457 0.3219938803021071 0.6432811568830921 0.3219938803021071 0.6432811568830921 0.35765019115257674 0.6282794163423457 0.35765019115257674
0 0.5870246298552932 0.3626507713328257 0.6072443671058644 0.3626507713328257 0.6072443671058644 0.4000464144199036 0.5870246298552932 0.4000464144199036
0 0.6059398679284083 0.40874307560294487 0.6403460337338156 0.40874307560294487 0.6403460337338156 0.4376594740365575 0.6059398679284083 0.4376594740365575
0 0.5656634558244478 0.3874362557044935 0.5832741947201066 0.3874362557044935 0.5832741947201066 0.4178745698451383 0.5656634558244478 0.4178745698451383
0 0.5524554016527037 0.4424426376872302 0.5663157054131759 0.4424426376872302 0.5663157054131759 0.46635845594059394 0.5524554016527037 0.46635845594059394
0 0.5875138170468392 0.5157120081543539 0.605124555942498 0.5157120081543539 0.605124555942498 0.547454821472455 0.5875138170468392 0.547454821472455
0 0.6846990057673267 0.459835960053313 0.706060179798172 0.459835960053313 0.706060179798172 0.49223102296014215 0.6846990057673267 0.49223102296014215
0 0.5168192669459166 0.7864260724434327 0.5421364573238598 0.7864260724434327 0.5421364573238598 0.818162721350256 0.5168192669459166 0.818162721350256
0 0.6415852091504406 0.980380980675782 0.6660368543518357 0.980380980675782 0.6660368543518357 1.0000000000000002 0.6415852091504406 1.0000000000000002
0 0.19379189768019955 0.8226964685264265 0.20568559270100462 0.8226964685264265 0.20568559270100462 0.8686854232410451 0.19379189768019955 0.8686854232410451
0 0.25503522277079077 0.7701150694537328 0.2675050270805318 0.7583681537648164 0.28130307623186 0.7844075522217379 0.268833271922119 0.7961544679106543
0 0.2635303031704837 0.7904209999965727 0.2805212964304259 0.7904209999965727 0.2805212964304259 0.8142083903662027 0.2635303031704837 0.8142083903662027
0 0.07508251656907947 0.6566844244914711 0.0899637360692574 0.6566844244914711 0.0899637360692574 0.6825386644311742 0.07508251656907947 0.6825386644311742
0 0.313632974617386 0.6704064542504394 0.3298670322539438 0.6704064542504394 0.3298670322539438 0.708285922069074 0.313632974617386 0.708285922069074
0 0.4171250920504415 0.6466566291895494 0.44756395011898725 0.6466566291895494 0.44756395011898725 0.6839348356142375 0.4171250920504415 0.6839348356142375
0 0.3652662968225487 0.5567680507945353 0.3787946781863468 0.5567680507945353 0.3787946781863468 0.5973531948859296 0.3652662968225487 0.5973531948859296
0 0.2759789798214813 0.49363560443014415 0.28928188816254946 0.49363560443014415 0.28928188816254946 0.5315150722487788 0.2759789798214813 0.5315150722487788
0 0.4227619176186907 0.5324169643396988 0.44170165152800805 0.5324169643396988 0.44170165152800805 0.5558661587036154 0.4227619176186907 0.5558661587036154
0 0.3864607609591658 0.49062929746041123 0.3979598851183941 0.49062929746041123 0.3979598851183941 0.5188885829759006 0.3864607609591658 0.5188885829759006
0 0.4004400883684239 0.48551857561186534 0.42321286366415056 0.48551857561186534 0.42321286366415056 0.5128759690364348 0.4004400883684239 0.5128759690364348
0 0.47587895563865634 0.6344727241804224 0.5048420673933564 0.6037767816460057 0.5132600223909098 0.6178972245716067 0.4842969106362098 0.6485931671060233
0 0.4863453100285418 0.5751065233099061 0.5111473425288383 0.5751065233099061 0.5111473425288383 0.6093784227648613 0.4863453100285418 0.6093784227648613
0 0.4499865601799723 0.6117705154888656 0.4643224685048945 0.6023602790728176 0.47972724148060825 0.6440815429546248 0.46539133315568604 0.6534917793706728
0 0.4477560450196254 0.38675375536409695 0.46943502657534353 0.38675375536409695 0.46943502657534353 0.42047661556188065 0.4477560450196254 0.42047661556188065
0 0.4066198720001999 0.4232033664381209 0.4219063333535908 0.4232033664381209 0.4219063333535908 0.4713788810063833 0.4066198720001999 0.4713788810063833
0 0.3860526330883646 0.375769013632447 0.4016170301027265 0.375769013632447 0.4016170301027265 0.4239445282007095 0.3860526330883646 0.4239445282007095
0 0.41412413484640986 0.309805616762057 0.4285767892168887 0.309805616762057 0.4285767892168887 0.34797544753537263 0.41412413484640986 0.34797544753537263
0 0.5443187425433125 0.30100100794216295 0.558015785566352 0.31839407623659544 0.5487676955065369 0.3313414039662063 0.5350706524834974 0.31394833567177377
0 0.538301900745964 0.34246522969998944 0.5518258808319391 0.32563539025604354 0.5591794009605132 0.3361404205346887 0.5456554208745381 0.35297025997863446
0 0.5561879285687534 0.34883886488051835 0.5685849662150502 0.34883886488051835 0.5685849662150502 0.38379162379993853 0.5561879285687534 0.38379162379993853
0 0.39598489699613965 0.05438022237755776 0.4114171222654466 0.05438022237755776 0.4114171222654466 0.10324893573036303 0.39598489699613965 0.10324893573036303
0 0.4194088103513377 0.18702387290660064 0.4356677619743575 0.18702387290660064 0.4356677619743575 0.2425063970891089 0.4194088103513377 0.2425063970891089
0 0.4487824451487759 0.43365629918357596 0.4596778465182036 0.4309110014207714 0.4648858376689956 0.4676562752632633 0.4539904362995679 0.47040157302606783
0 0.43206587582673156 0.4306929519366464 0.44287930939370784 0.42496742801142456 0.4564960572344612 0.4706866941831474 0.4456826236674849 0.47641221810836926
0 0.5097896287043947 0.35117867793105817 0.5261972924554315 0.33382048471560705 0.5310292329288703 0.34194020891031585 0.5146215691778335 0.35929840212576697
0 0.5201560074029646 0.34795146515485015 0.5293141526952723 0.34795146515485015 0.5293141526952723 0.36293752108771726 0.5201560074029646 0.36293752108771726
0 0.5869233699652848 0.33339930061204043 0.5922186345041627 0.3269372836109384 0.6032902851042935 0.3430663567057377 0.5979950205654156 0.34952837370683976
0 0.5687620604276515 0.3206050552736489 0.5787236467606034 0.3288131031283789 0.5674440515084357 0.35314968679875164 0.5574824651754838 0.34494163894402163
