0 0.9325017025430413 0.03325414689603714 0.9906964596111063 0.03325414689603714 0.9906964596111063 0.12470305086013925 0.9325017025430413 0.12470305086013925
0 0.8507519247569503 0.24628852544877508 0.9131034501870198 0.24628852544877508 0.9131034501870198 0.3564428870418981 0.8507519247569503 0.3564428870418981
0 0.2812746591623141 0.3024048983358377 0.36995238421841314 0.3024048983358377 0.36995238421841314 0.33773742941287715 0.2812746591623141 0.33773742941287715
0 0.6969514953627783 0.46140128818251513 0.7882756962760203 0.46140128818251513 0.7882756962760203 0.50599302078592 0.6969514953627783 0.50599302078592
0 0.8064130622289006 0.48426351417354074 0.8590654614809593 0.48426351417354074 0.8590654614809593 0.5653204972326313 0.8064130622289006 0.5653204972326313
0 0.5556213710546205 0.5040081638930628 0.6221296648466947 0.5040081638930628 0.6221296648466947 0.5798691864996476 0.5556213710546205 0.5798691864996476
0 0.3453253831963055 0.4924062312939583 0.38238572330791615 0.4707179074509148 0.45955480879964344 0.5448914961296112 0.4224944686880328 0.5665798199726546
0 0.33341190634055046 0.5489383652124409 0.3765266760634656 0.5234096704399388 0.4202175765696383 0.5649156800985662 0.3771028068467231 0.5904443748710683
0 0.1696511438900393 0.4868534892623614 0.26236013330206814 0.4868534892623614 0.26236013330206814 0.552128185889198 0.1696511438900393 0.552128185889198
0 0.09964639678299704 0.5354417143592691 0.14316286120088814 0.5354417143592691 0.14316286120088814 0.5983513857460029 0.09964639678299704 0.5983513857460029
0 0.060544646146631104 0.6115955270905783 0.11856659870381925 0.6115955270905783 0.11856659870381925 0.6527469662683666 0.060544646146631104 0.6527469662683666
0 0.14000949421408443 0.6830192893416822 0.23839454420235995 0.6830192893416822 0.23839454420235995 0.7156566376551005 0.14000949421408443 0.7156566376551005
0 0.46606764064958733 0.6584230268446132 0.5285043069883006 0.6584230268446132 0.5285043069883006 0.7222787083273882 0.46606764064958733 0.7222787083273882
0 0.9547156509561546 0.6617950266042862 0.9903498360302678 0.6857694967092928 0.935425837404192 0.7316895611343792 0.8997916523300789 0.7077150910293727
