0 0.24838992728466075 0.8548147543400827 0.29729725485463504 0.8548147543400827 0.29729725485463504 0.8828072410142794 0.24838992728466075 0.8828072410142794
0 0.3462045824246094 0.8688109976771812 0.3860461614694176 0.8688109976771812 0.3860461614694176 0.8942587128355418 0.3462045824246094 0.8942587128355418
0 0.40489337550857857 0.8691290941166606 0.4511764074528468 0.8691290941166606 0.4511764074528468 0.8974396772303367 0.40489337550857857 0.8974396772303367
0 0.4714550554696654 0.8583138151743576 0.518215232073153 0.8583138151743576 0.518215232073153 0.9057101846568042 0.4714550554696654 0.9057101846568042
0 0.6234707075039646 0.638500834001583 0.6510350967744851 0.638500834001583 0.6510350967744851 0.6638350946903463 0.6234707075039646 0.6638350946903463
0 0.7339958800158577 0.6003210326818972 0.7706591938999483 0.6003210326818972 0.7706591938999483 0.6199461642013616 0.7339958800158577 0.6199461642013616
0 0.826590818730422 0.5464411261466405 0.8908185218850329 0.5464411261466405 0.8908185218850329 0.6060301618511964 0.826590818730422 0.6060301618511964
0 0.898795959940051 0.4686489332272504 0.9256437639209665 0.4686489332272504 0.9256437639209665 0.5150525450461169 0.898795959940051 0.5150525450461169
0 0.42737847126269246 0.0 0.44815812117169135 0.0 0.44815812117169135 0.014473387996317595 0.42737847126269246 0.014473387996317595
0 0.35399220116540137 0.30377528919307295 0.3775786545322575 0.30377528919307295 0.3775786545322575 0.35479191425323586 0.35399220116540137 0.35479191425323586
