0 0.376451443366316 0.023761167836240243 0.4873368932687707 0.023761167836240243 0.4873368932687707 0.0747777928964031 0.376451443366316 0.0747777928964031
0 0.5208820713905217 0.20406650024065162 0.5646771650494743 0.20406650024065162 0.5646771650494743 0.2648671355863252 0.5208820713905217 0.2648671355863252
0 0.4090648109846852 0.18939048481238557 0.5022458613228823 0.18939048481238557 0.5022458613228823 0.2795431510145912 0.4090648109846852 0.2795431510145912
0 0.480814219745097 0.2858328719124195 0.5479045759885989 0.2858328719124195 0.5479045759885989 0.31937805003417047 0.480814219745097 0.31937805003417047
0 0.705109706532394 0.21222594165663666 0.8350172665674241 0.2269633539295207 0.8288932252963396 0.2573283918986435 0.6989856652613095 0.24259097962575948
0 0.7329901804259257 0.3040120426525283 0.8037296795370567 0.24637254081901278 0.8364837465973762 0.2689840485697282 0.7657442474862451 0.3266235504032437
0 0.1956184906731122 0.2924786401024866 0.2977555787236752 0.2924786401024866 0.2977555787236752 0.35090451674157985 0.1956184906731122 0.35090451674157985
0 0.5042059540784005 0.3724570212562893 0.5888122896347171 0.40492224303952634 0.5653852194010398 0.43926419826844054 0.48077888384472317 0.4067989764852035
0 0.5141477144240205 0.4375448983860983 0.5781997865913228 0.4375448983860983 0.5781997865913228 0.47130207155535214 0.5141477144240205 0.47130207155535214
0 0.4284564286866839 0.4284564286866839 0.49597077502519166 0.4284564286866839 0.49597077502519166 0.467407013112746 0.4284564286866839 0.467407013112746
0 0.39469925551742996 0.38041737456120717 0.4864495210543764 0.38041737456120717 0.4864495210543764 0.42456137024407764 0.39469925551742996 0.42456137024407764
0 0.28915696374903294 0.7051048868362951 0.3681044242463018 0.7051048868362951 0.3681044242463018 0.7735894308821188 0.28915696374903294 0.7735894308821188
0 0.36905559846916053 0.8299465035864945 0.43183309717783214 0.8299465035864945 0.43183309717783214 0.8991444282994621 0.36905559846916053 0.8991444282994621
0 0.6001909346238151 0.6882526484580738 0.754281158726918 0.6882526484580738 0.754281158726918 0.7431829598281613 0.6001909346238151 0.7431829598281613
0 0.09701977073158342 0.8566104859040568 0.21116067747462272 0.8566104859040568 0.21116067747462272 0.9215281266141603 0.09701977073158342 0.9215281266141603
0 0.38712790870347485 0.9643309666428 0.5573880945951751 0.9643309666428 0.5573880945951751 0.9985732386657102 0.38712790870347485 0.9985732386657102
1 0.47346599291235564 0.7679756896005258 0.533190222365651 0.7679756896005258 0.533190222365651 0.9529909656243212 0.47346599291235564 0.9529909656243212
