0 0.09946153743904876 0.781517635193078 0.1399499306593458 0.781517635193078 0.1399499306593458 0.814586689341593 0.09946153743904876 0.814586689341593
0 0.25018011115439526 0.7555146182557845 0.2679865249266725 0.7555146182557845 0.2679865249266725 0.7860398990082595 0.25018011115439526 0.7860398990082595
0 0.31760825771231577 0.636233351909209 0.33485501507846277 0.6421389382201828 0.32591878867730933 0.6885344605895368 0.30867203131116233 0.6826288742785631
0 0.29965447426830005 0.6515215794671554 0.31499280990349654 0.654960262116956 0.31220581307845646 0.6770606596988521 0.29686747744326 0.6736219770490514
0 0.23006077739983624 0.8482657379394182 0.2545290679031739 0.8482657379394182 0.2545290679031739 0.8837752756028608 0.23006077739983624 0.8837752756028608
0 0.8931994718098233 0.6173039876259522 0.9157385443174905 0.6173039876259522 0.9157385443174905 0.6894290196504872 0.8931994718098233 0.6894290196504872
0 0.5589276887730358 0.6320988659899593 0.5838940460122978 0.6320988659899593 0.5838940460122978 0.7097719774009971 0.5589276887730358 0.7097719774009971
0 0.3897112674847035 0.7125460170942485 0.41086332014574506 0.7125460170942485 0.41086332014574506 0.7476838532087656 0.3897112674847035 0.7476838532087656
0 0.4167581541334428 0.7772736093978091 0.42958808807519194 0.7772736093978091 0.42958808807519194 0.8064010267159198 0.4167581541334428 0.8064010267159198
0 0.4181864837576407 0.6352550897545588 0.4428060860352464 0.6352550897545588 0.4428060860352464 0.6602214469938209 0.4181864837576407 0.6602214469938209
0 0.3928071366798717 0.5187594899522193 0.4122272752312685 0.5273395898838851 0.4023019901408245 0.5672770499556844 0.3828818515894277 0.5586969500240185
0 0.36998754408739853 0.49470374529649036 0.3821239677453732 0.49470374529649036 0.3821239677453732 0.5335403010020093 0.36998754408739853 0.5335403010020093
0 0.37657588835887046 0.4623399488752247 0.38905906697850157 0.4623399488752247 0.38905906697850157 0.4803712068813584 0.37657588835887046 0.4803712068813584
0 0.32872370365028475 0.47759716718810713 0.34744847157973135 0.47759716718810713 0.34744847157973135 0.5025635244273693 0.32872370365028475 0.5025635244273693
0 0.33288476319016175 0.5307662613087579 0.3557705906594853 0.5307662613087579 0.3557705906594853 0.5709898368609025 0.33288476319016175 0.5709898368609025
0 0.355423835697829 0.5728391966564034 0.3668667494324907 0.5728391966564034 0.3668667494324907 0.6149121320040488 0.355423835697829 0.6149121320040488
0 0.32733668400963706 0.5788496159917815 0.34675496165641856 0.5788496159917815 0.34675496165641856 0.6250836103403326 0.32733668400963706 0.6250836103403326
0 0.3037573464110226 0.5437117798772642 0.32317562426378205 0.5437117798772642 0.32317562426378205 0.5904081147136621 0.3037573464110226 0.5904081147136621
0 0.10541350834355122 0.3902149168506896 0.12448503123465422 0.3902149168506896 0.12448503123465422 0.4415346511758396 0.10541350834355122 0.4415346511758396
0 0.1255252961196235 0.3957629962371923 0.14771761366563427 0.3957629962371923 0.14771761366563427 0.4304384924028341 0.1255252961196235 0.4304384924028341
0 0.2357933741065953 0.36756025935580344 0.25313112200918536 0.36756025935580344 0.25313112200918536 0.41102021455007454 0.2357933741065953 0.41102021455007454
0 0.2513973472009034 0.32918604359916 0.2753234395551963 0.32918604359916 0.2753234395551963 0.3698719591001797 0.2513973472009034 0.3698719591001797
0 0.3304574784585668 0.3564641005827982 0.351262776157952 0.3564641005827982 0.351262776157952 0.39206427664619053 0.3304574784585668 0.39206427664619053
0 0.289193638021453 0.386978537208563 0.3058378761809611 0.386978537208563 0.3058378761809611 0.4073214949590729 0.289193638021453 0.4073214949590729
0 0.3061846311426175 0.33057306344578563 0.32178860441715634 0.33057306344578563 0.32178860441715634 0.3564641005827982 0.3061846311426175 0.3564641005827982
0 0.30722489602758674 0.29404820748464283 0.33219125326684895 0.29404820748464283 0.33219125326684895 0.3208639245194059 0.30722489602758674 0.3208639245194059
0 0.34606145173310565 0.2995962868711456 0.363745954777583 0.2995962868711456 0.363745954777583 0.3342717830367874 0.34606145173310565 0.3342717830367874
0 0.36443946470089583 0.27647928942738437 0.38247072270702953 0.27647928942738437 0.38247072270702953 0.30005862682002077 0.36443946470089583 0.30005862682002077
0 0.39322012651837857 0.2852637484560136 0.40778383490794806 0.2852637484560136 0.40778383490794806 0.3277990237525343 0.39322012651837857 0.3277990237525343
0 0.44488661580518496 0.341669222218791 0.4663854234278829 0.341669222218791 0.4663854234278829 0.3689472792024293 0.44488661580518496 0.3689472792024293
0 0.39668767613494266 0.38420449751531177 0.41992025856592274 0.38420449751531177 0.41992025856592274 0.4147189341410766 0.39668767613494266 0.4147189341410766
0 0.4036227753680711 0.42951381250508375 0.4258150929140819 0.42951381250508375 0.4258150929140819 0.4586412292842228 0.4036227753680711 0.4586412292842228
0 0.4303229074156153 0.41471893414107636 0.44904767547379815 0.41471893414107636 0.44904767547379815 0.45632952953984646 0.4303229074156153 0.45632952953984646
0 0.18080238078904312 0.5503752813543626 0.20094058684102334 0.5503752813543626 0.20094058684102334 0.5944673535523823 0.18080238078904312 0.5944673535523823
0 0.1952170966999342 0.6167960311398412 0.20730002033112233 0.6167960311398412 0.20730002033112233 0.6673888575721844 0.1952170966999342 0.6673888575721844
0 0.21450737828656788 0.6105779183939666 0.23210181094250848 0.6105779183939666 0.23210181094250848 0.6394073502157488 0.21450737828656788 0.6394073502157488
0 0.22659030191775603 0.5495273568890161 0.2429128478756768 0.5495273568890161 0.2429128478756768 0.5834443355028774 0.22659030191775603 0.5834443355028774
0 0.21069171819250848 0.5127839633906662 0.2272262452667659 0.5127839633906662 0.2272262452667659 0.5351126409781252 0.21069171819250848 0.5351126409781252
0 0.24588058350438968 0.5772262227570029 0.2687745440687461 0.5772262227570029 0.2687745440687461 0.6046424471365409 0.24588058350438968 0.6046424471365409
0 0.2624326220247524 0.5079067547425742 0.28129894137871286 0.5079067547425742 0.28129894137871286 0.5454980727062707 0.2624326220247524 0.5454980727062707
0 0.2624326220247524 0.46607581445214513 0.28066299802970296 0.46607581445214513 0.28066299802970296 0.4960358122277227 0.2624326220247524 0.4960358122277227
0 0.2842666770074257 0.45703128682178223 0.303768939710396 0.45703128682178223 0.303768939710396 0.48501279417821785 0.2842666770074257 0.48501279417821785
0 0.4386712179990586 0.49541655718912075 0.44951117151850817 0.5140213798648271 0.43950096801364447 0.524390031057344 0.4286610144941949 0.5057852083816378
0 0.44728060159983 0.5118665614801344 0.4766015776608677 0.5118665614801344 0.4766015776608677 0.5318406760061524 0.44728060159983 0.5318406760061524
0 0.4950392219391501 0.49957479810659594 0.513220787880929 0.49957479810659594 0.513220787880929 0.5217682588805984 0.4950392219391501 0.5217682588805984
0 0.49363079083168904 0.47174761298731527 0.5083552984605945 0.47174761298731527 0.5083552984605945 0.49889192270321053 0.49363079083168904 0.49889192270321053
0 0.47224824497058293 0.46662604511639166 0.49324667324136984 0.46662604511639166 0.49324667324136984 0.49889192270321053 0.47224824497058293 0.49889192270321053
0 0.41298598038345097 0.49545758876744755 0.42613480152740246 0.48826507179490714 0.43860657959310456 0.5287983537560966 0.42545775844915307 0.535990870728637
0 0.1910922196687067 0.6899797258331367 0.2016685006743714 0.6839995076300714 0.21306491069155498 0.7198307188979819 0.2024886296858903 0.725810937101047
0 0.20593514353759867 0.6811133931059331 0.21506663777979215 0.6811133931059331 0.21506663777979215 0.7082904592124186 0.20593514353759867 0.7082904592124186
0 0.18235062443825342 0.6980842545447326 0.19081812642000479 0.6899507716123371 0.21003187673487284 0.7255113129166495 0.20156437475312147 0.733644795849045
0 0.22550263117522681 0.6900274704745791 0.245722368425798 0.6900274704745791 0.245722368425798 0.7343804425080901 0.22550263117522681 0.7343804425080901
0 0.20562652794171374 0.14391846921433724 0.23356600730036303 0.14391846921433724 0.23356600730036303 0.17125493822711635 0.20562652794171374 0.17125493822711635
0 0.2978871108598433 0.17313097041426792 0.3284396350505965 0.17313097041426792 0.3284396350505965 0.2071675543811596 0.2978871108598433 0.2071675543811596
0 0.42210724210908973 0.21225964174628512 0.44080056283106367 0.21225964174628512 0.44080056283106367 0.2444201935260253 0.42210724210908973 0.2444201935260253
0 0.45627782837506364 0.22137179808387816 0.48039824220986876 0.22137179808387816 0.48039824220986876 0.2417401475443803 0.45627782837506364 0.2417401475443803
0 0.5061266836336609 0.3001651499442416 0.522206959523531 0.3001651499442416 0.522206959523531 0.34090184886524577 0.5061266836336609 0.34090184886524577
0 0.5047404890337169 0.22388413920803452 0.5413785976679972 0.2543273944222078 0.5324435088483144 0.27344433123709594 0.495805400214034 0.24300107602292262
0 0.5039156456988038 0.20877558197014656 0.5411012836941284 0.20877558197014656 0.5411012836941284 0.2334320050012807 0.5039156456988038 0.2334320050012807
0 0.5357342561258613 0.24449760066745452 0.5489906696732418 0.23707400971867912 0.5589535572367962 0.2687022269233202 0.5456971436894157 0.27612581787209556
0 0.568236749258284 0.2334320050012807 0.5871310734288815 0.2334320050012807 0.5871310734288815 0.27765276369842345 0.568236749258284 0.27765276369842345
0 0.4748244875654304 0.25634400953644315 0.49011311777947036 0.25225130062279644 0.49727462364276526 0.2998110485570968 0.4819859934287253 0.30390375747074355
0 0.4582040218209573 0.2671804433601129 0.4659709378584875 0.258766285259506 0.4845035709027101 0.289178814678558 0.47673665486517997 0.29759297277916485
0 0.5460891063411287 0.14630196548535587 0.5826150833099025 0.14630196548535587 0.5826150833099025 0.17413128127108832 0.5460891063411287 0.17413128127108832
0 0.6013741208073115 0.2589430867250571 0.6286055411367099 0.2589430867250571 0.6286055411367099 0.282858904978421 0.6013741208073115 0.282858904978421
0 0.6321929138747144 0.20219737250571213 0.6652945805026657 0.20219737250571213 0.6652945805026657 0.22198227669713125 0.6321929138747144 0.22198227669713125
0 0.6509450895506474 0.22328677587458745 0.6621963949562072 0.22328677587458745 0.6621963949562072 0.2569863379588728 0.6509450895506474 0.2569863379588728
0 0.6702169905132382 0.20737198090312747 0.6948470604220907 0.22465623888506583 0.686568976473357 0.24562738683372717 0.6619389065645046 0.22834312885178878
0 0.6861229164121972 0.1896706834031182 0.7077009516263076 0.20548359290773952 0.7003966440902325 0.22320330394449253 0.6788186088761221 0.20739039443987126
0 0.7363995772399121 0.17189648519881903 0.7677426920050416 0.191497487421784 0.7592205171254917 0.21572404955908211 0.7278774023603621 0.19612304733611716
0 0.7339684928527759 0.19856162648630712 0.7253891170827345 0.21799005651388206 0.6994478322284149 0.1976249381651979 0.7080272079984563 0.17819650813762297
0 0.7069190152180976 0.22173992957555408 0.7392806294280688 0.22173992957555408 0.7392806294280688 0.24264536494459976 0.7069190152180976 0.24264536494459976
0 0.6510328682166086 0.26869368569345037 0.6700818104246086 0.26869368569345037 0.6700818104246086 0.30202933455745024 0.6510328682166086 0.30202933455745024
0 0.6822038645569722 0.2842791838636321 0.7011445741387903 0.2842791838636321 0.7011445741387903 0.32829378517757135 0.6822038645569722 0.32829378517757135
0 0.6840125583851341 0.3524691185348265 0.7202351151489352 0.3524691185348265 0.7202351151489352 0.38309024899494704 0.6840125583851341 0.38309024899494704
0 0.7605653845354358 0.3021807579417828 0.7945473707777648 0.3021807579417828 0.7945473707777648 0.36068454378022463 0.7605653845354358 0.36068454378022463
0 0.8519250859532831 0.14343999774021518 0.8706393468398704 0.14343999774021518 0.8706393468398704 0.1870314488013424 0.8519250859532831 0.1870314488013424
0 0.8616204259306719 0.1861295567104225 0.8843932008748203 0.1861295567104225 0.8843932008748203 0.23242668404430936 0.8616204259306719 0.23242668404430936
0 0.9134792211585645 0.17681000510425052 0.9308406439087721 0.17681000510425052 0.9308406439087721 0.21980019477143112 0.9134792211585645 0.21980019477143112
0 0.971815872158754 0.21829704128656469 1.0 0.21829704128656469 1.0 0.2552746170142795 0.971815872158754 0.2552746170142795
