0 0.0325039366332074 0.3190550286734515 0.04657280472817777 0.3190550286734515 0.04657280472817777 0.34416068122223487 0.0325039366332074 0.34416068122223487
0 0.34735550193099257 0.3507099818871348 0.4012053073979482 0.3507099818871348 0.4012053073979482 0.36417243325387366 0.34735550193099257 0.36417243325387366
0 0.3735527045905925 0.33178977996631254 0.41527417549291834 0.33178977996631254 0.41527417549291834 0.3437968311852959 0.3735527045905925 0.3437968311852959
0 0.5559628564426221 0.3758156344359181 0.5797343921892961 0.3758156344359181 0.5797343921892961 0.38927808580265705 0.5559628564426221 0.38927808580265705
0 0.4608767134559259 0.23759407412109435 0.4754307149334814 0.23759407412109435 0.4754307149334814 0.26706592711314436 0.4608767134559259 0.26706592711314436
0 0.7356781195101244 0.8730716761674748 0.7655787847239109 0.8730716761674748 0.7655787847239109 0.9017763147727103 0.7356781195101244 0.9017763147727103
0 0.9000475627235511 0.9541021537466228 0.9238968594090474 0.9527186310107244 0.9277246056450328 0.9898340989775278 0.9038753089595365 0.9912176217134262
0 0.9198662172270512 0.9425907227895293 0.9360125764424962 0.9425907227895293 0.9360125764424962 0.9560460221357333 0.9198662172270512 0.9560460221357333
0 0.9335621012035166 0.7514590702821886 0.9581152377152605 0.7514590702821886 0.9581152377152605 0.7682490827497782 0.9335621012035166 0.7682490827497782
0 0.8525139730980696 0.6786143281116717 0.8854905168373194 0.667237420521631 0.895751410285266 0.6839671380998057 0.8627748665460162 0.6953440456898463
0 0.5414340680894906 0.6469277023388088 0.5963175497039767 0.6469277023388088 0.5963175497039767 0.6924232199929222 0.5414340680894906 0.6924232199929222
0 0.4829398311056303 0.6079315443495685 0.5154366294299971 0.6079315443495685 0.5154366294299971 0.6230967169009397 0.4829398311056303 0.6230967169009397
0 0.44394367311639016 0.5992657314630707 0.4634417521110103 0.5992657314630707 0.4634417521110103 0.614972517319848 0.44394367311639016 0.614972517319848
0 0.3348988609612926 0.6133476774036296 0.3594519974730364 0.6133476774036296 0.3594519974730364 0.6306793031766253 0.3348988609612926 0.6306793031766253
0 0.17548271095158074 0.6063067044333502 0.19570294102007565 0.6063067044333502 0.19570294102007565 0.6388035027577169 0.17548271095158074 0.6388035027577169
0 0.31269141498779585 0.5342721348143371 0.3516875729770361 0.5342721348143371 0.3516875729770361 0.5467292408386775 0.31269141498779585 0.5467292408386775
0 0.4571216297627598 0.4779443510521013 0.47373110446188055 0.4779443510521013 0.47373110446188055 0.4969008167413153 0.4571216297627598 0.4969008167413153
0 0.8344149337469254 0.5489251966694471 0.8490369674657559 0.5413263445006047 0.8703346685834918 0.5643786857672407 0.8557126348646614 0.5719775379360831
0 0.8503529793821619 0.542776884566235 0.8650179328015977 0.5348578097197381 0.8748485084731111 0.5450979927108957 0.8601835550536753 0.5530170675573925
