0 0.3463370235438728 0.13588618047606646 0.35842859045064135 0.13588618047606646 0.35842859045064135 0.14394722508057886 0.3463370235438728 0.14394722508057886
0 0.4642298008848668 0.1191883023667193 0.47070742601349297 0.1191883023667193 0.47070742601349297 0.12782513587155406 0.4642298008848668 0.12782513587155406
0 0.6071693953898817 0.16985772559508308 0.6123514954927824 0.16985772559508308 0.6123514954927824 0.17503982569798393 0.6071693953898817 0.17503982569798393
0 0.6300570041776937 0.1664029921931492 0.6352391042805945 0.1664029921931492 0.6352391042805945 0.17158509229605 0.6300570041776937 0.17158509229605
0 0.6810143218562186 0.1450988028812235 0.6861964219591195 0.1450988028812235 0.6861964219591195 0.15315984748573594 0.6810143218562186 0.15315984748573594
0 0.7712692319817414 0.12955250257252102 0.7755876487341588 0.12955250257252102 0.7755876487341588 0.13531039157574418 0.7712692319817414 0.13531039157574418
0 0.7863836906152024 0.1485535362831574 0.7950205241200371 0.1485535362831574 0.7950205241200371 0.15373563638605828 0.7863836906152024 0.15373563638605828
0 0.8428096302120079 0.2562260606434304 0.8479917303149087 0.2562260606434304 0.8479917303149087 0.26659026084923215 0.8428096302120079 0.26659026084923215
0 0.8695838140769956 0.2971070725663148 0.873902230829413 0.2971070725663148 0.873902230829413 0.3017133837688933 0.8695838140769956 0.3017133837688933
0 0.8579240888454688 0.3241691508814636 0.8635380306236116 0.3241691508814636 0.8635380306236116 0.32819967318371984 0.8579240888454688 0.32819967318371984
0 0.5855773116277948 0.28443971675922386 0.5933504617821461 0.28443971675922386 0.5933504617821461 0.29134918356309175 0.5855773116277948 0.29134918356309175
0 0.8324454300062064 0.410537485929811 0.8376275301091073 0.410537485929811 0.8376275301091073 0.4209016861356126 0.8324454300062064 0.4209016861356126
0 0.7627677809979443 0.4172369261672573 0.7663965755799973 0.4172369261672573 0.7663965755799973 0.4220753189433281 0.7627677809979443 0.4220753189433281
0 0.762616581223692 0.422680118040337 0.7670013746770061 0.422680118040337 0.7670013746770061 0.4317521044954696 0.762616581223692 0.4317521044954696
0 0.8259692866353681 0.44465448523165807 0.830958879185691 0.44465448523165807 0.830958879185691 0.45050087650274356 0.8259692866353681 0.45050087650274356
0 0.8225038938520615 0.5144991245594951 0.827984486144109 0.5144991245594951 0.827984486144109 0.5207104624904823 0.8225038938520615 0.5207104624904823
0 0.856205530825125 0.5290598425923213 0.8629192563828831 0.5290598425923213 0.8629192563828831 0.533809689245429 0.856205530825125 0.533809689245429
0 0.8868278392360129 0.6030777532617574 0.8912334946777876 0.6030777532617574 0.8912334946777876 0.6084298087613945 0.8868278392360129 0.6084298087613945
0 0.748864041067726 0.6325114409565704 0.7561024048359034 0.6325114409565704 0.7561024048359034 0.6453796432111082 0.748864041067726 0.6453796432111082
0 0.6724873467973157 0.5293890714506617 0.6770836156141172 0.5293890714506617 0.6770836156141172 0.5346205969332001 0.6724873467973157 0.5346205969332001
0 0.7119479961513187 0.5385068730059427 0.7158716402632223 0.5385068730059427 0.7158716402632223 0.543887870645125 0.7119479961513187 0.543887870645125
0 0.5983786238585594 0.5717886649755631 0.6034137077552535 0.5717886649755631 0.6034137077552535 0.5809433629695525 0.5983786238585594 0.5809433629695525
0 0.5414893815403308 0.5038060620855203 0.5458622399438182 0.5038060620855203 0.5458622399438182 0.5107650195448336 0.5414893815403308 0.5107650195448336
0 0.557005975875286 0.4821768699822491 0.5620841340212714 0.4821768699822491 0.5620841340212714 0.48988814716689366 0.557005975875286 0.48988814716689366
0 0.6668243237513621 0.443502055938773 0.6703019539838433 0.443502055938773 0.6703019539838433 0.44992229636796915 0.6668243237513621 0.44992229636796915
0 0.18239584129455477 0.35219727667763284 0.19409880170381444 0.35219727667763284 0.19409880170381444 0.3636001611789627 0.18239584129455477 0.3636001611789627
0 0.24241102288050156 0.32939150767497305 0.24736227536134217 0.32939150767497305 0.24736227536134217 0.34039429096573 0.24241102288050156 0.34039429096573
0 0.4925784539881713 0.914698976030437 0.4971231806750742 0.914698976030437 0.4971231806750742 0.9263521213814703 0.4925784539881713 0.9263521213814703
0 0.63975767977172 0.8438478522961558 0.645700783900747 0.8438478522961558 0.645700783900747 0.8545687460191062 0.63975767977172 0.8545687460191062
0 0.6722699553011026 0.841517223225949 0.6775138707090674 0.841517223225949 0.6775138707090674 0.8480429846225278 0.6722699553011026 0.8480429846225278
0 0.7509286864205762 0.8503736136927342 0.7530262525837622 0.8503736136927342 0.7530262525837622 0.8550348718331474 0.7509286864205762 0.8550348718331474
0 0.5320826167281737 0.7515549411159731 0.5376761264966695 0.7515549411159731 0.5376761264966695 0.7576145766985102 0.5320826167281737 0.7576145766985102
0 0.504814256606756 0.7650725897231715 0.510058172014721 0.7650725897231715 0.510058172014721 0.7753273576320807 0.504814256606756 0.7753273576320807
0 0.6072454042423375 0.35239111541524254 0.6114405365687094 0.35239111541524254 0.6114405365687094 0.3565862477416144 0.6072454042423375 0.3565862477416144
