0 0.2827059189722325 0.3409948384154626 0.31520414815388004 0.3409948384154626 0.31520414815388004 0.3725372373270617 0.2827059189722325 0.3725372373270617
0 0.43755042272008265 0.3499557471971669 0.4772173789270937 0.3499557471971669 0.4772173789270937 0.4012121454285154 0.43755042272008265 0.4012121454285154
0 0.5897472766198987 0.4028824588254251 0.6232013360715948 0.4028824588254251 0.6232013360715948 0.4562894751643827 0.5897472766198987 0.4562894751643827
0 0.5309637150119185 0.4326326759806834 0.5868797858097533 0.4326326759806834 0.5868797858097533 0.45736478421818727 0.5309637150119185 0.45736478421818727
0 0.35748052099812333 0.557010089870739 0.39332415612494054 0.557010089870739 0.39332415612494054 0.6233208148553507 0.35748052099812333 0.6233208148553507
0 0.8014636814356321 0.55091667189918 0.8377852316974734 0.55091667189918 0.8377852316974734 0.6075496153995512 0.8014636814356321 0.6075496153995512
0 0.1166112929459119 0.6693612414920684 0.18215394003494903 0.6693612414920684 0.18215394003494903 0.7087892401315673 0.1166112929459119 0.7087892401315673
0 0.26681319252495533 0.7840608738978836 0.3111910264914909 0.7840608738978836 0.3111910264914909 0.807103210765123 0.26681319252495533 0.807103210765123
0 0.09331807943681407 0.4484038546444647 0.1368061164559119 0.4484038546444647 0.1368061164559119 0.5048024026536071 0.09331807943681407 0.5048024026536071
0 0.10419008869158851 0.5605214500843263 0.12865210951483105 0.5605214500843263 0.12865210951483105 0.5815859680154517 0.10419008869158851 0.5815859680154517
0 0.4448463786745214 0.5211104165357688 0.4838044118374632 0.5211104165357688 0.4838044118374632 0.5530469437216688 0.4448463786745214 0.5530469437216688
0 0.6369185421755367 0.5537264443000922 0.7012445969329524 0.5537264443000922 0.7012445969329524 0.5754704628096411 0.6369185421755367 0.5754704628096411
0 0.14410773213885214 0.3960067722463336 0.18270658156408684 0.3960067722463336 0.18270658156408684 0.4233476239225416 0.14410773213885214 0.4233476239225416
0 0.17422493828038224 0.3778468010779339 0.19125490113289953 0.36602043798590794 0.20917116779507375 0.38053261398226895 0.1921412049425565 0.3923589770742949
0 0.18948818492293096 0.3431387515439572 0.2300265462537243 0.37165095850905744 0.21358831482406404 0.3847975440560697 0.1730499534932707 0.35628533709096943
0 0.25347113884368394 0.33529399867122495 0.281348085650798 0.33529399867122495 0.281348085650798 0.36906799191830525 0.25347113884368394 0.36906799191830525
0 0.2743788489490194 0.28181850936334757 0.2968948444470731 0.28181850936334757 0.2968948444470731 0.3151904312622483 0.2743788489490194 0.3151904312622483
0 0.4904251867041529 0.2826226520597066 0.519910418903985 0.2826226520597066 0.519910418903985 0.3051386475577602 0.4904251867041529 0.3051386475577602
0 0.5370654630929781 0.2315595908409065 0.5896027859217698 0.2315595908409065 0.5896027859217698 0.25407558633896005 0.5370654630929781 0.25407558633896005
0 0.6480371551905282 0.24482794533083094 0.6791306727830784 0.24482794533083094 0.6791306727830784 0.27417915374793655 0.6480371551905282 0.27417915374793655
0 0.7102241903756287 0.20341459646833948 0.7327401858736821 0.20341459646833948 0.7327401858736821 0.2436217312862924 0.7102241903756287 0.2436217312862924
0 0.78581360383338 0.231157519492727 0.8104739798550575 0.231157519492727 0.8104739798550575 0.25769422847257595 0.78581360383338 0.25769422847257595
0 0.8978574861927419 0.22351816387731593 0.9251983378689498 0.22351816387731593 0.9251983378689498 0.25689008577621686 0.8978574861927419 0.25689008577621686
0 0.9565762943966108 0.20703323860195524 0.9919585730364094 0.20703323860195524 0.9919585730364094 0.25648801442803726 0.9565762943966108 0.25648801442803726
0 0.5559306507495616 0.13509597298832163 0.5811271219021453 0.13509597298832163 0.5811271219021453 0.16082853927181145 0.5559306507495616 0.16082853927181145
0 0.7853793667773458 0.098105408955805 0.8266586918571108 0.098105408955805 0.8266586918571108 0.1572098971381957 0.7853793667773458 0.1572098971381957
0 0.8834847757331511 0.03176363650618277 0.9285167667292583 0.03176363650618277 0.9285167667292583 0.0603107022269293 0.8834847757331511 0.0603107022269293
0 0.89849543939852 0.08081634098408524 0.9376303839546606 0.08081634098408524 0.9376303839546606 0.1178069050166019 0.89849543939852 0.1178069050166019
0 0.21601764103095153 0.6082664881020875 0.2518612761577687 0.6082664881020875 0.2518612761577687 0.6588060136308997 0.21601764103095153 0.6588060136308997
0 0.4129186766609339 0.601097761076724 0.4411156696273634 0.601097761076724 0.4411156696273634 0.6236792512066189 0.4129186766609339 0.6236792512066189
