0 0.054695013574870825 0.07762431142771598 0.058281926814794854 0.07762431142771598 0.058281926814794854 0.08360250016092267 0.054695013574870825 0.08360250016092267
0 0.06007538343475685 0.10512397960046678 0.06523157121714765 0.10512397960046678 0.06523157121714765 0.11020544002369248 0.06007538343475685 0.11020544002369248
0 0.04258918139012727 0.11289562495363549 0.04505518424257502 0.11289562495363549 0.04505518424257502 0.11947163256016285 0.04258918139012727 0.11947163256016285
0 0.04527936632007028 0.1266454590400109 0.04841791540500379 0.1266454590400109 0.04841791540500379 0.1335203760831986 0.04527936632007028 0.1335203760831986
0 0.0972896082989686 0.0608853829747372 0.1013248856938831 0.0608853829747372 0.1013248856938831 0.06566793396130258 0.0972896082989686 0.06566793396130258
0 0.16095731830761992 0.06716248114460424 0.16544095985752497 0.06716248114460424 0.16544095985752497 0.07314066987781094 0.16095731830761992 0.07314066987781094
0 0.049768421203945784 0.1796445714328613 0.053355334443869806 0.1796445714328613 0.053355334443869806 0.18382930354610597 0.049768421203945784 0.18382930354610597
0 0.05445207700197308 0.29940877350031564 0.057732892431155675 0.29940877350031564 0.057732892431155675 0.3037831940725591 0.05445207700197308 0.3037831940725591
0 0.07615593291810398 0.2909964262460013 0.08120334127069256 0.2909964262460013 0.08120334127069256 0.2953708468182448 0.07615593291810398 0.2953708468182448
0 0.03280815429182577 0.5279589136807655 0.03785556264441435 0.5279589136807655 0.03785556264441435 0.5346887914842169 0.03280815429182577 0.5346887914842169
0 0.06309260440735726 0.527622419790593 0.06713053108942812 0.527622419790593 0.06713053108942812 0.5319968403628363 0.06309260440735726 0.5319968403628363
0 0.16126469686520514 0.599968606177696 0.16555499396490542 0.599968606177696 0.16555499396490542 0.6040065328597668 0.16126469686520514 0.6040065328597668
0 0.06334497482498669 0.8099407936453805 0.06637341983653984 0.8099407936453805 0.06637341983653984 0.8133057325471059 0.06334497482498669 0.8133057325471059
0 0.09817209245784789 0.8227275614719384 0.10372424164569533 0.8227275614719384 0.10372424164569533 0.8274384759343545 0.09817209245784789 0.8274384759343545
0 0.179435366934524 0.8493105787955719 0.18397803445185373 0.8493105787955719 0.18397803445185373 0.8546944810383329 0.179435366934524 0.8546944810383329
0 0.3871362206435441 0.7877321968939913 0.392435999413762 0.7877321968939913 0.392435999413762 0.7924431113564072 0.3871362206435441 0.7924431113564072
0 0.44089111959861244 0.833495365957461 0.4459385279512011 0.833495365957461 0.4459385279512011 0.838206280419877 0.44089111959861244 0.838206280419877
0 0.3906694064903561 0.8355143292984963 0.3964739260958331 0.8355143292984963 0.3964739260958331 0.8402252437609125 0.3906694064903561 0.8402252437609125
0 0.4022784457013097 0.8493105787955728 0.4060640019657512 0.8493105787955728 0.4060640019657512 0.8523390238071252 0.4022784457013097 0.8523390238071252
0 0.5196306898989943 0.7399500644894857 0.5231638757458064 0.7399500644894857 0.5231638757458064 0.7446609789519019 0.5196306898989943 0.7446609789519019
0 0.5807043309653162 0.8439266765528105 0.5862564801531637 0.8439266765528105 0.5862564801531637 0.848301097125054 0.5807043309653162 0.848301097125054
0 0.6561630858365155 0.8348413415181511 0.6589391604304392 0.8348413415181511 0.6589391604304392 0.8422442071019477 0.6561630858365155 0.8422442071019477
0 0.7482782882712571 0.8570499382695408 0.7538304374591046 0.8570499382695408 0.7538304374591046 0.8610878649516113 0.7482782882712571 0.8610878649516113
0 0.8015284463910666 0.8698367060960986 0.8060711139083963 0.8698367060960986 0.8060711139083963 0.8772395716798953 0.8015284463910666 0.8772395716798953
0 0.9051087229713352 0.8674812488648905 0.9111656129944414 0.8674812488648905 0.9111656129944414 0.8711826816567888 0.9051087229713352 0.8711826816567888
0 0.9210080592819887 0.8755571022290325 0.9237841338759124 0.8755571022290325 0.9237841338759124 0.8812774983619662 0.9210080592819887 0.8812774983619662
0 0.9341313209987192 0.7648506123622562 0.939935840604196 0.7648506123622562 0.939935840604196 0.7685520451541543 0.9341313209987192 0.7685520451541543
0 0.9076324271476289 0.628234092952192 0.9116703538297 0.628234092952192 0.9116703538297 0.6363099463163336 0.9076324271476289 0.6363099463163336
0 0.7959762972032192 0.3933613576117366 0.7995094830500312 0.3933613576117366 0.7995094830500312 0.3997547415250155 0.7959762972032192 0.3997547415250155
0 0.8449361582233282 0.29611462335186334 0.8484693440701404 0.29611462335186334 0.8484693440701404 0.3031809950454873 0.8449361582233282 0.3031809950454873
0 0.9415940281753997 0.30250800726514226 0.9458843252751001 0.30250800726514226 0.9458843252751001 0.30721892172755827 0.9415940281753997 0.30721892172755827
0 0.28009950958180707 0.2665173741675017 0.28266217664111 0.2665173741675017 0.28266217664111 0.27095933040362674 0.28009950958180707 0.27095933040362674
0 0.26011070651924445 0.34544751959403114 0.26626110746157144 0.34544751959403114 0.26626110746157144 0.3498894758301561 0.26011070651924445 0.3498894758301561
0 0.4684555384405703 0.2921440447605307 0.47101820549987317 0.2921440447605307 0.47101820549987317 0.29863613464409805 0.4684555384405703 0.29863613464409805
0 0.5701934206948954 0.3727826348932621 0.5763438216372224 0.3727826348932621 0.5763438216372224 0.3758578353644255 0.5701934206948954 0.3758578353644255
0 0.5794190221083858 0.31298707017619437 0.5835192894032705 0.31298707017619437 0.5835192894032705 0.31708733747107903 0.5794190221083858 0.31708733747107903
0 0.6111960936437418 0.35433143206628115 0.6170902278801385 0.35433143206628115 0.6170902278801385 0.3584316993611658 0.6111960936437418 0.3584316993611658
0 0.6135024939971144 0.34578920853527145 0.6170902278801385 0.34578920853527145 0.6170902278801385 0.3512562315951177 0.6135024939971144 0.3512562315951177
0 0.6214467618809535 0.3485227200651946 0.625547029175838 0.3485227200651946 0.625547029175838 0.35330636524256004 0.6214467618809535 0.35330636524256004
0 0.4963886093869718 0.3662905450096947 0.5004888766818565 0.3662905450096947 0.5004888766818565 0.3731243238345024 0.4963886093869718 0.3731243238345024
0 0.5545611516331478 0.4346283332577719 0.5578926188102417 0.4346283332577719 0.5578926188102417 0.4390702894938969 0.5545611516331478 0.4390702894938969
0 0.5594302190458234 0.4493209577311086 0.5645555531644292 0.4493209577311086 0.5645555531644292 0.45376291396723367 0.5594302190458234 0.45376291396723367
0 0.8659251993384502 0.22073105604128987 0.8697691999274046 0.22073105604128987 0.8697691999274046 0.2261980791011361 0.8659251993384502 0.2261980791011361
0 0.8159531916820435 0.010592357178451993 0.819797192270998 0.010592357178451993 0.819797192270998 0.01708444706201934 0.8159531916820435 0.01708444706201934
0 0.7770006523806395 0.0389525393014041 0.7811009196755242 0.0389525393014041 0.7811009196755242 0.044419562361250275 0.7770006523806395 0.044419562361250275
0 0.7236971775471391 0.04510294024373105 0.7288225116657449 0.04510294024373105 0.7288225116657449 0.05125334118605802 0.7236971775471391 0.05125334118605802
0 0.5623906117261533 0.1152298806900681 0.566776226588238 0.1152298806900681 0.566776226588238 0.11970148800042896 0.5623906117261533 0.11970148800042896
0 0.6072786697263142 0.057098985655377056 0.6114063072435705 0.057098985655377056 0.6114063072435705 0.06260250234505195 0.6072786697263142 0.06260250234505195
0 0.6539725691402745 0.06879395862093618 0.6570682972782168 0.06879395862093618 0.6570682972782168 0.07532938468992512 0.6539725691402745 0.07532938468992512
0 0.6671294137265287 0.0667301398623081 0.6712570512437848 0.0667301398623081 0.6712570512437848 0.0705138075864596 0.6671294137265287 0.0705138075864596
0 0.5715894516279012 0.5041572835419492 0.5752099707197644 0.5041572835419492 0.5752099707197644 0.5065709629365247 0.5715894516279012 0.5065709629365247
0 0.5623118714550017 0.5669129478009113 0.5648009783306577 0.5669129478009113 0.5648009783306577 0.5705334668927745 0.5623118714550017 0.5705334668927745
0 0.7325877195773337 0.4484217324676754 0.7354258318081417 0.4484217324676754 0.7354258318081417 0.4531519195190222 0.7325877195773337 0.4531519195190222
0 0.6960470246056797 0.5576890533537863 0.6988851368364879 0.5576890533537863 0.6988851368364879 0.5647843339308065 0.6960470246056797 0.5647843339308065
0 0.7581307296546062 0.5822258515122594 0.7606140778565634 0.5822258515122594 0.7606140778565634 0.5855699759837086 0.7581307296546062 0.5855699759837086
0 0.39968510617496716 0.5300848471138633 0.4026551653503651 0.5300848471138633 0.4026551653503651 0.533479200457175 0.39968510617496716 0.533479200457175
0 0.9469609881064212 0.1109113150388505 0.9515398956080252 0.1109113150388505 0.9515398956080252 0.11905159504170192 0.9469609881064212 0.11905159504170192
0 0.9358743495914008 0.34236453088770075 0.9400406130970795 0.34236453088770075 0.9400406130970795 0.34645770205117454 0.9358743495914008 0.34645770205117454
0 0.9514430184810422 0.9051755658653474 0.9551707279334916 0.9051755658653474 0.9551707279334916 0.9136542775611146 0.9514430184810422 0.9136542775611146
