0 0.24247978862764788 0.33459877371373703 0.2728463915286502 0.33459877371373703 0.2728463915286502 0.35323282549389756 0.24247978862764788 0.35323282549389756
0 0.3147573228052398 0.34363346548593626 0.3355873066133653 0.34363346548593626 0.3355873066133653 0.352291711767627 0.3147573228052398 0.352291711767627
0 0.33157188804794385 0.32274074076272574 0.34738259864929216 0.32274074076272574 0.34738259864929216 0.33666922391153264 0.33157188804794385 0.33666922391153264
0 0.3450067648298567 0.33740179082847715 0.36190193593828646 0.32852099575866256 0.36848789728111936 0.335568777561512 0.3515927261726896 0.3444495726313266
0 0.3152592501259178 0.3795840098294781 0.32931321510489414 0.3795840098294781 0.32931321510489414 0.39012448356371027 0.3152592501259178 0.39012448356371027
0 0.3004035014256177 0.3954559877789617 0.31822192130967697 0.3954559877789617 0.31822192130967697 0.40354956582489 0.3004035014256177 0.40354956582489
0 0.2702878621849543 0.3986557744482822 0.2968900101808737 0.3986557744482822 0.2968900101808737 0.40674935249421057 0.2702878621849543 0.40674935249421057
0 0.3892446371855749 0.5584568851690525 0.412584257597089 0.5584568851690525 0.412584257597089 0.5689973589032847 0.3892446371855749 0.5689973589032847
0 0.4341671323862311 0.5737029275346384 0.44897398834622404 0.5737029275346384 0.44897398834622404 0.5816082828353126 0.4341671323862311 0.5816082828353126
0 0.11477159989866265 0.7081406507220613 0.13611726133534116 0.7081406507220613 0.13611726133534116 0.7160292647312687 0.11477159989866265 0.7160292647312687
0 0.7637512163206882 0.8005177397289198 0.782698381758059 0.8005177397289198 0.782698381758059 0.8130364026071827 0.7637512163206882 0.8130364026071827
0 0.8066079000480748 0.8492390222821592 0.8205927126328008 0.8492390222821592 0.8205927126328008 0.8708929256391544 0.8066079000480748 0.8708929256391544
0 0.31200699842609564 0.25990954863770177 0.33129506676050013 0.2679771541429585 0.3249387715139342 0.27652527533661503 0.30565070317952975 0.2684576698313583
0 0.3064694815463597 0.2694117881294991 0.32000708980849096 0.27516477641105747 0.3057945996804481 0.2939770443718289 0.29225699141831685 0.2882240560902706
0 0.4006629370580872 0.2877316520221108 0.42584019669469475 0.2877316520221108 0.42584019669469475 0.30311775513337097 0.4006629370580872 0.30311775513337097
0 0.3382611456733102 0.2026419716585285 0.3715977024143738 0.2026419716585285 0.3715977024143738 0.21190860194144653 0.3382611456733102 0.21190860194144653
0 0.3489847932963097 0.18568228981998045 0.36413777363315686 0.18568228981998045 0.36413777363315686 0.1938998676180398 0.3489847932963097 0.1938998676180398
0 0.3639046508587438 0.1517629261428842 0.3771926490002866 0.1517629261428842 0.3771926490002866 0.17973765907244812 0.3639046508587438 0.17973765907244812
0 0.6021103299188368 0.35708477979247716 0.6135618017400991 0.35708477979247716 0.6135618017400991 0.36599148009790333 0.6021103299188368 0.36599148009790333
0 0.624741407137753 0.22839324354628643 0.6383135218888785 0.22839324354628643 0.6383135218888785 0.24175329400442575 0.624741407137753 0.24175329400442575
0 0.562818633585742 0.11769568260741782 0.5721494624771409 0.11769568260741782 0.5721494624771409 0.12692047935232353 0.562818633585742 0.12692047935232353
0 0.5984454348074469 0.09924608911760638 0.6175312211762175 0.09924608911760638 0.6175312211762175 0.11165185025730719 0.5984454348074469 0.11165185025730719
0 0.4135253713233598 0.12087664700221289 0.4287940004183761 0.12087664700221289 0.4287940004183761 0.1301014437471186 0.4135253713233598 0.1301014437471186
0 0.9329876834163174 0.05280400895359826 0.9499528268552243 0.05280400895359826 0.9499528268552243 0.06616405941173759 0.9329876834163174 0.06616405941173759
0 0.8570686665272079 0.1215128398811719 0.8770027100679237 0.1215128398811719 0.8770027100679237 0.13264621526295467 0.8570686665272079 0.13264621526295467
0 0.8389263430539547 0.40175580306261804 0.8474089147734082 0.40175580306261804 0.8474089147734082 0.417342528597114 0.8389263430539547 0.417342528597114
