0 0.15353502739646063 0.8050992999101905 0.15961245556423717 0.8050992999101905 0.15961245556423717 0.8098972695163297 0.15353502739646063 0.8098972695163297
0 0.20318794527265166 0.7772023391018645 0.2090613698884712 0.7772023391018645 0.2090613698884712 0.7830757637176841 0.20318794527265166 0.7830757637176841
0 0.2351149671968974 0.7803645523654782 0.24063242668448545 0.7803645523654782 0.24063242668448545 0.7858375162120372 0.2351149671968974 0.7858375162120372
0 0.2867299107904631 0.7631447392872801 0.2931372830986298 0.7631447392872801 0.2931372830986298 0.7723553369802699 0.2867299107904631 0.7723553369802699
0 0.16837150565349346 0.7603415139024571 0.17549080821812327 0.7603415139024571 0.17549080821812327 0.7670158600567973 0.16837150565349346 0.7670158600567973
0 0.45779088063126 0.7658722980815501 0.46565618387823565 0.7658722980815501 0.46565618387823565 0.77140258942708 0.45779088063126 0.77140258942708
0 0.5420970998097797 0.7684531007094642 0.5489792401508835 0.7684531007094642 0.5489792401508835 0.7737990490101427 0.5420970998097797 0.7737990490101427
0 0.6700255203517341 0.7694478692080351 0.6764160792399019 0.7694478692080351 0.6764160792399019 0.773687759239608 0.6700255203517341 0.773687759239608
0 0.7440085290185984 0.773503416194757 0.7506448786332341 0.773503416194757 0.7506448786332341 0.7782963353608827 0.7440085290185984 0.7782963353608827
0 0.3668658514856834 0.7041110015155351 0.3728977034185073 0.7041110015155351 0.3728977034185073 0.7157438588145527 0.3668658514856834 0.7157438588145527
0 0.8829830754501542 0.7932967654890745 0.8959733544722949 0.7932967654890745 0.8959733544722949 0.798902159861642 0.8829830754501542 0.798902159861642
0 0.9545185845857774 0.743115139677518 0.9607468005552968 0.743115139677518 0.9607468005552968 0.7504555370701658 0.9545185845857774 0.7504555370701658
0 0.9739563407077051 0.6409798148415617 0.9814649341887499 0.6409798148415617 0.9814649341887499 0.6468731876319166 0.9739563407077051 0.6468731876319166
0 0.5073926432268371 0.6127721167817257 0.5162201482800127 0.6127721167817257 0.5162201482800127 0.6191381060027658 0.5073926432268371 0.6191381060027658
0 0.5576415181449133 0.6383633934503068 0.5654504649227223 0.6383633934503068 0.5654504649227223 0.6447293826713467 0.5576415181449133 0.6447293826713467
0 0.2633440196197814 0.4366970311556995 0.27024544909947223 0.4366970311556995 0.27024544909947223 0.44350765235276296 0.2633440196197814 0.44350765235276296
0 0.3890226827762564 0.4949959486025615 0.3955608791254372 0.4949959486025615 0.3955608791254372 0.50453081827845 0.3890226827762564 0.50453081827845
0 0.5157910453242615 0.4606704177693624 0.5216027754124222 0.4606704177693624 0.5216027754124222 0.4666637644227782 0.5157910453242615 0.4666637644227782
0 0.6246127204547725 0.546095792504031 0.6328996435456067 0.546095792504031 0.6328996435456067 0.5543267228712784 0.6246127204547725 0.5543267228712784
0 0.8248248069808772 0.2553957538706244 0.8314234054367241 0.2553957538706244 0.8314234054367241 0.26394393823388074 0.8248248069808772 0.26394393823388074
0 0.8320232780236195 0.3183823754946187 0.8386218764794666 0.3183823754946187 0.8386218764794666 0.32318135618978017 0.8320232780236195 0.32318135618978017
0 0.8973800027072261 0.50705460394974 0.9074629240859591 0.50705460394974 0.9074629240859591 0.5115143576364872 0.8973800027072261 0.5115143576364872
0 0.8518505465326103 0.3878023321406172 0.8630683315075253 0.3878023321406172 0.8630683315075253 0.39384941935365736 0.8518505465326103 0.39384941935365736
0 0.17690328635307143 0.26712790233270023 0.1847831654779298 0.26712790233270023 0.1847831654779298 0.27776573915125913 0.17690328635307143 0.27776573915125913
0 0.22457655505846483 0.3014053765258343 0.23718436165823825 0.3014053765258343 0.23718436165823825 0.31292969974593976 0.22457655505846483 0.31292969974593976
0 0.35315537531923374 0.25566876333877436 0.3592137802411633 0.25566876333877436 0.3592137802411633 0.25964459156879055 0.35315537531923374 0.25964459156879055
0 0.24035296750319565 0.16634196664493064 0.24749895136157532 0.16634196664493064 0.24749895136157532 0.17527444646790516 0.24035296750319565 0.17527444646790516
0 0.3213707740754618 0.09542865944211133 0.32871525748546304 0.09542865944211133 0.32871525748546304 0.10317014195535594 0.3213707740754618 0.10317014195535594
0 0.40493908530817907 0.1255013415127923 0.4114895705116939 0.1255013415127923 0.4114895705116939 0.13100970407029325 0.40493908530817907 0.13100970407029325
0 0.3619281887612425 0.016917844487920105 0.36808360711853194 0.016917844487920105 0.36808360711853194 0.023403017400064386 0.3619281887612425 0.023403017400064386
0 0.5905918437225655 0.014483678286656455 0.6003698543802238 0.014483678286656455 0.6003698543802238 0.020717160080913666 0.5905918437225655 0.020717160080913666
0 0.7942033052878638 0.19359457955224232 0.799661489299733 0.19359457955224232 0.799661489299733 0.1981268216335266 0.7942033052878638 0.1981268216335266
0 0.9820994521092086 0.14879830434220437 0.9893715496898425 0.14879830434220437 0.9893715496898425 0.1521546570717278 0.9820994521092086 0.1521546570717278
0 0.9750336183540456 0.33509466708555086 0.9799485741834827 0.33509466708555086 0.9799485741834827 0.33913195223115994 0.9750336183540456 0.33913195223115994
