0 0.1851743102287373 0.18454932461080042 0.18838852197812714 0.18454932461080042 0.18838852197812714 0.1880313873393061 0.1851743102287373 0.1880313873393061
0 0.22410198586023655 0.18789746184974812 0.22624479369316317 0.18789746184974812 0.22624479369316317 0.19017419517223264 0.22410198586023655 0.19017419517223264
0 0.23660169821897484 0.20343281863846574 0.2398159099683647 0.20343281863846574 0.2398159099683647 0.20597740294006603 0.23660169821897484 0.20597740294006603
0 0.1853188570846109 0.22485321071272735 0.18983600064351644 0.22485321071272735 0.18983600064351644 0.22815420023654293 0.1853188570846109 0.22815420023654293
0 0.1917230682855007 0.28387185093868333 0.19767171500398392 0.28387185093868333 0.19767171500398392 0.28669442310612686 0.1917230682855007 0.28669442310612686
0 0.3681635594253006 0.29809366168336465 0.3730388042547523 0.29809366168336465 0.3730388042547523 0.3019651796361645 0.3681635594253006 0.3019651796361645
0 0.45670525918320576 0.29721009699055273 0.4627221792588732 0.29721009699055273 0.4627221792588732 0.3018595352308413 0.45670525918320576 0.3018595352308413
0 0.8230856124273465 0.2748721100850629 0.8278704140515623 0.2748721100850629 0.8278704140515623 0.2788594447719094 0.8230856124273465 0.2788594447719094
0 0.781118865153219 0.1882021972191523 0.784175821746468 0.1882021972191523 0.784175821746468 0.19039523129691782 0.781118865153219 0.19039523129691782
0 0.7973340262130612 0.18301866212625192 0.8014542720561358 0.18301866212625192 0.8014542720561358 0.1864078966100714 0.7973340262130612 0.1864078966100714
0 0.8364099061441563 0.19508034955396245 0.8426567304868827 0.19508034955396245 0.8426567304868827 0.19996483454534933 0.8364099061441563 0.19996483454534933
0 0.8139479207415881 0.20136040168574557 0.8192643669907168 0.20136040168574557 0.8192643669907168 0.20504868627107858 0.8139479207415881 0.20504868627107858
0 0.8229858793651067 0.20445058606805155 0.8272390363644094 0.20445058606805155 0.8272390363644094 0.20704235361450177 0.8229858793651067 0.20704235361450177
0 0.8192643669907168 0.2069426702473306 0.8236504351462478 0.2069426702473306 0.8236504351462478 0.20913570432509618 0.8192643669907168 0.20913570432509618
0 0.4944644347878721 0.3931934199849381 0.4983239617039858 0.3931934199849381 0.4983239617039858 0.39868733840124276 0.4944644347878721 0.39868733840124276
0 0.2643085373286386 0.7598307329220573 0.26907563129319917 0.7598307329220573 0.26907563129319917 0.7625363808478889 0.2643085373286386 0.7625363808478889
0 0.2964617084446973 0.8798187273106157 0.3040632907125101 0.8798187273106157 0.3040632907125101 0.8844569808977558 0.2964617084446973 0.8844569808977558
0 0.752946034227203 0.8836780465330303 0.7590841997213221 0.8836780465330303 0.7590841997213221 0.8877400678159032 0.752946034227203 0.8877400678159032
0 0.7695945881209226 0.7803231372118276 0.7755548931714252 0.7803231372118276 0.7755548931714252 0.7863132437875827 0.7695945881209226 0.7863132437875827
0 0.5802082345244127 0.8152461448495717 0.5833667037238716 0.8152461448495717 0.5833667037238716 0.8201366778035726 0.5802082345244127 0.8201366778035726
0 0.19751490451741993 0.7984770532583747 0.20266256038825292 0.7984770532583747 0.20266256038825292 0.802106150647312 0.19751490451741993 0.802106150647312
