0 0.020502559292539423 0.3946742663813839 0.05715865014889779 0.3946742663813839 0.05715865014889779 0.43428148319651694 0.020502559292539423 0.43428148319651694
0 0.06337154690421277 0.45711387877229936 0.09008700295206717 0.45711387877229936 0.09008700295206717 0.4794803070914333 0.06337154690421277 0.4794803070914333
0 0.0 0.5438416897656868 0.021689994589561164 0.5438416897656868 0.021689994589561164 0.5653478708417771 0.0 0.5653478708417771
0 0.06654049187645035 0.4010185897988306 0.09558302700484582 0.4010185897988306 0.09558302700484582 0.4379651060064729 0.06654049187645035 0.4379651060064729
0 0.07493328436302941 0.3846790633311306 0.0944356480387273 0.37568829475586685 0.12272261059844901 0.41020261101344013 0.10322024692275111 0.4191933795887039
0 0.15256521618081156 0.3546975844041746 0.18234300536309048 0.3546975844041746 0.18234300536309048 0.3894383384501666 0.15256521618081156 0.3894383384501666
0 0.22609062156915452 0.34492605802806375 0.2485158702125991 0.34492605802806375 0.2485158702125991 0.38021825261446845 0.22609062156915452 0.38021825261446845
0 0.3154239891159912 0.2991564931738203 0.34262838910967813 0.2991564931738203 0.34262838910967813 0.3206626742499106 0.3154239891159912 0.3206626742499106
0 0.3474075404599204 0.28730052155494995 0.3702004161303067 0.28730052155494995 0.3702004161303067 0.31349394722454715 0.3474075404599204 0.31349394722454715
0 0.39997820531258554 0.2702058648021603 0.4451963296264165 0.2702058648021603 0.4451963296264165 0.29474496885051976 0.39997820531258554 0.29474496885051976
0 0.4536517512460759 0.31900835262867283 0.4834295404283548 0.31900835262867283 0.4834295404283548 0.3680865607253918 0.4536517512460759 0.3680865607253918
0 0.42755023233321415 0.3642264769425038 0.462474799892677 0.3642264769425038 0.462474799892677 0.4050330769330341 0.42755023233321415 0.4050330769330341
0 0.5911442593222772 0.28840340263577513 0.6345242485013995 0.28840340263577513 0.6345242485013995 0.3261770796540363 0.5911442593222772 0.3261770796540363
0 0.6617286484950864 0.2941935283101072 0.6896683025426565 0.2941935283101072 0.6896683025426565 0.3311400445177495 0.6617286484950864 0.3311400445177495
0 0.29998365398443916 0.41551044720087305 0.3646860107261809 0.41551044720087305 0.3646860107261809 0.4612800120551165 0.29998365398443916 0.4612800120551165
0 0.32093839452011674 0.46762157826986106 0.38931702153127573 0.46762157826986106 0.38931702153127573 0.49353928366925254 0.32093839452011674 0.49353928366925254
0 0.33968737289414436 0.6010701890497034 0.37240617829195694 0.6010701890497034 0.37240617829195694 0.6272636147193006 0.33968737289414436 0.6272636147193006
0 0.42387396206379696 0.7011566471345855 0.44813734584195003 0.7011566471345855 0.44813734584195003 0.7185270241575815 0.42387396206379696 0.7185270241575815
0 0.2580741729130837 0.8582797811139691 0.2999836539844391 0.8582797811139691 0.2999836539844391 0.8888847311068669 0.2580741729130837 0.8888847311068669
0 0.0070693863416180875 0.6773211163162636 0.04654012674898574 0.6773211163162636 0.04654012674898574 0.715760904548812 0.0070693863416180875 0.715760904548812
0 0.30550331418635834 0.16914148384200584 0.3454515121726445 0.16914148384200584 0.3454515121726445 0.22249695375519635 0.30550331418635834 0.22249695375519635
0 0.42425343696751056 0.18432727143268315 0.45270968758787883 0.18432727143268315 0.45270968758787883 0.20977372631435862 0.42425343696751056 0.20977372631435862
0 0.504149832940083 0.15354526955968864 0.536436732682424 0.15354526955968864 0.536436732682424 0.2019756191732 0.504149832940083 0.2019756191732
0 0.6026522389336655 0.1818647112828436 0.6376753166202728 0.1818647112828436 0.6376753166202728 0.2261907939799557 0.6026522389336655 0.2261907939799557
0 0.9157257193166016 0.11332345377897576 0.979205047623577 0.11332345377897576 0.979205047623577 0.14000118873557102 0.9157257193166016 0.14000118873557102
0 0.9031393007729772 0.15231398948476885 0.9365206716930249 0.15231398948476885 0.9365206716930249 0.19048367180728204 0.9031393007729772 0.19048367180728204
0 0.8473212707099473 0.26641260976066855 0.9201036040274276 0.26641260976066855 0.9201036040274276 0.29103821125906415 0.8473212707099473 0.29103821125906415
0 0.897466365719307 0.2930446578309079 0.9193557892734366 0.2930446578309079 0.9193557892734366 0.32711007323702185 0.897466365719307 0.32711007323702185
0 0.9593039872597228 0.3180806860209434 0.9981577140683026 0.3180806860209434 0.9981577140683026 0.33901244729457974 0.9593039872597228 0.33901244729457974
0 0.7633936464502642 0.3640484754846153 0.7951333106037519 0.3640484754846153 0.7951333106037519 0.40960583825664715 0.7633936464502642 0.40960583825664715
0 0.20395449422925807 0.36022686530659376 0.22761664257935285 0.35826568308826845 0.23408185909892 0.4021431782143018 0.21041971074882523 0.4041043604326271
