0 0.6170042769286449 0.19449840342724148 0.6504001512361913 0.19449840342724148 0.6504001512361913 0.20908267765015728 0.6170042769286449 0.20908267765015728
0 0.49990735055914676 0.23951942385450342 0.5210439798677203 0.23951942385450342 0.5210439798677203 0.2572741924737053 0.49990735055914676 0.2572741924737053
0 0.5216520113355982 0.2983435226905174 0.5495523620229156 0.2983435226905174 0.5495523620229156 0.31990288458526256 0.5216520113355982 0.31990288458526256
0 0.37580926910643986 0.2469815134706834 0.40117322427672836 0.2469815134706834 0.40117322427672836 0.2621998865728564 0.37580926910643986 0.2621998865728564
0 0.37496380393409706 0.2672726777389139 0.42442351651615945 0.2672726777389139 0.42442351651615945 0.28249105070908714 0.37496380393409706 0.28249105070908714
0 0.31028571824986156 0.44735675931596186 0.35044531393615164 0.44735675931596186 0.35044531393615164 0.46574562681442105 0.31028571824986156 0.46574562681442105
0 0.32490531741839773 0.8005697814773378 0.3688539686605264 0.7882388659460131 0.3764080430400767 0.8033833336037737 0.332459391797948 0.8157142491350984
0 0.6070439937422359 0.8845940039751877 0.6433989961529826 0.8845940039751877 0.6433989961529826 0.9153477996191622 0.6070439937422359 0.9153477996191622
0 0.24646337792739273 0.31005771282838285 0.3018611096633664 0.31005771282838285 0.3018611096633664 0.3284294095775578 0.24646337792739273 0.3284294095775578
0 0.24495595665566552 0.3301252585082508 0.2811340671771177 0.3301252585082508 0.2811340671771177 0.3473663893036304 0.24495595665566552 0.3473663893036304
0 0.20425558231903193 0.36969506689108905 0.2434485353839384 0.36969506689108905 0.2434485353839384 0.39089317852475247 0.20425558231903193 0.39089317852475247
0 0.220460360990099 0.42311430820792073 0.2592764587370737 0.42311430820792073 0.2592764587370737 0.43441996774587466 0.220460360990099 0.43441996774587466
0 0.23591142902530252 0.47285921017491744 0.276988658679868 0.47285921017491744 0.276988658679868 0.5031018494389439 0.23591142902530252 0.5031018494389439
0 0.24759394388118813 0.5186471313036304 0.2735969608184819 0.5186471313036304 0.2735969608184819 0.5423890163333334 0.24759394388118813 0.5423890163333334
0 0.2268669013949395 0.5630218449900991 0.24570966729152913 0.5630218449900991 0.24570966729152913 0.5907207108580858 0.2268669013949395 0.5907207108580858
0 0.15827923353135315 0.5720663726204621 0.1978490419141914 0.5720663726204621 0.1978490419141914 0.5887422204389439 0.15827923353135315 0.5887422204389439
0 0.22422891341389586 0.6116361810503705 0.26153759064466453 0.6116361810503705 0.26153759064466453 0.6285946703573012 0.22422891341389586 0.6285946703573012
0 0.2212140716259626 0.6907757980513956 0.2581458927832783 0.6907757980513956 0.2581458927832783 0.7068863626105615 0.2212140716259626 0.7068863626105615
0 0.1865730269067795 0.8540043707037303 0.21927139244714292 0.8540043707037303 0.21927139244714292 0.8707382400072091 0.1865730269067795 0.8707382400072091
0 0.197344253202429 0.8776625997686974 0.22619575220863206 0.8776625997686974 0.22619575220863206 0.8926653792519229 0.197344253202429 0.8926653792519229
0 0.22042545240739142 0.9521065116497031 0.25581662452166726 0.9521065116497031 0.25581662452166726 0.9731681059242313 0.22042545240739142 0.9731681059242313
0 0.08616980999832739 0.9861512804770226 0.09732572331425836 0.9861512804770226 0.09732572331425836 1.0 0.08616980999832739 1.0
0 0.1761864858934862 0.960184931299367 0.19465144642856982 0.960184931299367 0.19465144642856982 0.9734566213707456 0.1761864858934862 0.9734566213707456
0 0.15926027451424088 0.962204536301874 0.176571173775144 0.962204536301874 0.176571173775144 0.9795154357055955 0.15926027451424088 0.9795154357055955
