0 0.0031064483776574885 0.6188045168293718 0.03851995988295286 0.6188045168293718 0.03851995988295286 0.6900975070966112 0.0031064483776574885 0.6900975070966112
0 0.006212896755314977 0.8079872230287128 0.08946571327653567 0.8079872230287128 0.08946571327653567 0.849924276127089 0.006212896755314977 0.849924276127089
0 0.08387410619675219 0.7203853787787716 0.12674309380842555 0.7203853787787716 0.12674309380842555 0.7469455124077432 0.08387410619675219 0.7469455124077432
0 0.1341985699148035 0.7278408548851497 0.18638690265944932 0.7278408548851497 0.18638690265944932 0.7921443363026597 0.1341985699148035 0.7921443363026597
0 0.12301535575523655 0.6891655725833139 0.19632753746795328 0.6891655725833139 0.19632753746795328 0.7157257062122853 0.12301535575523655 0.7157257062122853
0 0.20440062697959335 0.6267121741788881 0.2433690918354151 0.6267121741788881 0.2433690918354151 0.645736872823122 0.20440062697959335 0.645736872823122
0 0.1471209463841889 0.6243710255619969 0.1705097153553408 0.6178403952648578 0.18808200243155548 0.6532403805666545 0.16469323346040357 0.6597710108637935
0 0.16798866090716294 0.6266057688420607 0.21855307053628215 0.6009405003181918 0.23182101223932886 0.6156441521308978 0.18125660261020968 0.6413094206547667
0 0.23711943237740596 0.5693623579759807 0.31836500533152484 0.5693623579759807 0.31836500533152484 0.6156833633706367 0.23711943237740596 0.6156833633706367
0 0.2812346756104117 0.5114611012326605 0.33159957830142656 0.5114611012326605 0.33159957830142656 0.5522677012231908 0.2812346756104117 0.5522677012231908
0 0.33784923775943576 0.45659276746160965 0.3746119404536073 0.45659276746160965 0.3746119404536073 0.5007080106946155 0.33784923775943576 0.5007080106946155
0 0.3764500755883158 0.44032527151943873 0.41321277828248726 0.44032527151943873 0.41321277828248726 0.47975327015893765 0.3764500755883158 0.47975327015893765
0 0.3312319512744849 0.42047341206458616 0.3911551566659844 0.42047341206458616 0.3911551566659844 0.43922239043861355 0.3312319512744849 0.43922239043861355
0 0.38159685396549986 0.380769693154881 0.4091688809861284 0.380769693154881 0.4091688809861284 0.4188190904433484 0.38159685396549986 0.4188190904433484
0 0.41835955665967134 0.36670795937436035 0.4540193782730175 0.36670795937436035 0.4540193782730175 0.4130289647690164 0.41835955665967134 0.4130289647690164
0 0.4712978485392781 0.3898684620716884 0.5385735944696118 0.3898684620716884 0.5385735944696118 0.42819357963036214 0.4712978485392781 0.42819357963036214
0 0.4849000485361217 0.45190552286810276 0.565410367436357 0.45190552286810276 0.565410367436357 0.46679441745924216 0.4849000485361217 0.46679441745924216
0 0.1113829013687468 0.8930566187544389 0.1739897840569208 0.8930566187544389 0.1739897840569208 0.9142043634792612 0.1113829013687468 0.9142043634792612
0 0.8560364774513616 0.9257985368361642 0.9118461249592037 0.9257985368361642 0.9118461249592037 0.9795470325894555 0.8560364774513616 0.9795470325894555
0 0.6532265560576985 0.5170319901223678 0.7084020030256789 0.5170319901223678 0.7084020030256789 0.5327284534839483 0.6532265560576985 0.5327284534839483
0 0.45028238330190873 0.2744502836252127 0.49277381947265225 0.2744502836252127 0.49277381947265225 0.3153562184463016 0.45028238330190873 0.3153562184463016
0 0.77752986187062 0.058980650207151424 0.809874089403574 0.058980650207151424 0.809874089403574 0.08847097531072715 0.77752986187062 0.08847097531072715
0 0.7274280192215343 0.0009513008097927649 0.7654800516132448 0.0009513008097927649 0.7654800516132448 0.023782520244819125 0.7274280192215343 0.023782520244819125
0 0.7037678427569297 0.0674073473140486 0.7661904359826958 0.09660501188738985 0.7510881956861399 0.11476675776126578 0.6886656024603739 0.08556909318792454
0 0.6825996525064436 0.08606631897408869 0.7373316148234959 0.11099976847407832 0.7219325260718161 0.13001388720709822 0.6672005637547639 0.10508043770710858
