0 0.1250119659659982 0.6311668773574651 0.1315370211348086 0.6311668773574651 0.1315370211348086 0.6392416331288681 0.1250119659659982 0.6392416331288681
0 0.095265805464632 0.8821058956335573 0.1001595968412398 0.8821058956335573 0.1001595968412398 0.8904253409737906 0.095265805464632 0.8904253409737906
0 0.7317849371820877 0.9408313921528512 0.7435300364859462 0.9408313921528512 0.7435300364859462 0.9454804939606285 0.7317849371820877 0.9454804939606285
0 0.8603638193874571 0.8801483790829142 0.8655838635225055 0.8801483790829142 0.8655838635225055 0.8852868600283524 0.8603638193874571 0.8852868600283524
0 0.6629221925646924 0.8050569588094979 0.6686478831453949 0.8050569588094979 0.6686478831453949 0.8093619446627041 0.6629221925646924 0.8093619446627041
0 0.9426472160430416 0.7399175502668434 0.9512171722664952 0.7399175502668434 0.9512171722664952 0.7440377215281193 0.9426472160430416 0.7440377215281193
0 0.6593738622870309 0.6727645695072846 0.6646829482079214 0.6727645695072846 0.6646829482079214 0.677457422240929 0.6593738622870309 0.677457422240929
0 0.5457047853199798 0.5646389395523358 0.5499422804563953 0.5646389395523358 0.5499422804563953 0.5679029560763316 0.5457047853199798 0.5679029560763316
0 0.9231982474936893 0.5266765506905279 0.9286040115682522 0.5266765506905279 0.9286040115682522 0.5300551532371297 0.9231982474936893 0.5300551532371297
0 0.5900792499040499 0.3534203025506846 0.5962897287409997 0.3534203025506846 0.5962897287409997 0.3576731304499 0.5900792499040499 0.3576731304499
0 0.423803997517261 0.3309772896370268 0.42879672883575887 0.3309772896370268 0.42879672883575887 0.3346258240620829 0.423803997517261 0.3346258240620829
0 0.3349051760677692 0.2285892683117261 0.338720264093371 0.2285892683117261 0.338720264093371 0.2327511825214736 0.3349051760677692 0.2327511825214736
0 0.5455140452934361 0.25106475265702277 0.551287740832353 0.25106475265702277 0.551287740832353 0.25403179064229947 0.5455140452934361 0.25403179064229947
0 0.8337469155056195 0.2806125373208545 0.8393786412824368 0.2806125373208545 0.8393786412824368 0.2838262938782771 0.8337469155056195 0.2838262938782771
0 0.799789941224846 0.17983793755093327 0.8020862015102935 0.17983793755093327 0.8020862015102935 0.18557858826455215 0.799789941224846 0.18557858826455215
0 0.8547322328784149 0.15403909576463629 0.8597568775001218 0.15403909576463629 0.8597568775001218 0.15731907211491716 0.8547322328784149 0.15731907211491716
0 0.42459869458763927 0.09418186081383913 0.43090086132365246 0.09418186081383913 0.43090086132365246 0.09711236834608522 0.42459869458763927 0.09711236834608522
0 0.6947297045164492 0.07619147963638867 0.7022421417242947 0.07619147963638867 0.7022421417242947 0.08144164882141712 0.6947297045164492 0.08144164882141712
0 0.8231240858869014 0.06838025231232192 0.829782837048401 0.06838025231232192 0.829782837048401 0.0745267918460138 0.8231240858869014 0.0745267918460138
0 0.8938092905243579 0.08656376509949366 0.8996143556395112 0.08656376509949366 0.8996143556395112 0.09040535230805109 0.8938092905243579 0.09040535230805109
0 0.8921019184316656 0.09770436800431018 0.8948337137799731 0.09770436800431018 0.8948337137799731 0.10282648428238673 0.8921019184316656 0.10282648428238673
