0 0.42526937857432107 0.051160225993903276 0.47749544260976395 0.051160225993903276 0.47749544260976395 0.08713225989586652 0.42526937857432107 0.08713225989586652
0 0.6938605650423132 0.05755525424314119 0.7396916008285183 0.05755525424314119 0.7396916008285183 0.11511050848628238 0.6938605650423132 0.11511050848628238
0 0.7599425236177716 0.059953389836605406 0.7951151789885801 0.059953389836605406 0.7951151789885801 0.09592542373856863 0.7599425236177716 0.09592542373856863
0 0.7993785311547387 0.09832355933203286 0.8388145386917056 0.09832355933203286 0.8388145386917056 0.1302987005782224 0.7993785311547387 0.1302987005782224
0 0.5902003408103023 0.1133810887145894 0.6198333969745251 0.13749735250781214 0.5905802461543681 0.15771644204527455 0.5609471899901454 0.1336001782520518
0 0.5464383817623298 0.13098013166025937 0.5782972787639118 0.1433631814221351 0.5501105434284933 0.1841547515329566 0.5182516464269113 0.17177170177108086
0 0.5813946663108903 0.15036190813932138 0.6057486224876857 0.1656553589843605 0.5727357658050743 0.1952266075599373 0.548381809628279 0.17993315671489815
0 0.5462601887909184 0.18920201920822222 0.5826451924848073 0.18920201920822222 0.5826451924848073 0.2263147229759888 0.5462601887909184 0.2263147229759888
0 0.4884843824021003 0.27495480753003004 0.533593995322109 0.27495480753003004 0.533593995322109 0.3399829508303024 0.4884843824021003 0.3399829508303024
0 0.641388395027065 0.36370943554796936 0.7351226556400703 0.36370943554796936 0.7351226556400703 0.38787529961225975 0.641388395027065 0.38787529961225975
0 0.397784768476441 0.526815836601531 0.4739438552245077 0.526815836601531 0.4739438552245077 0.596237773368038 0.397784768476441 0.596237773368038
0 0.495498035087693 0.5798734276293375 0.5391469474741394 0.5961843358846196 0.4880136031844671 0.6731544280383936 0.44436469079802077 0.6568435197831115
0 0.21734631679640593 0.6296306037114211 0.29409124267330394 0.6296306037114211 0.29409124267330394 0.7131126795698789 0.21734631679640593 0.7131126795698789
0 0.38606798589981545 0.6274337069783038 0.4587120378748945 0.6274337069783038 0.4587120378748945 0.6595083992818165 0.38606798589981545 0.6595083992818165
0 0.4276437069230961 0.7672942968265797 0.4545240242961595 0.7824465776387806 0.4111576533505909 0.8257210706798139 0.3842773359775275 0.810568789867613
0 0.12298131248534443 0.24127517994717887 0.1779129653954649 0.24127517994717887 0.1779129653954649 0.2775546671303555 0.12298131248534443 0.2775546671303555
0 0.1074036795705341 0.3978445458900892 0.16889433581320626 0.3978445458900892 0.16889433581320626 0.44150291182238643 0.1074036795705341 0.44150291182238643
0 0.0 0.5946146458666403 0.08198754165689628 0.5946146458666403 0.08198754165689628 0.6757823121069675 0.0 0.6757823121069675
