0 0.26293705685200625 0.2929494530474313 0.28919010279831237 0.2929494530474313 0.28919010279831237 0.3342585936668778 0.26293705685200625 0.3342585936668778
0 0.38264252621793315 0.1424867184244385 0.3983913471833441 0.1424867184244385 0.3983913471833441 0.18841011033372027 0.38264252621793315 0.18841011033372027
0 0.43821153743681807 0.18977586179439723 0.46087447526565506 0.18977586179439723 0.46087447526565506 0.22255389616830837 0.43821153743681807 0.22255389616830837
0 0.5907900729243223 0.23097833265955717 0.6100029651459469 0.23097833265955717 0.6100029651459469 0.2701883167853214 0.5907900729243223 0.2701883167853214
0 0.6424601621999412 0.09177758497348937 0.6620589710987769 0.09177758497348937 0.6620589710987769 0.13409713693203726 0.6424601621999412 0.13409713693203726
0 0.7858786973496966 0.2956472811554238 0.8179997216880857 0.2956472811554238 0.8179997216880857 0.35196445768572265 0.7858786973496966 0.35196445768572265
0 0.26843232200710554 0.40919727777513254 0.2845534856917016 0.40919727777513254 0.2845534856917016 0.45982967401585856 0.26843232200710554 0.45982967401585856
0 0.39668513701309593 0.525747321951899 0.41853827029623947 0.525747321951899 0.41853827029623947 0.5634827870747041 0.39668513701309593 0.5634827870747041
0 0.5098915323815117 0.5477198712639121 0.5224302154128236 0.5477198712639121 0.5224302154128236 0.5754243899616679 0.5098915323815117 0.5754243899616679
0 0.24898242019319303 0.8581337577028713 0.26331234365754946 0.8581337577028713 0.26331234365754946 0.88488294816967 0.24898242019319303 0.88488294816967
0 0.3288717435069802 0.9732508095332012 0.3557403500026485 0.9732508095332012 0.3557403500026485 0.995701022960693 0.3288717435069802 0.995701022960693
0 0.47217097815054454 0.9364706726413529 0.4940241114336881 0.9364706726413529 0.4940241114336881 0.9684741683784157 0.47217097815054454 0.9684741683784157
0 0.38081771606527226 0.8590890859338284 0.409835811080594 0.8590890859338284 0.409835811080594 0.8872712687470625 0.38081771606527226 0.8872712687470625
0 0.6154702127941089 0.8452368265849505 0.6412640750299504 0.8452368265849505 0.6412640750299504 0.8662540476660063 0.6154702127941089 0.8662540476660063
0 0.4685884972844554 0.8495358036242573 0.4836349169220296 0.8495358036242573 0.4836349169220296 0.8834499558232342 0.4685884972844554 0.8834499558232342
0 0.425956974977995 0.8175323078871947 0.44637711591470297 0.8175323078871947 0.44637711591470297 0.8390271930837293 0.425956974977995 0.8390271930837293
0 0.45963229511923265 0.8084566896931021 0.47646995518985147 0.8084566896931021 0.47646995518985147 0.8347282160444224 0.45963229511923265 0.8347282160444224
0 0.4245239826315593 0.7759755298405611 0.4356296733164356 0.7759755298405611 0.4356296733164356 0.7969927509216169 0.4245239826315593 0.7969927509216169
0 0.43439659541540865 0.7555876904433557 0.4468690864571604 0.7515758433310928 0.45185508758286286 0.7791332707357196 0.4393825965411111 0.7831451178479826
0 0.44779442918448636 0.7266086148197886 0.4623639096427621 0.7266086148197886 0.4623639096427621 0.7586421745028847 0.44779442918448636 0.7586421745028847
0 0.46728472754588823 0.7507945956246965 0.48320502076188493 0.7507945956246965 0.48320502076188493 0.7771676066087717 0.46728472754588823 0.7771676066087717
0 0.49103663660167984 0.6473240793733578 0.5051350325583648 0.6473240793733578 0.5051350325583648 0.6906679082649845 0.49103663660167984 0.6906679082649845
0 0.5071157989324445 0.6634809188168316 0.5167865994647161 0.6634809188168316 0.5167865994647161 0.686473344178698 0.5071157989324445 0.686473344178698
0 0.4769382406449949 0.6150104004864104 0.5037368445296027 0.6150104004864104 0.5037368445296027 0.6425080983853994 0.4769382406449949 0.6425080983853994
0 0.5031146590162463 0.5925210157443148 0.5250196048001867 0.5925210157443148 0.5250196048001867 0.613338481950329 0.5031146590162463 0.613338481950329
0 0.5329426702965054 0.6444093270339324 0.5465750035769364 0.6444093270339324 0.5465750035769364 0.6698874200024871 0.5329426702965054 0.6698874200024871
0 0.5592752115048593 0.6467396404152026 0.5733736074615443 0.6467396404152026 0.5733736074615443 0.6647607305636926 0.5592752115048593 0.6647607305636926
0 0.5942299122585193 0.6263882370277379 0.604366775406484 0.6263882370277379 0.604366775406484 0.6531091636702773 0.5942299122585193 0.6531091636702773
0 0.5828113766556888 0.5887925143342825 0.5952785532454846 0.5887925143342825 0.5952785532454846 0.6203294220941397 0.5828113766556888 0.6203294220941397
0 0.5561292884401445 0.6826264664867644 0.5670817613321146 0.6826264664867644 0.5670817613321146 0.7084152679061552 0.5561292884401445 0.7084152679061552
0 0.6161348580078534 0.6720623791583397 0.6276699091932318 0.6720623791583397 0.6276699091932318 0.6980065348031483 0.6161348580078534 0.6980065348031483
0 0.6545850287988125 0.678742610851314 0.6756743648993083 0.678742610851314 0.6756743648993083 0.7059296002994667 0.6545850287988125 0.7059296002994667
0 0.678587256625896 0.7035992869181967 0.6997931083954553 0.7035992869181967 0.6997931083954553 0.7219310855175226 0.678587256625896 0.7219310855175226
0 0.7249604929131741 0.6372630326647045 0.7402240454393726 0.6372630326647045 0.7402240454393726 0.6737712756379385 0.7249604929131741 0.6737712756379385
0 0.7608473189847357 0.6273203622379506 0.7775090596608181 0.6273203622379506 0.7775090596608181 0.666935689719545 0.7608473189847357 0.666935689719545
0 0.7867137975168355 0.6366416157630316 0.8239988116171594 0.6366416157630316 0.8239988116171594 0.6852674883188707 0.7867137975168355 0.6852674883188707
0 0.7827522647686762 0.6106974601182229 0.8067544925957596 0.6106974601182229 0.8067544925957596 0.6260775284346065 0.7827522647686762 0.6260775284346065
0 0.739524951546113 0.5870836178546843 0.7528077378193534 0.5870836178546843 0.7528077378193534 0.6248346946312623 0.739524951546113 0.6248346946312623
0 0.7052693448414403 0.6069689587081905 0.7335826524238739 0.6069689587081905 0.7335826524238739 0.6270096537871146 0.7052693448414403 0.6270096537871146
0 0.6805680229999758 0.583665824895488 0.706784048539266 0.583665824895488 0.706784048539266 0.6015315608185597 0.6805680229999758 0.6015315608185597
0 0.6755578492302446 0.6057261249048462 0.6967637009998041 0.6057261249048462 0.6967637009998041 0.6305828009717289 0.6755578492302446 0.6305828009717289
0 0.6463124162953029 0.6071243129336084 0.6686834247554975 0.6071243129336084 0.6686834247554975 0.631825634775073 0.6463124162953029 0.631825634775073
0 0.5536975637071088 0.6215488110426323 0.5720960947199673 0.6215488110426323 0.5720960947199673 0.6491633639653928 0.5536975637071088 0.6491633639653928
0 0.5295164270226711 0.6296976775253241 0.5425300508034562 0.6173195399231345 0.5489598819511505 0.6293372018463651 0.5359462581703655 0.6417153394485547
0 0.5289767172116349 0.60190613361497 0.5397584595466846 0.60852254391151 0.5305283618075638 0.6352618598689372 0.5197466194725141 0.6286454495723973
0 0.645319546588507 0.5444942759384068 0.6641872516522169 0.5444942759384068 0.6641872516522169 0.5636514437018391 0.645319546588507 0.5636514437018391
0 0.8284140722299295 0.5319162746000978 0.8550564255300837 0.5319162746000978 0.8550564255300837 0.560422496238123 0.8284140722299295 0.560422496238123
0 0.8523908466339488 0.6984024301316157 0.8801844130973643 0.6984024301316157 0.8801844130973643 0.7163832776263699 0.8523908466339488 0.7163832776263699
0 0.6036871914759617 0.8124987329015113 0.627385741005856 0.8124987329015113 0.627385741005856 0.8350147200796146 0.6036871914759617 0.8350147200796146
0 0.9682441580757303 0.7214912875518605 0.9865441347778517 0.7214912875518605 0.9865441347778517 0.7527088948672443 0.9682441580757303 0.7527088948672443
0 0.8872398494383985 0.6741266419698994 0.9082309991849496 0.6741266419698994 0.9082309991849496 0.6976295532245849 0.8872398494383985 0.6976295532245849
0 0.8733803082595858 0.6574413690944357 0.8879126426995059 0.6574413690944357 0.8879126426995059 0.6807648688128257 0.8733803082595858 0.6807648688128257
0 0.8569641526885651 0.6504443191789185 0.8719001630851495 0.6504443191789185 0.8719001630851495 0.6721531150706509 0.8569641526885651 0.6721531150706509
0 0.8531965104263637 0.628017877142005 0.8663832583440689 0.628017877142005 0.8663832583440689 0.6509825537878046 0.8531965104263637 0.6509825537878046
0 0.5120358302854809 0.8559423979256721 0.5310541985203944 0.8559423979256721 0.5310541985203944 0.8760877805745061 0.5120358302854809 0.8760877805745061
0 0.5296407077988541 0.8338386036264218 0.5336552992966481 0.8507886311200458 0.5052110751868276 0.862765478585006 0.5011964836890336 0.845815451091382
0 0.4855379426751732 0.826850126891999 0.5110142613597054 0.8111240058150408 0.5194323614656066 0.8353681365370534 0.49395604278107436 0.8510942576140116
0 0.5840992562734098 0.7213291284093731 0.5935677283102786 0.7090306352598669 0.6162048127398861 0.7400138131988051 0.6067363407030173 0.7523123063483114
0 0.6080599573003124 0.7513407005288019 0.5958872674692028 0.7703676350257523 0.5878355768942709 0.7612100220989783 0.6000082667253804 0.7421830876020277
