0 0.2970996876656512 0.8466199661690781 0.302317684375476 0.8466199661690781 0.302317684375476 0.863795872005585 0.2970996876656512 0.863795872005585
0 0.209483521409289 0.9488103963179944 0.2197835065545035 0.9488103963179944 0.2197835065545035 0.9673907616779892 0.209483521409289 0.9673907616779892
0 0.1734335734010382 0.7230185650954492 0.1793409178225583 0.7230185650954492 0.1793409178225583 0.7361459971432714 0.1734335734010382 0.7361459971432714
0 0.30551573585143593 0.7460420613023993 0.31066572842404316 0.7460420613023993 0.31066572842404316 0.760785177294569 0.30551573585143593 0.760785177294569
0 0.31923127258368506 0.5795020744424058 0.3266053635982705 0.5795020744424058 0.3266053635982705 0.5917129348321493 0.31923127258368506 0.5917129348321493
0 0.33243327423882996 0.5942502564715765 0.33778543707199676 0.5942502564715765 0.33778543707199676 0.6112185949352461 0.33243327423882996 0.6112185949352461
0 0.3475382671235452 0.6505470803463682 0.3532472408122565 0.6505470803463682 0.3532472408122565 0.6645023493632181 0.3475382671235452 0.6645023493632181
0 0.37536951385601264 0.6193063076609204 0.3809595505928758 0.6193063076609204 0.3809595505928758 0.6348474027024122 0.37536951385601264 0.6348474027024122
0 0.37418014433753116 0.5894927783976505 0.3781050637485202 0.5894927783976505 0.3781050637485202 0.6031308822095719 0.37418014433753116 0.6031308822095719
0 0.3613349535379308 0.5844181351187959 0.36870904455251624 0.5844181351187959 0.36870904455251624 0.5947260042789692 0.3613349535379308 0.5947260042789692
0 0.31715024980948486 0.5560330378615153 0.3244104811413898 0.5560330378615153 0.3244104811413898 0.5667655537434618 0.31715024980948486 0.5667655537434618
0 0.37554776269654666 0.534357564609741 0.380124865057965 0.534357564609741 0.380124865057965 0.5480362613220257 0.37554776269654666 0.5480362613220257
0 0.3990645989672824 0.5021600169639014 0.40395736356052264 0.5021600169639014 0.40395736356052264 0.5187848945065245 0.3990645989672824 0.5187848945065245
0 0.4282637897039207 0.4497535053358394 0.4336790947006336 0.4497535053358394 0.4336790947006336 0.46539771977078753 0.4282637897039207 0.46539771977078753
0 0.4551710864063376 0.4309503629861419 0.4612633045276395 0.4309503629861419 0.4612633045276395 0.44651936485169136 0.4551710864063376 0.44651936485169136
0 0.4316483553268662 0.4316272761107311 0.437063660323579 0.4316272761107311 0.437063660323579 0.4424578861041568 0.4316483553268662 0.4424578861041568
0 0.43913273582156703 0.3805854254346365 0.4482882193085557 0.3805854254346365 0.4482882193085557 0.3858829378925168 0.43913273582156703 0.3858829378925168
0 0.4847799715531945 0.42034609720136834 0.4947991798974463 0.42034609720136834 0.4947991798974463 0.4336282661175028 0.4847799715531945 0.4336282661175028
0 0.47263024189436037 0.3955475968550594 0.4807492555526334 0.3955475968550594 0.4807492555526334 0.40506776417067036 0.47263024189436037 0.40506776417067036
0 0.46698723949357496 0.40023090496999697 0.4730908951515674 0.40023090496999697 0.4730908951515674 0.4085994391425905 0.46698723949357496 0.4085994391425905
0 0.4599622773211685 0.40875299022832606 0.4681964542937433 0.40875299022832606 0.4681964542937433 0.4150485847434881 0.4599622773211685 0.4150485847434881
0 0.45673770452071966 0.39969347616992207 0.4657780246934066 0.39969347616992207 0.4657780246934066 0.4072174793709695 0.45673770452071966 0.4072174793709695
0 0.46157456372139294 0.37965505948141853 0.4675054744079327 0.37965505948141853 0.4675054744079327 0.38856102245408675 0.46157456372139294 0.38856102245408675
0 0.4606532572069789 0.358695336278501 0.4664114229220662 0.358695336278501 0.4664114229220662 0.3659890128509449 0.4606532572069789 0.3659890128509449
0 0.4814402354384439 0.3799621616528899 0.48604676801051366 0.3799621616528899 0.48604676801051366 0.3884074713683512 0.4814402354384439 0.3884074713683512
0 0.4753941614376023 0.37335946496625644 0.47930971412386153 0.37335946496625644 0.47930971412386153 0.3809602437101716 0.4753941614376023 0.3809602437101716
0 0.4760851413234127 0.3816512235959821 0.4795400407524651 0.3816512235959821 0.4795400407524651 0.3890216757112938 0.4760851413234127 0.3890216757112938
0 0.5000391106981757 0.37581628233802705 0.5072943994991856 0.37581628233802705 0.5072943994991856 0.38502934748216666 0.5000391106981757 0.38502934748216666
0 0.5004997640024138 0.36729419707969796 0.5049911332131507 0.36729419707969796 0.5049911332131507 0.37489497582361314 0.5004997640024138 0.37489497582361314
0 0.5104038089853328 0.36967423890860057 0.5154134131574586 0.36967423890860057 0.5154134131574586 0.37788922199545844 0.5104038089853328 0.37788922199545844
0 0.4666417495506698 0.36368574656490993 0.4745304365803393 0.36368574656490993 0.4745304365803393 0.36890648347992244 0.4666417495506698 0.36890648347992244
0 0.4683691992651958 0.3694439122799971 0.4763154679520163 0.3694439122799971 0.4763154679520163 0.37589305788089483 0.4683691992651958 0.37589305788089483
0 0.4448758831476399 0.3382730418756583 0.451152283777085 0.3382730418756583 0.451152283777085 0.34564349399097 0.4448758831476399 0.34564349399097
0 0.45673770452071966 0.31692944095840153 0.4610563288070351 0.31692944095840153 0.4610563288070351 0.3261425061025411 0.45673770452071966 0.3261425061025411
0 0.4722847519514552 0.30955898884308986 0.47706402949497756 0.30955898884308986 0.47706402949497756 0.3172365431298728 0.4722847519514552 0.3172365431298728
0 0.49554774144040764 0.316699114329798 0.49934813081236523 0.316699114329798 0.49934813081236523 0.32468377078805233 0.49554774144040764 0.32468377078805233
0 0.4971024461834812 0.3445686363908203 0.5011907438411931 0.3445686363908203 0.5011907438411931 0.35117133307745374 0.4971024461834812 0.35117133307745374
0 0.48604676801051366 0.34687190267685525 0.4915170254398466 0.34687190267685525 0.4915170254398466 0.3562385189067305 0.48604676801051366 0.3562385189067305
0 0.4858740230390611 0.35631529444959825 0.49197767869705356 0.35631529444959825 0.49197767869705356 0.3656819106794735 0.4858740230390611 0.3656819106794735
0 0.4918049337256009 0.3486377401628153 0.4966417929262742 0.3486377401628153 0.4966417929262742 0.35539398793518434 0.4918049337256009 0.35539398793518434
0 0.5092521758423153 0.3400388793616183 0.5139162900715359 0.3400388793616183 0.5139162900715359 0.3475628825626656 0.5092521758423153 0.3475628825626656
0 0.5159892297289673 0.3359697755896234 0.519328965843718 0.3359697755896234 0.519328965843718 0.3432634521620672 0.5159892297289673 0.3432634521620672
0 0.5155861581716666 0.35025002651189624 0.5202502724008874 0.35025002651189624 0.5202502724008874 0.3603076226275819 0.5155861581716666 0.3603076226275819
0 0.5194441291580196 0.3441079831336132 0.5239354984157877 0.3441079831336132 0.5239354984157877 0.35209263959186754 0.5194441291580196 0.35209263959186754
0 0.5266418363018788 0.35025002656303966 0.5302694807023838 0.35025002656303966 0.5302694807023838 0.3581579074784261 0.5266418363018788 0.3581579074784261
0 0.5353942481888114 0.36130570473600726 0.5395977091608251 0.36130570473600726 0.5395977091608251 0.3712097497659572 0.5353942481888114 0.3712097497659572
0 0.5368913712747341 0.3443383097622168 0.5417858121325582 0.3443383097622168 0.5417858121325582 0.34917516896289014 0.5368913712747341 0.34917516896289014
0 0.5423040470469161 0.33520202016094497 0.5484652843620594 0.33520202016094497 0.5484652843620594 0.34579704507670556 0.5423040470469161 0.34579704507670556
0 0.5241658250443912 0.3309025897603466 0.5297512457880258 0.3309025897603466 0.5297512457880258 0.3386569195899975 0.5241658250443912 0.3386569195899975
0 0.5426495369898213 0.31485650130097015 0.5488683559621155 0.31485650130097015 0.5488683559621155 0.32261083113062095 0.5426495369898213 0.32261083113062095
0 0.54322535356133 0.3279083435885013 0.5510564589338487 0.3279083435885013 0.5510564589338487 0.33435748918939895 0.54322535356133 0.33435748918939895
0 0.40579539223282013 0.2269336325989081 0.41525108153686663 0.2269336325989081 0.41525108153686663 0.23915527183543075 0.40579539223282013 0.23915527183543075
0 0.46159201663835003 0.17419052132896487 0.4671882409203367 0.17419052132896487 0.4671882409203367 0.18705540473583082 0.46159201663835003 0.18705540473583082
0 0.498642880850124 0.2153581482309359 0.5024058592466323 0.2153581482309359 0.5024058592466323 0.22590735262456596 0.498642880850124 0.22590735262456596
0 0.517361286207114 0.18885648841279204 0.5232469703657551 0.18885648841279204 0.5232469703657551 0.19734731146132356 0.517361286207114 0.19734731146132356
0 0.5244048098723729 0.20313650899441327 0.5305799539076688 0.20313650899441327 0.5305799539076688 0.213814362222112 0.5244048098723729 0.213814362222112
0 0.5174577728326654 0.24507602890079624 0.5224750773613431 0.24507602890079624 0.5224750773613431 0.25330955428119045 0.5174577728326654 0.25330955428119045
0 0.5367550979429644 0.2828987861169821 0.5531578242867183 0.2828987861169821 0.5531578242867183 0.29344799051061227 0.5367550979429644 0.29344799051061227
0 0.562396600934306 0.28051668201095403 0.5681604686007934 0.28051668201095403 0.5681604686007934 0.2964847302129264 0.562396600934306 0.2964847302129264
0 0.5640905156268945 0.333706590231593 0.5682533089415798 0.333706590231593 0.5682533089415798 0.34250182533749224 0.5640905156268945 0.34250182533749224
0 0.5658837189009127 0.3544565138309474 0.573120574971058 0.3544565138309474 0.573120574971058 0.3648741709466727 0.5658837189009127 0.3648741709466727
0 0.5888751465927899 0.34147713775233896 0.5988018075739626 0.34147713775233896 0.5988018075739626 0.3546272950951397 0.5888751465927899 0.3546272950951397
0 0.6137238205327575 0.3600922955492906 0.6196798171214611 0.3600922955492906 0.6196798171214611 0.37409635921305234 0.6137238205327575 0.37409635921305234
0 0.6238426104361464 0.3625686238800778 0.6285817905174804 0.3625686238800778 0.6285817905174804 0.37153464025016913 0.6238426104361464 0.37153464025016913
0 0.5304986463818513 0.3904567634492417 0.5373258793376029 0.3904567634492417 0.5373258793376029 0.3999019579143417 0.5304986463818513 0.3999019579143417
0 0.5200781329230725 0.40092860948663506 0.5289073364447964 0.40092860948663506 0.5289073364447964 0.413043098039698 0.5200781329230725 0.413043098039698
0 0.5311659699038421 0.40715696235854876 0.5384551960671257 0.40715696235854876 0.5384551960671257 0.41879234684454153 0.5311659699038421 0.41879234684454153
0 0.5662795372502804 0.43313846937330003 0.5780426472111014 0.43313846937330003 0.5780426472111014 0.44048698561922084 0.5662795372502804 0.44048698561922084
0 0.5241752471937092 0.5626601522496862 0.5319525886989911 0.5626601522496862 0.5319525886989911 0.5714481087528297 0.5241752471937092 0.5714481087528297
0 0.5875236673926287 0.366472639241262 0.5940663111657507 0.366472639241262 0.5940663111657507 0.3758030181872793 0.5875236673926287 0.3758030181872793
0 0.6521021018839107 0.414800360473684 0.6593848541474026 0.414800360473684 0.6593848541474026 0.42415105473792053 0.6521021018839107 0.42415105473792053
0 0.6776187079626637 0.3991199654767337 0.6843080507824637 0.3991199654767337 0.6843080507824637 0.40832680290613577 0.6776187079626637 0.40832680290613577
0 0.6884079705752442 0.40178131692117014 0.6938026018815346 0.40178131692117014 0.6938026018815346 0.4081829460713012 0.6884079705752442 0.4081829460713012
0 0.6921302661765846 0.4090460870803077 0.6988735553094475 0.4090460870803077 0.6988735553094475 0.42077041911931184 0.6921302661765846 0.42077041911931184
0 0.6980643606135036 0.4027883147650109 0.7051313276247441 0.4027883147650109 0.7051313276247441 0.41429686155176354 0.6980643606135036 0.41429686155176354
0 0.6966087405812627 0.4286933678065335 0.7017336403222384 0.4286933678065335 0.7017336403222384 0.43991420092361727 0.6966087405812627 0.43991420092361727
0 0.7112821377343721 0.42775829838011 0.7160294132839077 0.42775829838011 0.7160294132839077 0.4367493505572604 0.7112821377343721 0.4367493505572604
0 0.7195898699460591 0.4242338059266669 0.725901588574419 0.4242338059266669 0.725901588574419 0.4342318559476583 0.7195898699460591 0.4342318559476583
0 0.7102835934718107 0.3400355531626682 0.7153840238322378 0.3400355531626682 0.7153840238322378 0.3478735026700275 0.7102835934718107 0.3478735026700275
0 0.7618869446668219 0.43717012664360944 0.771477571702388 0.43717012664360944 0.771477571702388 0.44528917598588746 0.7618869446668219 0.44528917598588746
0 0.7399655114426713 0.4599034648019879 0.7484905132520632 0.4599034648019879 0.7484905132520632 0.4722850150489619 0.7399655114426713 0.4722850150489619
0 0.7903894535498902 0.5985769127594475 0.7970876691781444 0.5985769127594475 0.7970876691781444 0.6202953697500411 0.7903894535498902 0.6202953697500411
0 0.5804399627870606 0.7069053579483672 0.5909222745023252 0.7069053579483672 0.5909222745023252 0.7148743668547087 0.5804399627870606 0.7148743668547087
0 0.5605787405897171 0.7351033894631142 0.5732678547713532 0.7351033894631142 0.5732678547713532 0.7431949985064762 0.5605787405897171 0.7431949985064762
0 0.6061859915613946 0.7500606061796319 0.6120707981383853 0.7500606061796319 0.6120707981383853 0.7621980197446753 0.6061859915613946 0.7621980197446753
0 0.7637813524909725 0.9196015451727902 0.7746423988778656 0.9196015451727902 0.7746423988778656 0.9301497219106784 0.7637813524909725 0.9301497219106784
0 0.8128619946104381 0.781425342637973 0.8222325595497958 0.781425342637973 0.8222325595497958 0.7936386632330907 0.8128619946104381 0.7936386632330907
0 0.8113150218465482 0.7369251874040218 0.825782836460096 0.7369251874040218 0.825782836460096 0.7508142894330277 0.8113150218465482 0.7508142894330277
0 0.8127552107194523 0.6630433947572576 0.8224315100531953 0.6630433947572576 0.8224315100531953 0.6763547060100258 0.8127552107194523 0.6763547060100258
0 0.8979420849556827 0.662632765432899 0.9070131482890189 0.662632765432899 0.9070131482890189 0.6844331810158959 0.8979420849556827 0.6844331810158959
0 0.9076662755146802 0.5229113381620252 0.9194250613171528 0.5229113381620252 0.9194250613171528 0.5415760775310294 0.9076662755146802 0.5415760775310294
0 0.9245765293829981 0.5184318007134642 0.9309598702471975 0.5184318007134642 0.9309598702471975 0.5293320085049626 0.9245765293829981 0.5293320085049626
0 0.961917103185224 0.535345015638641 0.9694075115854657 0.535345015638641 0.9694075115854657 0.5422064584480227 0.961917103185224 0.5422064584480227
0 0.9698077624160129 0.5253578044383188 0.9768407412956291 0.5253578044383188 0.9768407412956291 0.5354974921455161 0.9698077624160129 0.5354974921455161
0 0.7496732961512643 0.3949253306631076 0.7555003329071837 0.3949253306631076 0.7555003329071837 0.40348038088153587 0.7496732961512643 0.40348038088153587
0 0.429063683747496 0.4220174698139209 0.4374114196004116 0.4220174698139209 0.4374114196004116 0.4310692315821427 0.429063683747496 0.4310692315821427
