0 0.5730008011274431 0.12480764205673298 0.5781215952172354 0.12480764205673298 0.5781215952172354 0.1286482376240772 0.5730008011274431 0.1286482376240772
0 0.6819030221036928 0.08153693199798802 0.6859996573755267 0.08153693199798802 0.6859996573755267 0.08614564667880109 0.6819030221036928 0.08614564667880109
0 0.6948757004645 0.06924702618248649 0.6989723357363338 0.06924702618248649 0.6989723357363338 0.07283158204534108 0.6948757004645 0.07283158204534108
0 0.7645185000856752 0.07308762174983072 0.7699806804481203 0.07308762174983072 0.7699806804481203 0.07718425702166457 0.7645185000856752 0.07718425702166457
0 0.8215300076186963 0.0659185100241215 0.825968029163183 0.0659185100241215 0.825968029163183 0.07001514529595533 0.8215300076186963 0.07001514529595533
0 0.8484995231582689 0.07155138352289302 0.8532789309754084 0.07155138352289302 0.8532789309754084 0.07513593938574763 0.8484995231582689 0.07513593938574763
0 0.8539617035207141 0.08537752756533225 0.860106656428465 0.08537752756533225 0.860106656428465 0.08921812313267648 0.8539617035207141 0.08921812313267648
0 0.893066489259778 0.1715466020080422 0.8985286696222231 0.1715466020080422 0.8985286696222231 0.17615531668885528 0.893066489259778 0.17615531668885528
0 0.7193008764794925 0.3069916056830487 0.7227147392060206 0.3069916056830487 0.7227147392060206 0.31313655859079936 0.7193008764794925 0.31313655859079936
0 0.869852222719386 0.4437168078805031 0.8766799481724425 0.4437168078805031 0.8766799481724425 0.4473013637433577 0.869852222719386 0.4473013637433577
0 0.6598996650379014 0.45267819753763966 0.6677515493089161 0.45267819753763966 0.6677515493089161 0.4557506739915147 0.6598996650379014 0.4557506739915147
0 0.9169635283454753 0.6349784671342457 0.9220843224352677 0.6349784671342457 0.9220843224352677 0.640099261224038 0.9169635283454753 0.640099261224038
0 0.8585864757218432 0.8193270543667688 0.8630244972663297 0.8193270543667688 0.8630244972663297 0.822399530820644 0.8585864757218432 0.822399530820644
0 0.94051918115852 0.948792059102077 0.9459813615209649 0.948792059102077 0.9459813615209649 0.9523766149649318 0.94051918115852 0.9523766149649318
0 0.13863097202954835 0.9410079184561598 0.14445831718411625 0.9410079184561598 0.14445831718411625 0.94412971050325 0.13863097202954835 0.94412971050325
0 0.1316478215007214 0.6570659611614421 0.1371678842377049 0.6570659611614421 0.1371678842377049 0.6631670831338975 0.1316478215007214 0.6631670831338975
0 0.14762695047619995 0.712411853340145 0.1545996613018633 0.712411853340145 0.1545996613018633 0.7154624143263728 0.14762695047619995 0.7154624143263728
0 0.246953867846915 0.571721974794365 0.25037404193364493 0.571721974794365 0.25037404193364493 0.5761526548612652 0.246953867846915 0.5761526548612652
0 0.3348661355825558 0.33533252295801896 0.3407737090050893 0.33533252295801896 0.3407737090050893 0.3378976535230664 0.3348661355825558 0.3378976535230664
0 0.48638217135512 0.3428729349557093 0.49027653869196147 0.3428729349557093 0.49027653869196147 0.34646773557433214 0.48638217135512 0.34646773557433214
0 0.510946642249043 0.3035548031895216 0.5151405763041031 0.3035548031895216 0.5151405763041031 0.3093963541947838 0.510946642249043 0.3093963541947838
