0 0.08427959255206367 0.8418646593045919 0.0891687401862994 0.8418646593045919 0.0891687401862994 0.8474522566008612 0.08427959255206367 0.8474522566008612
0 0.07147468208144626 0.8666984250657892 0.07450129728359219 0.8666984250657892 0.07450129728359219 0.8741485547941483 0.07147468208144626 0.8741485547941483
0 0.06472300201512073 0.877563197586313 0.07031059931139014 0.877563197586313 0.07031059931139014 0.8809778403784776 0.06472300201512073 0.8809778403784776
0 0.08637494153816473 0.8716651782180286 0.08940155674031065 0.8716651782180286 0.08940155674031065 0.877252775514298 0.08637494153816473 0.877252775514298
0 0.20622652035750108 0.6845042948028818 0.21142320986253102 0.6845042948028818 0.21142320986253102 0.690703854212391 0.20622652035750108 0.690703854212391
0 0.23056890803895683 0.6002632228266082 0.23521857759608877 0.6002632228266082 0.23521857759608877 0.6060981022708521 0.23056890803895683 0.6060981022708521
0 0.20356161745674733 0.2615233536346367 0.20901002065746896 0.2615233536346367 0.20901002065746896 0.26523290475002154 0.20356161745674733 0.26523290475002154
0 0.17516036672958157 0.30000994645675516 0.1789858413173223 0.30000994645675516 0.1789858413173223 0.3035649329423324 0.17516036672958157 0.3035649329423324
0 0.19278073452765995 0.2904269394086774 0.1966062091154008 0.2904269394086774 0.1966062091154008 0.2961458307115625 0.19278073452765995 0.2961458307115625
0 0.1981132142560259 0.28764477607213884 0.2014749949543434 0.28764477607213884 0.2014749949543434 0.29305453811540855 0.1981132142560259 0.29305453811540855
0 0.2006635306478529 0.2924362795961777 0.20332977051203577 0.2924362795961777 0.20332977051203577 0.2973823477500242 0.2006635306478529 0.2973823477500242
0 0.2478443838966548 0.28640825903367717 0.25085839417790506 0.28640825903367717 0.25085839417790506 0.291199762557716 0.2478443838966548 0.291199762557716
0 0.7333014926177828 0.3331149955344613 0.7383471450899235 0.3331149955344613 0.7383471450899235 0.3406579911493787 0.7333014926177828 0.3406579911493787
0 0.8378841074948812 0.3691990556382552 0.8418594700486889 0.3691990556382552 0.8418594700486889 0.37653818650682364 0.8378841074948812 0.37653818650682364
0 0.7327805321111066 0.5127016804910158 0.7375304353834828 0.5127016804910158 0.7375304353834828 0.5193227577797824 0.7327805321111066 0.5193227577797824
0 0.7993006532999531 0.9357850994908802 0.8058359945818226 0.9357850994908802 0.8058359945818226 0.9467720500517044 0.7993006532999531 0.9467720500517044
0 0.7859458254630894 0.8543301211951152 0.790208004559961 0.8543301211951152 0.790208004559961 0.8607707473859433 0.7859458254630894 0.8607707473859433
0 0.8731784243123911 0.8247790127901401 0.8814186372330092 0.8247790127901401 0.8814186372330092 0.8331139408017997 0.8731784243123911 0.8331139408017997
0 0.33219207405107115 0.5694161811615177 0.3377726659228399 0.5694161811615177 0.3377726659228399 0.575682108877188 0.33219207405107115 0.575682108877188
0 0.16830806436915377 0.8808893585057479 0.172276034452513 0.8808893585057479 0.172276034452513 0.8846368858066982 0.16830806436915377 0.8846368858066982
