0 0.08607159675029628 0.5498882352913108 0.09847900890957917 0.5498882352913108 0.09847900890957917 0.554851200155024 0.08607159675029628 0.554851200155024
0 0.12324696078220983 0.3738766863997238 0.1317942891586047 0.3738766863997238 0.1317942891586047 0.3846297769377689 0.12324696078220983 0.3846297769377689
0 0.17646097293202304 0.3556791485661089 0.18059677698511736 0.3556791485661089 0.18059677698511736 0.36091783370002833 0.17646097293202304 0.36091783370002833
0 0.34492605802806375 0.30604949992897745 0.3493375823513644 0.30604949992897745 0.3493375823513644 0.3107367445224843 0.34492605802806375 0.3107367445224843
0 0.6982328061911024 0.07458148079791244 0.7029727460717806 0.07458148079791244 0.7029727460717806 0.0807305919944678 0.6982328061911024 0.0807305919944678
0 0.9001861714414141 0.2379831243030602 0.9074718523580994 0.2379831243030602 0.9074718523580994 0.2515830620142057 0.9001861714414141 0.2515830620142057
0 0.6262445689740548 0.34218414705364325 0.6374159463796387 0.34218414705364325 0.6374159463796387 0.35116982018422144 0.6262445689740548 0.35116982018422144
0 0.570711671806999 0.42111235698439836 0.5792116328764648 0.42111235698439836 0.5792116328764648 0.42888374996219575 0.570711671806999 0.42888374996219575
0 0.6962682396045391 0.43544086278721245 0.7016110722767749 0.43544086278721245 0.7016110722767749 0.4417551195816729 0.6962682396045391 0.4417551195816729
0 0.9882557468998986 0.44582105885875384 0.9949338516038778 0.44582105885875384 0.9949338516038778 0.4577955914314062 0.9882557468998986 0.4577955914314062
0 0.7783446172224111 0.5846795808070122 0.7864043987616963 0.5846795808070122 0.7864043987616963 0.5927393623462974 0.7783446172224111 0.5927393623462974
0 0.8273941448757759 0.5957329954894607 0.8352236469425103 0.5957329954894607 0.8352236469425103 0.6067864101719092 0.8273941448757759 0.6067864101719092
0 0.9137489470824051 0.6183003837994593 0.9197362133687318 0.6183003837994593 0.9197362133687318 0.6277418421740505 0.9137489470824051 0.6277418421740505
0 0.7859438398165944 0.6210637374700717 0.7960761366088388 0.6210637374700717 0.7960761366088388 0.6275115627015001 0.7859438398165944 0.6275115627015001
0 0.35100843234233836 0.8853758375995483 0.362265650475021 0.8853758375995483 0.362265650475021 0.891901761154727 0.35100843234233836 0.891901761154727
