1 0.514825303118539 0.22622029495855803 0.5717589248751774 0.22622029495855803 0.5717589248751774 0.3879360078204991 0.514825303118539 0.3879360078204991
0 0.42397377903879657 0.3861189773389037 0.5753929858383672 0.3861189773389037 0.5753929858383672 0.44608098323153367 0.42397377903879657 0.44608098323153367
0 0.3973239986420725 0.16353274334353593 0.46879386425146957 0.16353274334353593 0.46879386425146957 0.2298543559217477 0.3973239986420725 0.2298543559217477
0 0.07268121926379374 0.2053244444202173 0.1950279383578466 0.2053244444202173 0.1950279383578466 0.25801832838646765 0.07268121926379374 0.25801832838646765
0 0.17078533599627685 0.7056217114397049 0.2452242306771956 0.7056217114397049 0.2452242306771956 0.7530115891580804 0.17078533599627685 0.7530115891580804
0 0.2954272061596757 0.6212287785165702 0.3767906491830056 0.6212287785165702 0.3767906491830056 0.6913398304834819 0.2954272061596757 0.6913398304834819
0 0.09797370335968834 0.9497407625622379 0.16795492004517998 0.9497407625622379 0.16795492004517998 1.0 0.09797370335968834 1.0
0 0.250659994309852 0.9055253574745862 0.3562680122170485 0.9055253574745862 0.3562680122170485 0.9828227922681065 0.250659994309852 0.9828227922681065
0 0.35618781126490817 0.010251455064622095 0.46875280805291536 0.010251455064622095 0.46875280805291536 0.04763911471206732 0.35618781126490817 0.04763911471206732
0 0.5354877704343771 0.01869382982372262 0.598202554359124 0.01869382982372262 0.598202554359124 0.09829336326667057 0.5354877704343771 0.09829336326667057
