0 0.37984828049640046 0.6730309126933893 0.4265811792408314 0.6730309126933893 0.4265811792408314 0.6890184833164842 0.37984828049640046 0.6890184833164842
0 0.48561220923379667 0.6072359105137302 0.5397239867273483 0.6072359105137302 0.5397239867273483 0.6256831073865317 0.48561220923379667 0.6256831073865317
0 0.60941339713571 0.7271426901869408 0.652046918797296 0.7271426901869408 0.652046918797296 0.7382110083106219 0.60941339713571 0.7382110083106219
0 0.7224719087410628 0.7662888001559675 0.7408995861261842 0.7593326570370804 0.7784309899112135 0.8152593870193764 0.760003312526092 0.8222155301382634
0 0.6509810807557563 0.5847761408678127 0.6731177170031183 0.5847761408678127 0.6731177170031183 0.5989189918036274 0.6509810807557563 0.5989189918036274
0 0.6419624511734977 0.562024598058024 0.6624593365877219 0.562024598058024 0.6624593365877219 0.5737078227441318 0.6419624511734977 0.5737078227441318
0 0.9380684349521217 0.6806731376052333 0.9548066957758728 0.6806731376052333 0.9548066957758728 0.693854518003937 0.9380684349521217 0.693854518003937
0 0.793282478826676 0.7898902894802081 0.8317804787213031 0.7898902894802081 0.8317804787213031 0.8187637894011784 0.793282478826676 0.8187637894011784
0 0.2569543565811987 0.30431095638119704 0.2778848222308494 0.30431095638119704 0.2778848222308494 0.331670065051812 0.2569543565811987 0.331670065051812
0 0.2348278643229964 0.37921212274173316 0.2719046891880921 0.37921212274173316 0.2719046891880921 0.40388017154310724 0.2348278643229964 0.40388017154310724
0 0.4590828534263977 0.411056331194416 0.48778749203163296 0.411056331194416 0.48778749203163296 0.4240631205624133 0.4590828534263977 0.4240631205624133
0 0.535628556373692 0.34826493424546373 0.5912437936713355 0.34826493424546373 0.5912437936713355 0.37203596309042425 0.535628556373692 0.37203596309042425
0 0.5739014078473391 0.3872853023494555 0.597223926714093 0.3872853023494555 0.597223926714093 0.4177839808675181 0.5739014078473391 0.4177839808675181
