0 0.06865250914623046 0.8594049111662777 0.13488198855788805 0.8594049111662777 0.13488198855788805 0.8812121787774331 0.06865250914623046 0.8812121787774331
0 0.0008076765781909471 0.7855025042618062 0.04846059469145681 0.7855025042618062 0.04846059469145681 0.8127615887757507 0.0008076765781909471 0.8127615887757507
0 0.0033454059451696033 0.5614941221732497 0.03727738053188987 0.5614941221732497 0.03727738053188987 0.6321060833730794 0.0033454059451696033 0.6321060833730794
0 0.042534447017156383 0.6890974632247188 0.08172348808914316 0.6890974632247188 0.08172348808914316 0.7231489165951951 0.042534447017156383 0.7231489165951951
0 0.16249114590823788 0.6045064843254302 0.2236642831913392 0.6045064843254302 0.2236642831913392 0.6295970289142022 0.16249114590823788 0.6295970289142022
0 0.11852295348600879 0.5833587396006081 0.14767577672248677 0.5833587396006081 0.14767577672248677 0.6202776837812297 0.11852295348600879 0.6202776837812297
0 0.04970317404251982 0.6134673931071345 0.12282418970122684 0.6134673931071345 0.12282418970122684 0.6425007375598564 0.04970317404251982 0.6425007375598564
0 0.09985156590380333 0.6453527578997806 0.1627764040543629 0.6575619734035427 0.1553551161991349 0.6790767158594327 0.09243027804857533 0.6668675003556707
0 0.06994492393612428 0.6630257985259437 0.09738530308286412 0.6522211492369151 0.13789453776809588 0.7100914845015333 0.11045415862135603 0.7208961337905618
0 0.21265858421392345 0.5277889633025465 0.2907510280571206 0.5683369629903581 0.26686425732452657 0.5942142979506698 0.1887718134813294 0.5536662982628583
0 0.25490471083323984 0.47885227125990576 0.2910053569484524 0.47885227125990576 0.2910053569484524 0.5256855418958573 0.25490471083323984 0.5256855418958573
0 0.2890539706719543 0.4338484252581709 0.3124706059899301 0.4338484252581709 0.3124706059899301 0.479218156186749 0.2890539706719543 0.479218156186749
0 0.27654893317226625 0.40220479158513733 0.3238902570399687 0.40220479158513733 0.3238902570399687 0.4307827858711285 0.27654893317226625 0.4307827858711285
0 0.3258828249286429 0.40464858773676055 0.352294195646416 0.39633041582031014 0.378164823245598 0.44253579519766983 0.3517534525278249 0.4508539671141203
0 0.32640775588464777 0.44701252976641237 0.3800187375774737 0.4492237395326142 0.3785287467672731 0.46954403098070163 0.32491776507444725 0.4673328212144998
0 0.33942950098503905 0.3570960234831718 0.37540382745312684 0.3570960234831718 0.37540382745312684 0.39111522351277656 0.33942950098503905 0.39111522351277656
0 0.3832243332070589 0.34125949933145927 0.4160704573735739 0.34125949933145927 0.4160704573735739 0.39082195454700414 0.3832243332070589 0.39082195454700414
0 0.4094034762183468 0.27567282782610736 0.437948322220199 0.27567282782610736 0.437948322220199 0.3267016278705145 0.4094034762183468 0.3267016278705145
0 0.4261582356881408 0.3290519918727349 0.45430613398093866 0.3219033192904372 0.46772557198630454 0.3516252776851351 0.4395776736935067 0.35877395026743275
0 0.6172035011270407 0.4918739471886519 0.6731195719248754 0.4918739471886519 0.6731195719248754 0.510871073805865 0.6172035011270407 0.510871073805865
0 0.6428963114008697 0.09537522388026151 0.706316365387054 0.09537522388026151 0.706316365387054 0.11915774412508065 0.6428963114008697 0.11915774412508065
0 0.7609551811289975 0.08110571173337004 0.7921773615529651 0.08110571173337004 0.7921773615529651 0.11366947022243007 0.7609551811289975 0.11366947022243007
0 0.6838754232073273 0.0361018657316354 0.7443683977787644 0.0361018657316354 0.7443683977787644 0.07415389812334598 0.6838754232073273 0.07415389812334598
0 0.6781067310830476 0.00695181361002405 0.7278670811337462 0.00695181361002405 0.7278670811337462 0.024880175025349234 0.6781067310830476 0.024880175025349234
0 0.8088224375140202 0.8992064902141508 0.861926956195636 0.8992064902141508 0.861926956195636 0.9504491126615024 0.8088224375140202 0.9504491126615024
