0 0.1909621988297581 0.15710436127573718 0.1941582188938545 0.15710436127573718 0.1941582188938545 0.1615987644908727 0.1909621988297581 0.1615987644908727
0 0.17857762108138464 0.164195530792951 0.1819068086481517 0.164195530792951 0.1819068086481517 0.16779105336505942 0.17857762108138464 0.16779105336505942
0 0.21559818682383425 0.17588097915230333 0.22025904941730812 0.17588097915230333 0.22025904941730812 0.1804752579944419 0.21559818682383425 0.1804752579944419
0 0.2681993503787537 0.18077488487545093 0.27472455800961715 0.18077488487545093 0.27472455800961715 0.18467003432856838 0.2681993503787537 0.18467003432856838
0 0.1584885149288903 0.23524197501086747 0.1636546132036388 0.23524197501086747 0.1636546132036388 0.2387014158198508 0.1584885149288903 0.2387014158198508
0 0.7510235990264769 0.15621016549017971 0.7551382600177518 0.15621016549017971 0.7551382600177518 0.16076568301623387 0.7510235990264769 0.16076568301623387
0 0.8031426382492901 0.15723883073799838 0.8080410441912839 0.15723883073799838 0.8080410441912839 0.1600309221249348 0.8031426382492901 0.1600309221249348
0 0.8143110037970359 0.17546090084221505 0.8192094097390296 0.17546090084221505 0.8192094097390296 0.17781213569437204 0.8143110037970359 0.17781213569437204
0 0.8323371376635729 0.26245659037202346 0.8395867784577237 0.26245659037202346 0.8395867784577237 0.26510172958070005 0.8323371376635729 0.26510172958070005
0 0.7876636754725901 0.3334344924715124 0.7923661451769041 0.3334344924715124 0.7923661451769041 0.3388717230671255 0.7876636754725901 0.3388717230671255
0 0.8893545828283798 0.8214626764723466 0.8971920323355698 0.8214626764723466 0.8971920323355698 0.830426759346195 0.8893545828283798 0.830426759346195
0 0.8748553012400783 0.83439446815921 0.8815171333211897 0.83439446815921 0.8815171333211897 0.8377743682591857 0.8748553012400783 0.8377743682591857
0 0.8431136307359588 0.8830356391632077 0.8499713990547502 0.8830356391632077 0.8499713990547502 0.8900893437196787 0.8431136307359588 0.8900893437196787
0 0.11392816848806907 0.889305173672044 0.11853959223146236 0.889305173672044 0.11853959223146236 0.8962223092871339 0.11392816848806907 0.8962223092871339
0 0.13417047177206198 0.7225112843666562 0.14163658640422255 0.7225112843666562 0.14163658640422255 0.7309106633278369 0.13417047177206198 0.7309106633278369
0 0.15810595691634147 0.3806071525350678 0.16205860583925 0.3806071525350678 0.16205860583925 0.38390102663749165 0.15810595691634147 0.38390102663749165
0 0.1693051288645823 0.2916725517696258 0.17413614421480383 0.2916725517696258 0.17413614421480383 0.2977662188591098 0.1693051288645823 0.2977662188591098
0 0.5442646025453383 0.2789980244699154 0.5490081931179811 0.2789980244699154 0.5490081931179811 0.28255571739939755 0.5442646025453383 0.28255571739939755
0 0.476106695896312 0.34977738906698114 0.48060062380723684 0.34977738906698114 0.48060062380723684 0.3546458109704831 0.476106695896312 0.3546458109704831
0 0.3183493245399549 0.6053526788358496 0.32184191175377774 0.6053526788358496 0.32184191175377774 0.6095437834924371 0.3183493245399549 0.6095437834924371
0 0.2935731952124554 0.3210393990590195 0.2974154619800622 0.3210393990590195 0.2974154619800622 0.3231106209884325 0.2935731952124554 0.3231106209884325
