0 0.19892898612287793 0.047312839942738535 0.20215486157351917 0.047312839942738535 0.20215486157351917 0.051614007210260215 0.19892898612287793 0.051614007210260215
0 0.14444753406760324 0.30833992849046077 0.14839027072949815 0.30833992849046077 0.14839027072949815 0.31532932530018354 0.14444753406760324 0.31532932530018354
0 0.15770946647579512 0.32312519097256653 0.16595337040521166 0.32312519097256653 0.16595337040521166 0.3263510664232078 0.15770946647579512 0.3263510664232078
0 0.37455998288001346 0.31909284665926496 0.38244545620380327 0.31909284665926496 0.38244545620380327 0.3223187221099063 0.37455998288001346 0.3223187221099063
0 0.12633190222316376 0.465826135142761 0.1303366599305263 0.465826135142761 0.1303366599305263 0.4721063233656703 0.12633190222316376 0.4721063233656703
0 0.10448776927391352 0.6214655824061687 0.10922066474625108 0.6214655824061687 0.10922066474625108 0.6252883056722874 0.10448776927391352 0.6252883056722874
0 0.1601903082945016 0.6397600437511658 0.1634669282368891 0.6397600437511658 0.1634669282368891 0.6441288703410157 0.1601903082945016 0.6441288703410157
0 0.09757046050665091 0.6834483096496662 0.10121114933152597 0.6834483096496662 0.10121114933152597 0.6878171362395161 0.09757046050665091 0.6878171362395161
0 0.09247349615182592 0.7205833356633916 0.09793452938913849 0.7205833356633916 0.09793452938913849 0.7260443689007042 0.09247349615182592 0.7260443689007042
0 0.21370843402016462 0.6973739444048133 0.2177131917275272 0.6973739444048133 0.2177131917275272 0.7006505643472007 0.21370843402016462 0.7006505643472007
0 0.26868283527577763 0.7372394870371949 0.27305166186562774 0.7372394870371949 0.27305166186562774 0.7405161069795824 0.26868283527577763 0.7405161069795824
0 0.06261984778785062 0.8355380853088208 0.0702652943200882 0.8355380853088208 0.0702652943200882 0.8393608085749397 0.06261984778785062 0.8393608085749397
0 0.32766743970677886 0.6460188781429795 0.33419416792434636 0.6460188781429795 0.33419416792434636 0.6498014138145244 0.32766743970677886 0.6498014138145244
0 0.319657364167037 0.6798391970885563 0.3252940839912998 0.6798391970885563 0.3252940839912998 0.683399230661775 0.319657364167037 0.683399230661775
0 0.28685770898370005 0.1721760072109726 0.29176825464390604 0.1721760072109726 0.29176825464390604 0.17708655287117858 0.28685770898370005 0.17708655287117858
0 0.40512001696699435 0.14608873339112827 0.4083937140737983 0.14608873339112827 0.4083937140737983 0.15192000636262287 0.40512001696699435 0.15192000636262287
0 0.624819891680606 0.09691384230793897 0.6291196301601175 0.09691384230793897 0.6291196301601175 0.10336345002720637 0.624819891680606 0.10336345002720637
0 0.6669120683747721 0.08062009649084244 0.6709855048290462 0.08062009649084244 0.6709855048290462 0.0846935329451166 0.6669120683747721 0.0846935329451166
0 0.6904474789994671 0.08825778984260642 0.6942946134285037 0.08825778984260642 0.6942946134285037 0.09165232022116819 0.6904474789994671 0.09165232022116819
0 0.6823006060909188 0.06449607719267393 0.685921438494718 0.06449607719267393 0.685921438494718 0.06789060757123572 0.6823006060909188 0.06789060757123572
0 0.7578854825202278 0.05397303301913239 0.7619589189745019 0.05397303301913239 0.7619589189745019 0.05753728991662226 0.7578854825202278 0.05753728991662226
0 0.7922833903563206 0.05431248605698857 0.7947727126339327 0.05431248605698857 0.7947727126339327 0.057028110359838 0.7922833903563206 0.057028110359838
0 0.7748581344130369 0.06585388934409864 0.7796104769430233 0.06585388934409864 0.7796104769430233 0.06839978712801997 0.7748581344130369 0.06839978712801997
0 0.7947727126339327 0.05651893080305373 0.7986198470629694 0.05651893080305373 0.7986198470629694 0.05906482858697506 0.7947727126339327 0.05906482858697506
0 0.802919585542481 0.0617804528898245 0.8067667199715176 0.0617804528898245 0.8067667199715176 0.06432635067374584 0.802919585542481 0.06432635067374584
0 0.8022406794667686 0.07688611307442444 0.8094823442743672 0.07688611307442444 0.8094823442743672 0.07994119041513005 0.8022406794667686 0.07994119041513005
0 0.8357333792019115 0.03835819327774818 0.8393542116057108 0.03835819327774818 0.8393542116057108 0.04141327061845378 0.8357333792019115 0.04141327061845378
0 0.8597213938770816 0.06347771807910539 0.8637948303313556 0.06347771807910539 0.8637948303313556 0.06721170149552336 0.8597213938770816 0.06721170149552336
0 0.8106819121006131 0.13674444537882596 0.81436330701694 0.13674444537882596 0.81436330701694 0.13994144622721508 0.8106819121006131 0.13994144622721508
0 0.717872008683741 0.178014819967122 0.7234909798718191 0.178014819967122 0.7234909798718191 0.1841181852231376 0.717872008683741 0.1841181852231376
0 0.7302013828063748 0.24223430311188868 0.7352391846041958 0.24223430311188868 0.7352391846041958 0.24601265446025436 0.7302013828063748 0.24601265446025436
0 0.7587489263273602 0.25042073103334767 0.7623873387368976 0.25042073103334767 0.7623873387368976 0.25272972352401557 0.7587489263273602 0.25272972352401557
0 0.8455110684009425 0.27246111389881417 0.848869602932823 0.27246111389881417 0.848869602932823 0.27665928206366486 0.8455110684009425 0.27665928206366486
0 0.6230081556638524 0.31654187962974706 0.6294453468499568 0.31654187962974706 0.6294453468499568 0.3211598646110829 0.6230081556638524 0.3211598646110829
0 0.9291908969528505 0.42485461828289656 0.9342286987506713 0.42485461828289656 0.9342286987506713 0.4292626948559899 0.9291908969528505 0.4292626948559899
0 0.7671452626570615 0.4911856752875386 0.7744220874761362 0.4911856752875386 0.7744220874761362 0.4943343014111766 0.7671452626570615 0.4943343014111766
0 0.9171598050810615 0.49181540051226624 0.9224774847565391 0.49181540051226624 0.9224774847565391 0.49622347708535963 0.9171598050810615 0.49622347708535963
0 0.9280750423096741 0.49475411822766174 0.9336725998628084 0.49475411822766174 0.9336725998628084 0.4979027443512998 0.9280750423096741 0.4979027443512998
0 0.9392701574159426 0.590892169202744 0.9457073486020472 0.590892169202744 0.9457073486020472 0.5942507037346246 0.9392701574159426 0.5942507037346246
0 0.9012067660546292 0.607684841862147 0.9068043236077635 0.607684841862147 0.9068043236077635 0.6110433763940277 0.9012067660546292 0.6110433763940277
0 0.5476373020028364 0.30924350638522846 0.5551016342956249 0.30924350638522846 0.5551016342956249 0.3126646586860897 0.5476373020028364 0.3126646586860897
0 0.5434904507290647 0.37455641394712685 0.5485403799765176 0.37455641394712685 0.5485403799765176 0.37815494524875976 0.5434904507290647 0.37815494524875976
0 0.51410241187427 0.41504764780295356 0.5206514871847702 0.41504764780295356 0.5206514871847702 0.4184481292141749 0.51410241187427 0.4184481292141749
0 0.5607016015835986 0.4203372855537422 0.5672506768940988 0.4203372855537422 0.5672506768940988 0.42468234513474723 0.5607016015835986 0.42468234513474723
0 0.6070489037809851 0.39672283130915 0.6105753289481775 0.39672283130915 0.6105753289481775 0.399556565818501 0.6070489037809851 0.399556565818501
0 0.649869780811179 0.4275160796440984 0.6533962059783713 0.4275160796440984 0.6533962059783713 0.4303498141534494 0.649869780811179 0.4303498141534494
0 0.6589377312411024 0.4229821044291366 0.6659905815754873 0.4229821044291366 0.6659905815754873 0.42600475457244447 0.6589377312411024 0.42600475457244447
0 0.6743028694695831 0.4203372855537422 0.6798443947323141 0.4203372855537422 0.6798443947323141 0.42506017640266064 0.6743028694695831 0.42506017640266064
0 0.6143595699815121 0.5430063270109423 0.6234387754492191 0.5430063270109423 0.6234387754492191 0.5466729292190549 0.6143595699815121 0.5466729292190549
0 0.7285409718217596 0.8053974039605998 0.7331813601773122 0.8053974039605998 0.7331813601773122 0.8106178408605965 0.7285409718217596 0.8106178408605965
0 0.9269175740216337 0.7621837873995161 0.9334914575253331 0.7621837873995161 0.9334914575253331 0.7688543456606228 0.9269175740216337 0.7688543456606228
0 0.9559200012438374 0.830339491371695 0.9601736905697605 0.830339491371695 0.9601736905697605 0.8338197826383593 0.9559200012438374 0.8338197826383593
0 0.945479127443844 0.839040219538356 0.952439709977173 0.839040219538356 0.952439709977173 0.8448407049827967 0.945479127443844 0.8448407049827967
0 0.8774164076074854 0.9509895886160628 0.8824434949926673 0.9509895886160628 0.8824434949926673 0.9556299769716153 0.8774164076074854 0.9556299769716153
0 0.9083523299778361 0.9585302196938357 0.9145395144519064 0.9585302196938357 0.9145395144519064 0.9625905595049443 0.9083523299778361 0.9625905595049443
0 0.6113674752224691 0.9332981080105182 0.6167812616372805 0.9332981080105182 0.6167812616372805 0.9370684235494047 0.6113674752224691 0.9370684235494047
0 0.19618972557264516 0.40253927621958807 0.19992667272640985 0.40253927621958807 0.19992667272640985 0.40534198658491155 0.19618972557264516 0.40534198658491155
0 0.36014828194407017 0.5174504011978517 0.36575370267471713 0.5174504011978517 0.36575370267471713 0.5199027727675097 0.36014828194407017 0.5199027727675097
0 0.7341529431903226 0.3866698780310686 0.7416170980230493 0.3866698780310686 0.7416170980230493 0.38986880153080866 0.7341529431903226 0.38986880153080866
