0 0.06927947270007735 0.7993559886801604 0.11084715632012375 0.7993559886801604 0.11084715632012375 0.8385255367067427 0.06927947270007735 0.8385255367067427
0 0.47856128065130354 0.9024758191991218 0.5041413936482552 0.9024758191991218 0.5041413936482552 0.9608304519734177 0.47856128065130354 0.9608304519734177
0 0.5862109228468083 0.6970355366923539 0.639502824923791 0.6970355366923539 0.639502824923791 0.727411920876234 0.5862109228468083 0.727411920876234
0 0.8153661017778336 0.6442765536361412 0.8622629756055783 0.6442765536361412 0.8622629756055783 0.6642610169150096 0.8153661017778336 0.6642610169150096
0 0.40715013186814697 0.02318197740348742 0.4721662524020657 0.02318197740348742 0.4721662524020657 0.042367062151201146 0.40715013186814697 0.042367062151201146
0 0.47429792848514496 0.029577005652725332 0.5020097175651759 0.029577005652725332 0.5020097175651759 0.05195960452505801 0.47429792848514496 0.05195960452505801
0 0.5041571288109482 0.030999930514440256 0.4870430885182461 0.021944981486530804 0.5046826393268024 0.0031917295274992673 0.5217966796195045 0.01224667855540872
0 0.519003637413714 0.03387365769094953 0.5096658910181462 0.019233100235857416 0.5627417640620725 0.0001914696765798092 0.5720795104576404 0.014832027131671921
0 0.5864893894084124 0.004366200443266666 0.6083203916247457 0.004366200443266666 0.6083203916247457 0.045481254617361105 0.5864893894084124 0.045481254617361105
0 0.7101984019676347 0.0560329056885889 0.7397915383053312 0.0560329056885889 0.7397915383053312 0.07968315808961668 0.7101984019676347 0.07968315808961668
0 0.33577686960172876 0.22100107289283788 0.3888356000235935 0.22100107289283788 0.3888356000235935 0.24540808888689564 0.33577686960172876 0.24540808888689564
