0 0.28405092733790976 0.06448465558960395 0.35156078899221116 0.06448465558960395 0.35156078899221116 0.08980085370996702 0.28405092733790976 0.08980085370996702
0 0.3388230792461166 0.10269778482788779 0.37512555202248626 0.10269778482788779 0.37512555202248626 0.1280139829482508 0.3388230792461166 0.1280139829482508
0 0.595487930629923 0.1920209744223762 0.6337010598682068 0.1920209744223762 0.6337010598682068 0.20826155434864685 0.595487930629923 0.20826155434864685
0 0.4783010009658526 0.22259147781300329 0.49422313814847074 0.22259147781300329 0.49422313814847074 0.2388320577392739 0.4783010009658526 0.2388320577392739
0 0.36684604068752485 0.2388320577392739 0.3891370327431903 0.2388320577392739 0.3891370327431903 0.2536396453191089 0.36684604068752485 0.2536396453191089
0 0.12495914517713791 0.579376580404741 0.163116214329475 0.579376580404741 0.163116214329475 0.5956545961440408 0.12495914517713791 0.5956545961440408
0 0.2040738023186809 0.5686120861255267 0.2432810660348438 0.5686120861255267 0.2432810660348438 0.5990677284764746 0.2040738023186809 0.5990677284764746
0 0.19077133784355418 0.6158708414976873 0.24293100118023517 0.6158708414976873 0.24293100118023517 0.6310986626731613 0.19077133784355418 0.6310986626731613
0 0.2264779530136312 0.5142645174475419 0.25588340080075334 0.5142645174475419 0.25588340080075334 0.549446035335706 0.2264779530136312 0.549446035335706
0 0.21984072869419913 0.4804640129502998 0.25694760328271044 0.4804640129502998 0.25694760328271044 0.5043559392773366 0.21984072869419913 0.5043559392773366
0 0.3570661517007692 0.45105856516317766 0.3969735451261493 0.45105856516317766 0.3969735451261493 0.4652361917748259 0.3570661517007692 0.4652361917748259
0 0.22089092325802492 0.4150894013521443 0.2523967601727986 0.4150894013521443 0.2523967601727986 0.42795428475901026 0.22089092325802492 0.42795428475901026
0 0.17818301135967837 0.3701935837485923 0.21563995043889628 0.3701935837485923 0.21563995043889628 0.3851588562393858 0.17818301135967837 0.3851588562393858
0 0.22579183111857326 0.3300236418790113 0.2681496785262135 0.3300236418790113 0.2681496785262135 0.346301657618311 0.22579183111857326 0.346301657618311
0 0.3570661517007692 0.26937490562131566 0.40712542590979856 0.26937490562131566 0.40712542590979856 0.283027434951051 0.3570661517007692 0.283027434951051
0 0.5040933906363801 0.2985178047674814 0.5299981898774163 0.2985178047674814 0.5299981898774163 0.3189965987620843 0.5040933906363801 0.3189965987620843
0 0.2863530510698326 0.2851278240787026 0.3259103796406041 0.2851278240787026 0.3259103796406041 0.3042938748685233 0.2863530510698326 0.3042938748685233
0 0.1930742822002991 0.6910986128293832 0.24353520927136627 0.6910986128293832 0.24353520927136627 0.7072657059686572 0.1930742822002991 0.7072657059686572
0 0.35281394935668836 0.7865746360855611 0.36258882101049134 0.8005704717450363 0.31963461212290833 0.8174453435003833 0.3098597404691053 0.8034495078409082
0 0.11659903536809679 0.9213691379135313 0.15922137182618265 0.9213691379135313 0.15922137182618265 0.951498720582178 0.11659903536809679 0.951498720582178
0 0.1837169673462414 0.9496615513967829 0.2361375413430147 0.9496615513967829 0.2361375413430147 0.9728098893007432 0.1837169673462414 0.9728098893007432
0 0.6006320058651995 0.9191645342424394 0.6314964564038134 0.9191645342424394 0.6314964564038134 0.9478243811711522 0.6006320058651995 0.9478243811711522
0 0.15236260503982388 0.8567007654788167 0.19939414871771158 0.8567007654788167 0.19939414871771158 0.8721329906257422 0.15236260503982388 0.8721329906257422
0 0.1636305790459846 0.8758073299755773 0.20870247507062703 0.8758073299755773 0.20870247507062703 0.8901372534399337 0.1636305790459846 0.8901372534399337
0 0.07299687508338833 0.9797911335759075 0.09651264692233223 0.9797911335759075 0.09651264692233223 0.9966930945851482 0.07299687508338833 0.9966930945851482
