0 0.09912360205299203 0.87227249505988 0.10216420334296111 0.87227249505988 0.10216420334296111 0.8793418930590581 0.09912360205299203 0.8793418930590581
0 0.8841530908521782 0.8720444499631322 0.8884099326581346 0.8720444499631322 0.8884099326581346 0.8807101636395441 0.8841530908521782 0.8807101636395441
0 0.9337148918786741 0.9014622674435832 0.9397960944586122 0.9014622674435832 0.9397960944586122 0.9062512144752845 0.9337148918786741 0.9062512144752845
0 0.9316402352465264 0.8307682874518021 0.9374173776974676 0.8307682874518021 0.9374173776974676 0.8362413697737465 0.9316402352465264 0.8362413697737465
0 0.849848060546358 0.4791227482668779 0.8547130226103086 0.4791227482668779 0.8547130226103086 0.48231537962134535 0.849848060546358 0.48231537962134535
0 0.8413343769344447 0.37650245473042143 0.8474155795143826 0.37650245473042143 0.8474155795143826 0.3790109507946459 0.8413343769344447 0.3790109507946459
0 0.7461635565584124 0.18631284404285542 0.7498122781063753 0.18631284404285542 0.7498122781063753 0.190189610687566 0.7461635565584124 0.190189610687566
0 0.790252275262964 0.18106780681765877 0.7935969366819301 0.18106780681765877 0.7935969366819301 0.18562870875261236 0.790252275262964 0.18562870875261236
0 0.8057593418418062 0.1947505126225196 0.8078877627447848 0.1947505126225196 0.8078877627447848 0.19839923417048252 0.8057593418418062 0.19839923417048252
0 0.5357539472925521 0.22097569874850292 0.5409229694854996 0.22097569874850292 0.5409229694854996 0.2250805104899612 0.5357539472925521 0.2250805104899612
0 0.42690042111165893 0.3158424589955382 0.43115726291761564 0.3158424589955382 0.43115726291761564 0.3188070452532581 0.42690042111165893 0.3188070452532581
0 0.23067776001212204 0.19513342247179266 0.23400484308922 0.19513342247179266 0.23400484308922 0.19912592216431013 0.23067776001212204 0.19912592216431013
0 0.2723772012450826 0.19696331816419652 0.2752606732452341 0.19696331816419652 0.2752606732452341 0.2011221720105689 0.2723772012450826 0.2011221720105689
0 0.2051701230877047 0.2101052963187333 0.2091626227802222 0.2101052963187333 0.2091626227802222 0.2129333169342665 0.2051701230877047 0.2129333169342665
0 0.2124897058573201 0.21908842062689765 0.21537317785747165 0.21908842062689765 0.21537317785747165 0.22191644124243087 0.2124897058573201 0.22191644124243087
0 0.22513262155029215 0.22624164924265813 0.2284597046273901 0.22624164924265813 0.2284597046273901 0.23023414893517566 0.22513262155029215 0.23023414893517566
0 0.2027302621644996 0.33154382863280707 0.2073881784724367 0.33154382863280707 0.2073881784724367 0.3357026824791795 0.2027302621644996 0.3357026824791795
0 0.18809109662526877 0.39276215725140873 0.19119637416389348 0.39276215725140873 0.19119637416389348 0.3964219486362164 0.18809109662526877 0.3964219486362164
0 0.13774123939185365 0.7123284868066635 0.14461721108452266 0.7123284868066635 0.14461721108452266 0.7173191114223103 0.13774123939185365 0.7173191114223103
0 0.48963062533034746 0.3519900162097053 0.49543365496389224 0.3519900162097053 0.49543365496389224 0.3549822033645019 0.48963062533034746 0.3549822033645019
0 0.42448369100770483 0.7106345894899533 0.42855791959566125 0.7106345894899533 0.42855791959566125 0.7156000555815252 0.42448369100770483 0.7156000555815252
