0 0.7872036091476802 0.8514168638341189 0.7952220238754487 0.8514168638341189 0.7952220238754487 0.8558115719060689 0.7872036091476802 0.8558115719060689
0 0.8445661145078708 0.9138679785407778 0.8522761286691868 0.9138679785407778 0.8522761286691868 0.9184939870375673 0.8445661145078708 0.9184939870375673
0 0.8858917904125243 0.8824111207626089 0.892059801741577 0.8824111207626089 0.892059801741577 0.8872684296842378 0.8858917904125243 0.8872684296842378
0 0.8951438074061034 0.8692269965467594 0.9019286198680613 0.8692269965467594 0.9019286198680613 0.8768599105664617 0.8951438074061034 0.8768599105664617
0 0.892985003440935 0.8571993744551059 0.8976110119377245 0.8571993744551059 0.8976110119377245 0.8627505846512533 0.892985003440935 0.8627505846512533
0 0.8638299866338373 0.6973707808910263 0.8687643956970796 0.6973707808910263 0.8687643956970796 0.706391497459766 0.8638299866338373 0.706391497459766
0 0.8974456483771749 0.7475629730811931 0.9039220602726803 0.7475629730811931 0.9039220602726803 0.7540393849766985 0.8974456483771749 0.7540393849766985
0 0.3873510049214612 0.5966625561377968 0.39278963057558475 0.5966625561377968 0.39278963057558475 0.6002883065738792 0.3873510049214612 0.6002883065738792
0 0.4988428308309925 0.623402465603904 0.503677164745769 0.623402465603904 0.503677164745769 0.6333732793031304 0.4988428308309925 0.6333732793031304
0 0.4396222403749814 0.684133785408283 0.45080163755290176 0.684133785408283 0.45080163755290176 0.688892582855641 0.4396222403749814 0.688892582855641
0 0.8808441246996584 0.3827702473212035 0.8893501301956853 0.3827702473212035 0.8893501301956853 0.3870232500692169 0.8808441246996584 0.3870232500692169
0 0.8500025145148874 0.4091112681762018 0.8602974370182274 0.4091112681762018 0.8602974370182274 0.41258020945450113 0.8500025145148874 0.41258020945450113
0 0.8691173741193454 0.4959051290013513 0.8742509675872684 0.4959051290013513 0.8742509675872684 0.5014879118977175 0.8691173741193454 0.5014879118977175
0 0.6855219870194573 0.13097077962529632 0.6937001440575842 0.13097077962529632 0.6937001440575842 0.1365631958351919 0.6855219870194573 0.1365631958351919
0 0.8695305203773116 0.14828922982368262 0.8750628030795741 0.14828922982368262 0.8750628030795741 0.15207764080457964 0.8695305203773116 0.15207764080457964
0 0.7923190965761728 0.17047849414036503 0.7997756515227001 0.17047849414036503 0.7997756515227001 0.1753493082586612 0.7923190965761728 0.1753493082586612
0 0.8796862808974276 0.22178323644590414 0.8845854025330784 0.22178323644590414 0.8845854025330784 0.23016073444286675 0.8796862808974276 0.23016073444286675
0 0.17125212747426186 0.12157593782523934 0.1759582928094324 0.12157593782523934 0.1759582928094324 0.12941954671719025 0.17125212747426186 0.12941954671719025
0 0.28812189996433063 0.15314646361534182 0.2930895189292329 0.15314646361534182 0.2930895189292329 0.15824480939510993 0.28812189996433063 0.15824480939510993
0 0.2319093695720157 0.18510916985004183 0.23844571031530815 0.18510916985004183 0.23844571031530815 0.18942315474061483 0.2319093695720157 0.18942315474061483
0 0.14693693990921403 0.20550255296911424 0.15373473428223816 0.20550255296911424 0.15373473428223816 0.2096204476373885 0.14693693990921403 0.2096204476373885
0 0.3936257402941455 0.13099786279764727 0.4012273035543601 0.13099786279764727 0.4012273035543601 0.13764923065033505 0.3936257402941455 0.13764923065033505
0 0.5646609136489742 0.13764923065033505 0.5687150807210885 0.13764923065033505 0.5687150807210885 0.14030977779141016 0.5646609136489742 0.14030977779141016
0 0.2188389730194694 0.30080623960416386 0.22662683682799142 0.30080623960416386 0.22662683682799142 0.3060630476749162 0.2188389730194694 0.3060630476749162
0 0.035148153273587696 0.3909721177365794 0.04107429539529726 0.3909721177365794 0.04107429539529726 0.3951101997353594 0.035148153273587696 0.3951101997353594
0 0.02881331169520852 0.39204495381033716 0.03453510408858326 0.39204495381033716 0.03453510408858326 0.39572324892036387 0.02881331169520852 0.39572324892036387
0 0.2322541231325482 0.5211298019460031 0.23533033668397266 0.5211298019460031 0.23533033668397266 0.5251673322322478 0.2322541231325482 0.5251673322322478
