0 0.47151678559958016 0.08936981956904566 0.4817612898035734 0.08936981956904566 0.4817612898035734 0.09644661523627777 0.47151678559958016 0.09644661523627777
0 0.5731530509918281 0.1251581862290481 0.5798928563891922 0.1251581862290481 0.5798928563891922 0.1308196227628338 0.5731530509918281 0.1308196227628338
0 0.46019391253200853 0.1328415643820429 0.4666641257134779 0.1328415643820429 0.4666641257134779 0.1378964184300659 0.46019391253200853 0.1378964184300659
0 0.38120339327490366 0.1334481468678057 0.38956075196763496 0.1334481468678057 0.38956075196763496 0.14052494253503783 0.38120339327490366 0.14052494253503783
0 0.30436961174495486 0.13789641843006595 0.3108398249264243 0.13789641843006595 0.3108398249264243 0.14194030166848426 0.30436961174495486 0.14194030166848426
0 0.2784887590190774 0.15083684479300463 0.28334141890517944 0.15083684479300463 0.28334141890517944 0.15609389300294851 0.2784887590190774 0.15609389300294851
0 0.32189310577810104 0.19451078376792288 0.3272849500959922 0.19451078376792288 0.3272849500959922 0.19895905533018307 0.32189310577810104 0.19895905533018307
0 0.2229527625447986 0.2086643751023871 0.22780542243090063 0.2086643751023871 0.22780542243090063 0.2131126466646473 0.2229527625447986 0.2131126466646473
0 0.13722243789032953 0.2353540044759483 0.14207509777643154 0.2353540044759483 0.14207509777643154 0.2402066643620503 0.13722243789032953 0.2402066643620503
0 0.14369265107179888 0.277814778479341 0.15205000976453015 0.277814778479341 0.15205000976453015 0.2822630500416012 0.14369265107179888 0.2822630500416012
0 0.17927882356988042 0.27296211859323893 0.1854794445354552 0.27296211859323893 0.1854794445354552 0.2786235551270247 0.17927882356988042 0.2786235551270247
0 0.21109070504543814 0.31360314513934345 0.21702173379511838 0.31360314513934345 0.21702173379511838 0.31724264005392 0.21109070504543814 0.31724264005392
0 0.274714467996553 0.25152953742962136 0.2828022344733902 0.25152953742962136 0.2828022344733902 0.2569887798014865 0.274714467996553 0.2569887798014865
0 0.34723477407218944 0.2414198293335758 0.35262661839008064 0.2414198293335758 0.35262661839008064 0.2450593242481523 0.34723477407218944 0.2450593242481523
0 0.3844384998656383 0.23616278112363193 0.3884823831040567 0.23616278112363193 0.3884823831040567 0.2389934993905248 0.3844384998656383 0.2389934993905248
0 0.3733852190139615 0.2976298063475909 0.3785074711159581 0.2976298063475909 0.3785074711159581 0.30228027207177205 0.3733852190139615 0.30228027207177205
0 0.3483131429357676 0.35464856000928974 0.3537049872536587 0.35464856000928974 0.3537049872536587 0.358894637409629 0.3483131429357676 0.358894637409629
0 0.3485827351516623 0.36030999654307544 0.35451376390134254 0.36030999654307544 0.35451376390134254 0.3651626564291775 0.3485827351516623 0.3651626564291775
0 0.3849776842974275 0.37547455868714424 0.3914478974788969 0.37547455868714424 0.3914478974788969 0.3857864609451111 0.3849776842974275 0.3857864609451111
0 0.304908796176744 0.3920544799646596 0.3086830871992678 0.3920544799646596 0.3086830871992678 0.39508739239347346 0.304908796176744 0.39508739239347346
0 0.3138053393012643 0.391245703316976 0.31919718361915544 0.391245703316976 0.31919718361915544 0.396098363203078 0.3138053393012643 0.396098363203078
0 0.2722881380535021 0.4375481663968647 0.27714079793960467 0.4375481663968647 0.27714079793960467 0.44078327298760067 0.2722881380535021 0.44078327298760067
0 0.29601225305222356 0.4634290191227436 0.3022128740177984 0.4634290191227436 0.3022128740177984 0.4686860673326874 0.29601225305222356 0.4686860673326874
0 0.3084134949833732 0.5004305507542715 0.3143445237330535 0.5004305507542715 0.3143445237330535 0.5066985697738199 0.3084134949833732 0.5066985697738199
0 0.27498406021244814 0.49133181346783017 0.281184681178023 0.49133181346783017 0.281184681178023 0.4957800850300904 0.27498406021244814 0.4957800850300904
0 0.24694646975941426 0.5093270938787918 0.2558430128839346 0.5093270938787918 0.2558430128839346 0.5133709771172101 0.24694646975941426 0.5133709771172101
0 0.25314709072498903 0.6433818232323604 0.2601564883382475 0.6433818232323604 0.2601564883382475 0.6486388714423043 0.25314709072498903 0.6486388714423043
0 0.3046392039608494 0.7062642075897656 0.312187786005897 0.7062642075897656 0.312187786005897 0.7092971200185795 0.3046392039608494 0.7092971200185795
0 0.5136501321590734 0.3131825266114261 0.5202305959660597 0.3131825266114261 0.5202305959660597 0.3238243704242868 0.5136501321590734 0.3238243704242868
0 0.5778096542771899 0.27616741769712816 0.5843901180841761 0.27616741769712816 0.5843901180841761 0.2835704394799878 0.5778096542771899 0.2835704394799878
0 0.7781469591810583 0.2625112687226204 0.7903726518575184 0.2625112687226204 0.7903726518575184 0.2657983653384611 0.7781469591810583 0.2657983653384611
0 0.6297248623559204 0.3971281764740052 0.6344118861442699 0.3971281764740052 0.6344118861442699 0.40087779550468483 0.6297248623559204 0.40087779550468483
0 0.08936008426730861 0.553123839625165 0.0955228486995368 0.553123839625165 0.0955228486995368 0.5620791066907465 0.08936008426730861 0.5620791066907465
0 0.1055373409019076 0.4664599647969562 0.1155518331042784 0.4664599647969562 0.1155518331042784 0.4693487606245631 0.1055373409019076 0.4693487606245631
0 0.16369843023106104 0.4601046139762209 0.16947602188627497 0.4601046139762209 0.16947602188627497 0.4664599647969562 0.16369843023106104 0.4664599647969562
0 0.204911917371587 0.37092138426473364 0.20953399069575818 0.37092138426473364 0.20953399069575818 0.3746768188406227 0.204911917371587 0.3746768188406227
0 0.14983221025854765 0.3937428713028286 0.1540691108057045 0.3937428713028286 0.1540691108057045 0.3966316671304355 0.14983221025854765 0.3966316671304355
0 0.1559949746907758 0.4480522328618395 0.16061704801494694 0.4480522328618395 0.16061704801494694 0.45065214910668566 0.1559949746907758 0.45065214910668566
