0 0.4722482399437225 0.06395028249237909 0.5157016370218775 0.06395028249237909 0.5157016370218775 0.09408070405128849 0.4722482399437225 0.09408070405128849
0 0.2705588874677577 0.10822355498710308 0.3008942778808093 0.10822355498710308 0.3008942778808093 0.13773906998358573 0.2705588874677577 0.13773906998358573
0 0.5066830074396178 0.2256707084106069 0.5739127915982727 0.2256707084106069 0.5739127915982727 0.25088187747010243 0.5066830074396178 0.25088187747010243
0 0.5266159247684027 0.173520103329108 0.5525166713513735 0.18989536873073934 0.5012589551038911 0.2354996603920994 0.47535820852092026 0.21912439499046807
0 0.26546881666468974 0.36393163596040456 0.30354836003872315 0.36393163596040456 0.30354836003872315 0.3916753032757718 0.26546881666468974 0.3916753032757718
0 0.3253080991095993 0.4088110977940868 0.3797074467867898 0.4088110977940868 0.3797074467867898 0.4667464030702947 0.3253080991095993 0.4667464030702947
0 0.4286668596962613 0.4039151565031396 0.46457042916320707 0.4039151565031396 0.46457042916320707 0.44716263790650596 0.4286668596962613 0.44716263790650596
0 0.20345356031269257 0.4071791173637711 0.2545889471292517 0.4071791173637711 0.2545889471292517 0.4700103639309262 0.20345356031269257 0.4700103639309262
0 0.43737075532461184 0.44797862812166395 0.48197822041990807 0.44797862812166395 0.48197822041990807 0.5059139333978718 0.43737075532461184 0.5059139333978718
0 0.48850614214117094 0.45695452048840046 0.522233737701029 0.45695452048840046 0.522233737701029 0.47817026608250474 0.48850614214117094 0.47817026608250474
0 0.39862342753582974 0.5507437497791715 0.4359277589897175 0.5507437497791715 0.4359277589897175 0.592311433399218 0.39862342753582974 0.592311433399218
0 0.2959635330652153 0.7252493055767836 0.3232901485994354 0.7423616036540387 0.26056316395931506 0.7987064822987953 0.2332365484250949 0.7815941842215401
0 0.39226638350064164 0.7691096179887085 0.41774305204156675 0.7795615845696017 0.38483442460816586 0.8246823979646123 0.35935775606724074 0.8142304313837191
0 0.4178085122835434 0.7338294916000501 0.4593761959035898 0.7338294916000501 0.4593761959035898 0.7594096045970017 0.4178085122835434 0.7594096045970017
0 0.4252693785743202 0.8057735594039758 0.4966805273574768 0.8057735594039758 0.4966805273574768 0.8273567797451531 0.4252693785743202 0.8273567797451531
0 0.38689920907889347 0.8577331639290346 0.4242035405327815 0.8577331639290346 0.4242035405327815 0.884112655457141 0.38689920907889347 0.884112655457141
0 0.37304331453887807 0.926457175133764 0.4359277589897175 0.926457175133764 0.4359277589897175 0.9560341807864892 0.37304331453887807 0.9560341807864892
0 0.7908518268224215 0.9432441242880135 0.8686580038548161 0.9432441242880135 0.8686580038548161 0.9712223728784292 0.7908518268224215 0.9712223728784292
