0 0.4359277589897175 0.11191299436166341 0.4860221469420811 0.11191299436166341 0.4860221469420811 0.13349621470284137 0.4359277589897175 0.13349621470284137
0 0.22808934088948543 0.5643612429952455 0.2792495668833887 0.5643612429952455 0.2792495668833887 0.6083270622087561 0.22808934088948543 0.6083270622087561
0 0.5179972881882706 0.49881220344055693 0.5382482109775241 0.49881220344055693 0.5382482109775241 0.5195960452505801 0.5179972881882706 0.5195960452505801
0 0.3016321657557214 0.21902971753639838 0.3932942373281314 0.21902971753639838 0.3932942373281314 0.23661604522180266 0.3016321657557214 0.23661604522180266
0 0.42953273074047954 0.2374154237529574 0.48708798498362077 0.2374154237529574 0.48708798498362077 0.2677918079368375 0.42953273074047954 0.2677918079368375
0 0.08690679415631004 0.8656342313150368 0.12544093873505127 0.8656342313150368 0.12544093873505127 0.9099075038097608 0.08690679415631004 0.9099075038097608
0 0.5876026654658115 0.8041435750723649 0.6277765608776895 0.8041435750723649 0.6277765608776895 0.8434975950676747 0.5876026654658115 0.8434975950676747
0 0.73927961753107 0.8066032013220718 0.7696150079441216 0.8066032013220718 0.7696150079441216 0.8262802113197268 0.73927961753107 0.8262802113197268
0 0.5059139333978709 0.3168697771162712 0.557049320214431 0.3168697771162712 0.557049320214431 0.35032537593774365 0.5059139333978709 0.35032537593774365
0 0.8562457324389788 0.2809662076493258 0.8856213801846619 0.2809662076493258 0.8856213801846619 0.3144218064707979 0.8562457324389788 0.3144218064707979
