0 0.08791065095257224 0.5615208734913139 0.09921518203102996 0.5615208734913139 0.09921518203102996 0.567586719435852 0.08791065095257224 0.567586719435852
0 0.11954012201862635 0.3507473667800409 0.12404332111823707 0.3507473667800409 0.12404332111823707 0.3622868144727934 0.11954012201862635 0.3622868144727934
0 0.16429066307100793 0.36425696407887315 0.16963821200179566 0.36425696407887315 0.16963821200179566 0.3693230630659352 0.16429066307100793 0.3693230630659352
0 0.3506866298821849 0.30790623843588305 0.35631562875669825 0.30790623843588305 0.35631562875669825 0.3129723374229451 0.3506866298821849 0.3129723374229451
0 0.6912410617902457 0.09372283126064813 0.6957442608898564 0.09372283126064813 0.6957442608898564 0.10019617996633855 0.6912410617902457 0.10019617996633855
0 0.8854415229609579 0.24767595047858962 0.8969809706537103 0.24767595047858962 0.8969809706537103 0.2564008987340854 0.8854415229609579 0.2564008987340854
0 0.9518637096802159 0.3808017738608316 0.9603072079919861 0.3808017738608316 0.9603072079919861 0.3886823722851504 0.9518637096802159 0.3886823722851504
0 0.8423796815709305 0.5789425342437033 0.8499788300515233 0.5789425342437033 0.8499788300515233 0.5904819819364557 0.8423796815709305 0.5904819819364557
0 0.8100129380424783 0.5823199335684114 0.820426585960328 0.5823199335684114 0.820426585960328 0.591044881823907 0.8100129380424783 0.591044881823907
0 0.7886227423193275 0.577535284525075 0.7967847906873718 0.577535284525075 0.7967847906873718 0.5896376321052788 0.7886227423193275 0.5896376321052788
0 0.7497826500851851 0.5977996804733232 0.7576632485095037 0.5977996804733232 0.7576632485095037 0.6093391281660756 0.7497826500851851 0.6093391281660756
0 0.5717422057175798 0.40347130806574655 0.5777406054462567 0.40347130806574655 0.5777406054462567 0.40946970779442343 0.5717422057175798 0.40946970779442343
0 0.5736364372108461 0.41767804426524463 0.5808976579350341 0.41767804426524463 0.5808976579350341 0.426833496482699 0.5736364372108461 0.426833496482699
0 0.6737150011050885 0.4457758114153632 0.6784505798382546 0.4457758114153632 0.6784505798382546 0.4508270953974069 0.6737150011050885 0.4508270953974069
0 0.3349969937048837 0.8896320189246549 0.3474547552371978 0.8896320189246549 0.3474547552371978 0.8948876370710998 0.3349969937048837 0.8948876370710998
