0 0.31012088269320337 0.566659287486265 0.3276393895975181 0.566659287486265 0.3276393895975181 0.5991481548360852 0.31012088269320337 0.5991481548360852
0 0.2309257728296035 0.512177438220693 0.26723685986763773 0.512177438220693 0.26723685986763773 0.5327218690448439 0.2309257728296035 0.5327218690448439
0 0.029701133009597033 0.8368204764209958 0.0683483904196751 0.8368204764209958 0.0683483904196751 0.8596330936422224 0.029701133009597033 0.8596330936422224
0 0.47199752336937933 0.936659224730364 0.5052771061391687 0.936659224730364 0.5052771061391687 0.9597402256836051 0.47199752336937933 0.9597402256836051
0 0.39255593869310773 0.9044531768886324 0.4261933664389164 0.9044531768886324 0.4261933664389164 0.9251187242537434 0.39255593869310773 0.9251187242537434
0 0.4583994142806482 0.8682213730666843 0.48344856260199504 0.8682213730666843 0.48344856260199504 0.8931810601440263 0.4583994142806482 0.8931810601440263
0 0.8240947198382625 0.9127328147045871 0.8624247068074841 0.9127328147045871 0.8624247068074841 0.9414803049315033 0.8240947198382625 0.9414803049315033
0 0.8745289132188171 0.8465379358926093 0.9083198227837888 0.8465379358926093 0.9083198227837888 0.8673420406620881 0.8745289132188171 0.8673420406620881
0 0.9002503518428999 0.75840418296009 0.9511888871572601 0.75840418296009 0.9511888871572601 0.779586544179923 0.9002503518428999 0.779586544179923
0 0.36222713478210444 0.736401791251175 0.4100172215299684 0.736401791251175 0.4100172215299684 0.7502500550247037 0.36222713478210444 0.7502500550247037
0 0.6079172015990046 0.5503337048304927 0.6280714254679838 0.5503337048304927 0.6280714254679838 0.5824159387443779 0.6079172015990046 0.5824159387443779
0 0.6794852618684408 0.5635984746218107 0.7123901171647334 0.5635984746218107 0.7123901171647334 0.5975316066461123 0.6794852618684408 0.5975316066461123
0 0.7921843912582428 0.4843183388923058 0.8143951685832403 0.4843183388923058 0.8143951685832403 0.5120818105485526 0.7921843912582428 0.5120818105485526
0 0.8844285273866057 0.6490911949530416 0.9137513649596377 0.6490911949530416 0.9137513649596377 0.667202359336385 0.8844285273866057 0.667202359336385
0 0.14626021260612782 0.4880138983609973 0.17677907586646155 0.4880138983609973 0.17677907586646155 0.5087436922736769 0.14626021260612782 0.5087436922736769
0 0.0 0.44137186205746837 0.03051886326033375 0.44137186205746837 0.03051886326033375 0.4564873367854639 0.0 0.4564873367854639
0 0.32707008173338814 0.44050812064443995 0.36449887629794836 0.44050812064443995 0.36449887629794836 0.46166978526363356 0.32707008173338814 0.46166978526363356
0 0.37313629042823154 0.3770231267868589 0.4025034984711942 0.3770231267868589 0.4025034984711942 0.4033672398842224 0.37313629042823154 0.4033672398842224
0 0.41229256781884843 0.3765912560803447 0.4382048102096978 0.3765912560803447 0.4382048102096978 0.4033672398842224 0.41229256781884843 0.4033672398842224
0 0.44240425767314306 0.4188817409052459 0.4650220622576595 0.4188817409052459 0.4650220622576595 0.43946394307715597 0.44240425767314306 0.43946394307715597
0 0.46984719390235646 0.3874429925327679 0.49970269595391814 0.3874429925327679 0.49970269595391814 0.40938226297974895 0.46984719390235646 0.40938226297974895
0 0.5105592421544861 0.3367791102634509 0.55247757331779 0.3367791102634509 0.55247757331779 0.3501236149683157 0.5105592421544861 0.3501236149683157
0 0.5073276493716604 0.3576724598451392 0.5237165718667137 0.3465976917243813 0.5489495051507388 0.3676018859581223 0.5325605826556855 0.3786766540788802
0 0.9817441048827469 0.2525149427079077 0.9997007230308647 0.2525149427079077 0.9997007230308647 0.27720529266156985 0.9817441048827469 0.27720529266156985
0 0.9383489443581287 0.20695002415705863 0.9808462739753411 0.20695002415705863 0.9808462739753411 0.24016976773107668 0.9383489443581287 0.24016976773107668
0 0.8215152802763933 0.15375354289325938 0.8424646681158641 0.15375354289325938 0.8424646681158641 0.18472870919876272 0.8215152802763933 0.18472870919876272
0 0.8505451462825171 0.1043728429859352 0.8762829656281527 0.1043728429859352 0.8762829656281527 0.13669475565254738 0.8505451462825171 0.13669475565254738
0 0.005887784222601443 0.35179510730043634 0.04317708429907725 0.35179510730043634 0.04317708429907725 0.37093040602389105 0.005887784222601443 0.37093040602389105
0 0.08586351991293772 0.36246671620390136 0.13394709106418287 0.36246671620390136 0.13394709106418287 0.37718617676040506 0.08586351991293772 0.37718617676040506
0 0.07261600541208448 0.3212522266456913 0.11235854891464424 0.3212522266456913 0.11235854891464424 0.3367076602300202 0.07261600541208448 0.3367076602300202
0 0.11432114365551138 0.32419611875699206 0.16044212006588934 0.32419611875699206 0.16044212006588934 0.34001953885523345 0.11432114365551138 0.34001953885523345
0 0.17777987858793176 0.2935345498970443 0.22276029326303157 0.2935345498970443 0.22276029326303157 0.30893053075899124 0.17777987858793176 0.30893053075899124
0 0.14638415290866746 0.2659123489388454 0.16872341925737475 0.2659123489388454 0.16872341925737475 0.2905912006146133 0.14638415290866746 0.2905912006146133
0 0.18230810825321023 0.27134622453717966 0.22396782117377248 0.27134622453717966 0.22396782117377248 0.28606297094933475 0.18230810825321023 0.28606297094933475
0 0.22849605083905092 0.2629689996564144 0.2695519998042427 0.2629689996564144 0.2695519998042427 0.28153474128405626 0.22849605083905092 0.28153474128405626
0 0.2206757256879056 0.23976976077649664 0.24452440192503908 0.23976976077649664 0.24452440192503908 0.26059961723677777 0.2206757256879056 0.26059961723677777
0 0.1766009569458615 0.20558162680364395 0.20497786284827346 0.20558162680364395 0.20497786284827346 0.2202983732157991 0.1766009569458615 0.2202983732157991
0 0.2502152418761627 0.21699902473419308 0.29167856808459475 0.21699902473419308 0.29167856808459475 0.2329464578912824 0.2502152418761627 0.2329464578912824
0 0.28173798577524395 0.23362989575135795 0.32293552143105797 0.23362989575135795 0.32293552143105797 0.2441950702179296 0.28173798577524395 0.2441950702179296
0 0.32825133248342114 0.23163646660672177 0.36546200984996274 0.23163646660672177 0.36546200984996274 0.2467865281059566 0.32825133248342114 0.2467865281059566
0 0.35296985387690943 0.20711728812769703 0.37423309808636174 0.20711728812769703 0.37423309808636174 0.2278489512319131 0.35296985387690943 0.2278489512319131
0 0.32878291358865736 0.18598693919455375 0.38273839577014274 0.18598693919455375 0.38273839577014274 0.2015356865227158 0.32878291358865736 0.2015356865227158
0 0.3123038993263318 0.1505039004200301 0.3447303467457466 0.1505039004200301 0.3447303467457466 0.1708368776953189 0.3123038993263318 0.1708368776953189
0 0.31283548043156806 0.17203293518210064 0.34286981287741963 0.17203293518210064 0.34286981287741963 0.18359482422099035 0.31283548043156806 0.18359482422099035
0 0.2760021307174044 0.3171933141469206 0.29205075158487376 0.30934932529596676 0.31606786033194756 0.3369897047591949 0.3000192394644783 0.3448336936101487
0 0.2990508913159638 0.31472560143643796 0.31086174932689825 0.3094633379662199 0.3333284596182459 0.33782755970904754 0.32151760160731147 0.3430898231792656
0 0.3244613983596794 0.3269900411204782 0.3388398464582603 0.32008838603315964 0.354988809595093 0.3390129522091362 0.3406103614965121 0.34591460729645473
0 0.2877821932680863 0.24582562750330253 0.32360391566467267 0.24582562750330253 0.32360391566467267 0.2606980390340281 0.2877821932680863 0.2606980390340281
0 0.29673762386723285 0.26437616231582045 0.3381031842537671 0.26437616231582045 0.3381031842537671 0.2838862075496755 0.29673762386723285 0.2838862075496755
0 0.35885689758008804 0.263225692253487 0.4034208260377461 0.263225692253487 0.4034208260377461 0.27985720622333066 0.35885689758008804 0.27985720622333066
0 0.40363405057582086 0.19430086032076957 0.43348548590630953 0.19430086032076957 0.43348548590630953 0.22804364347112543 0.40363405057582086 0.22804364347112543
0 0.4407351202008567 0.20453563814836567 0.4748510462928437 0.20453563814836567 0.4748510462928437 0.22484527540000165 0.4407351202008567 0.22484527540000165
0 0.505342155237557 0.2256448674177826 0.5379655095630196 0.2256448674177826 0.5379655095630196 0.2435557286160758 0.505342155237557 0.2435557286160758
0 0.3863288512116528 0.3184669442077857 0.41931803795370687 0.3184669442077857 0.41931803795370687 0.3378301625129044 0.3863288512116528 0.3378301625129044
0 0.5082247174899044 0.2990541493790547 0.5493416748785515 0.2990541493790547 0.5493416748785515 0.313397274049513 0.5082247174899044 0.313397274049513
0 0.5679877369501471 0.2990541493790547 0.5880681114887888 0.2990541493790547 0.5880681114887888 0.3245131956691181 0.5679877369501471 0.3245131956691181
0 0.031058511350575895 0.1315673050267451 0.08397301217007554 0.1315673050267451 0.08397301217007554 0.15917487067170147 0.031058511350575895 0.15917487067170147
0 0.29390554259526447 0.12121446790988646 0.33301626059228595 0.12121446790988646 0.33301626059228595 0.13717509179837686 0.29390554259526447 0.13717509179837686
0 0.4390173068817414 0.13047557927553835 0.47666471079137906 0.13047557927553835 0.47666471079137906 0.15370159862301636 0.4390173068817414 0.15370159862301636
0 0.35789564962803305 0.1499630368816568 0.3630710612339074 0.1370846615348573 0.40633508419051806 0.14686453518191891 0.40115967258464375 0.15974291052871842
0 0.3950361967696628 0.12970045569400554 0.3893310887619153 0.14322156167236838 0.36357603403695515 0.1371088113420778 0.36928114204470264 0.12358770536371497
0 0.4287547199826404 0.08595180874913017 0.4593093147299429 0.08595180874913017 0.4593093147299429 0.10068348835943668 0.4287547199826404 0.10068348835943668
0 0.45363488999115814 0.07220224111284408 0.4863719557918392 0.07220224111284408 0.4863719557918392 0.08627917940713695 0.45363488999115814 0.08627917940713695
0 0.4418495463029129 0.0519052603164218 0.4558173610445368 0.0519052603164218 0.4558173610445368 0.07122012913882367 0.4418495463029129 0.07122012913882367
0 0.5176821338614374 0.027171764614565323 0.5473637401873882 0.027171764614565323 0.5473637401873882 0.06252779567930093 0.5176821338614374 0.06252779567930093
0 0.5578396012436062 0.022261204744463158 0.5931956323083417 0.022261204744463158 0.5931956323083417 0.05237930528108978 0.5578396012436062 0.05237930528108978
0 0.36490916012492547 0.00032737065800681115 0.40070168540033685 0.00032737065800681115 0.40070168540033685 0.028153876588585765 0.36490916012492547 0.028153876588585765
0 0.31427583168653866 0.029790729878619814 0.34657640327654415 0.029790729878619814 0.34657640327654415 0.04517715080493993 0.31427583168653866 0.04517715080493993
0 0.2680074453549094 0.029463359220613 0.3059824416836994 0.029463359220613 0.3059824416836994 0.04517715080493993 0.2680074453549094 0.04517715080493993
0 0.6785198612701254 0.06273675879149496 0.706202268027044 0.06273675879149496 0.706202268027044 0.08643229718396608 0.6785198612701254 0.08643229718396608
0 0.6475276015314013 0.0613827280262109 0.6791216527213627 0.0613827280262109 0.6791216527213627 0.07379467670798148 0.6475276015314013 0.07379467670798148
0 0.6360935639578914 0.03723584604531176 0.6589616391049111 0.03723584604531176 0.6589616391049111 0.057320635730358706 0.6360935639578914 0.057320635730358706
0 0.6369962511347474 0.01399165124126866 0.6610679091842417 0.01399165124126866 0.6610679091842417 0.03497912810317165 0.6369962511347474 0.03497912810317165
0 0.4922566288748594 0.00048009424142541555 0.522342534670852 0.00048009424142541555 0.522342534670852 0.015603062846326005 0.4922566288748594 0.015603062846326005
0 0.398137894813106 0.12265018467753284 0.4304378664346289 0.12265018467753284 0.4304378664346289 0.1327708424522767 0.398137894813106 0.1327708424522767
0 0.4112014388911442 0.1333091753126354 0.42943297842862593 0.1333091753126354 0.42943297842862593 0.1505358268441143 0.4112014388911442 0.1505358268441143
