0 0.22415742909425895 0.036800648792246454 0.22874647882374774 0.036800648792246454 0.22874647882374774 0.04500798773152445 0.22415742909425895 0.04500798773152445
0 0.1916810771624923 0.06433494716917906 0.20333020339888688 0.06433494716917906 0.20333020339888688 0.0688357459423315 0.1916810771624923 0.0688357459423315
0 0.15673369845330865 0.08048487217872607 0.16344077113486916 0.08048487217872607 0.16344077113486916 0.08736844677295923 0.15673369845330865 0.08736844677295923
0 0.12778738477499485 0.0849856709518785 0.1334354459805195 0.0849856709518785 0.1334354459805195 0.09186924554611162 0.12778738477499485 0.09186924554611162
0 0.15214464872381986 0.10087084309241655 0.16414677878555975 0.10087084309241655 0.16414677878555975 0.10828392342466761 0.15214464872381986 0.10828392342466761
0 0.2135673143339003 0.07836684922665432 0.22203940614218723 0.07836684922665432 0.22203940614218723 0.08472091808286955 0.2135673143339003 0.08472091808286955
0 0.2333355285532365 0.07518981479854671 0.23792457828272529 0.07518981479854671 0.23792457828272529 0.08472091808286955 0.2333355285532365 0.08472091808286955
0 0.21533233346062672 0.09186924554611163 0.22274541379287782 0.09186924554611163 0.22274541379287782 0.09689955005728204 0.21533233346062672 0.09689955005728204
0 0.29475819416331694 0.06751198159728666 0.2993472438928057 0.06751198159728666 0.2993472438928057 0.07227753323944806 0.29475819416331694 0.07227753323944806
0 0.21805179566392816 0.07586580719781183 0.22161665432721345 0.07258012421297665 0.22955705487389855 0.07742610395838012 0.22599219621061326 0.0807117869432153
0 0.3582988827254691 0.04606699920756031 0.3646529515816843 0.04606699920756031 0.3646529515816843 0.053215326670802435 0.3582988827254691 0.053215326670802435
0 0.3921872499586169 0.04844977502864103 0.40136534941759444 0.04844977502864103 0.40136534941759444 0.05533334962287417 0.3921872499586169 0.05533334962287417
0 0.40136534941759444 0.072807038977466 0.409484437400536 0.072807038977466 0.409484437400536 0.07916110783368122 0.40136534941759444 0.07916110783368122
0 0.21921537553942494 0.1281403886003402 0.22874647882374777 0.1281403886003402 0.22874647882374777 0.13820099762268093 0.21921537553942494 0.13820099762268093
0 0.26616488431034846 0.19326959437654614 0.275342983769326 0.19326959437654614 0.275342983769326 0.20121218044681516 0.26616488431034846 0.20121218044681516
0 0.07388800950405236 0.14275115893792753 0.08056471327463645 0.14275115893792753 0.08056471327463645 0.15051282707123156 0.07388800950405236 0.15051282707123156
0 0.17392813322371645 0.2521290261366829 0.17993716661724216 0.2521290261366829 0.17993716661724216 0.2611425762269715 0.17392813322371645 0.2611425762269715
0 0.13687242729697452 0.2771666652763734 0.14388296625608785 0.2771666652763734 0.14388296625608785 0.2831756986698991 0.13687242729697452 0.2831756986698991
0 0.46996953059668306 0.06930533792811064 0.47743677239365123 0.06930533792811064 0.47743677239365123 0.08015617366432999 0.46996953059668306 0.08015617366432999
0 0.568910484406511 0.06230479874345301 0.5801113471019632 0.06230479874345301 0.5801113471019632 0.07070544576504217 0.568910484406511 0.07070544576504217
0 0.5894453993481734 0.06440496049885029 0.5931790202466575 0.06440496049885029 0.5931790202466575 0.07175552664274082 0.5894453993481734 0.07175552664274082
0 0.6001795594313151 0.023451806268603093 0.6081135038405938 0.023451806268603093 0.6081135038405938 0.029052237616329208 0.6001795594313151 0.029052237616329208
0 0.6272483109453246 0.04620355861874043 0.6337821475176718 0.04620355861874043 0.6337821475176718 0.05425417868109673 0.6272483109453246 0.05425417868109673
0 0.6454497128254346 0.1053581147290975 0.6515168467854712 0.1053581147290975 0.6515168467854712 0.1151588695876182 0.6454497128254346 0.1151588695876182
0 0.6818525165856544 0.0602046369880557 0.6879196505456907 0.0602046369880557 0.6879196505456907 0.06650512225424758 0.6818525165856544 0.06650512225424758
0 0.6930533792811066 0.05985461002882283 0.6991205132411431 0.05985461002882283 0.6991205132411431 0.07070544576504217 0.6930533792811066 0.07070544576504217
0 0.7341232091644314 0.05565428651802824 0.7397236405121576 0.05565428651802824 0.7397236405121576 0.06125471786575436 0.7341232091644314 0.06125471786575436
0 0.792263162467182 0.06332984525505873 0.7982412009573349 0.06332984525505873 0.7982412009573349 0.07285734409874013 0.792263162467182 0.07285734409874013
0 0.7986148283629695 0.04903859698953664 0.8075818860981991 0.04903859698953664 0.8075818860981991 0.061368301375477274 0.7986148283629695 0.061368301375477274
0 0.8479336459067323 0.0355880103866923 0.8565270762363272 0.0355880103866923 0.8565270762363272 0.04483528867614779 0.8479336459067323 0.04483528867614779
0 0.9118239322702428 0.03110448151907752 0.9163074611378575 0.03110448151907752 0.9163074611378575 0.03839021592895154 0.9118239322702428 0.03839021592895154
0 0.9092663730367759 0.043639357863853305 0.9148707841212943 0.043639357863853305 0.9148707841212943 0.05071992031489218 0.9092663730367759 0.05071992031489218
0 0.9099549081077104 0.050268190868024816 0.914838798256707 0.05262722081580597 0.9103881423880426 0.05781019415421927 0.9055042522390461 0.05545116420643812
0 0.9409815074089655 0.05164259691414886 0.9487140887650947 0.05164259691414886 0.9487140887650947 0.06089407817951777 0.9409815074089655 0.06089407817951777
0 0.9522121612833437 0.05854668741069282 0.9564466701212241 0.05854668741069282 0.9564466701212241 0.06351763256820447 0.9522121612833437 0.06351763256820447
0 0.9549737974819612 0.04225303383884907 0.9625222697581827 0.04225303383884907 0.9625222697581827 0.04874287890560038 0.9549737974819612 0.04874287890560038
0 0.9728323782330217 0.055232723972351724 0.9853517956667545 0.055232723972351724 0.9853517956667545 0.060203669129863385 0.9728323782330217 0.060203669129863385
0 0.14845986007489165 0.3648455469127329 0.15432836431881966 0.3648455469127329 0.15432836431881966 0.37468392167461223 0.14845986007489165 0.37468392167461223
0 0.14915027233888317 0.4197333219000596 0.15536398271480695 0.4197333219000596 0.15536398271480695 0.428018269067958 0.14915027233888317 0.428018269067958
0 0.1886021520906612 0.46567532915738985 0.19997075167572423 0.46567532915738985 0.19997075167572423 0.4728900173556029 0.1886021520906612 0.4728900173556029
0 0.5694143554898532 0.2731163321687497 0.576616434294468 0.2731163321687497 0.576616434294468 0.2791930861601434 0.5694143554898532 0.2791930861601434
0 0.5041455163230322 0.3402982235180466 0.5099972053517816 0.3402982235180466 0.5099972053517816 0.34772536728530556 0.5041455163230322 0.34772536728530556
0 0.5248514928862995 0.34738776984133923 0.5329538315414911 0.34738776984133923 0.5329538315414911 0.35684049827239606 0.5248514928862995 0.35684049827239606
0 0.5635626664611038 0.3440117954016761 0.568063965713988 0.3440117954016761 0.568063965713988 0.3487381596172045 0.5635626664611038 0.3487381596172045
0 0.5541099380300469 0.37844673468624035 0.5590613672082195 0.37844673468624035 0.5590613672082195 0.38351069634573504 0.5541099380300469 0.38351069634573504
0 0.5212504534839921 0.40950569953114135 0.5302530519897606 0.40950569953114135 0.5302530519897606 0.41794563563029935 0.5212504534839921 0.41794563563029935
0 0.5923709816795627 0.4000529711000846 0.5986728006336006 0.4000529711000846 0.5986728006336006 0.4074801148673436 0.5923709816795627 0.4074801148673436
0 0.6355834545072512 0.41355686885873716 0.6454863128635965 0.41355686885873716 0.6454863128635965 0.4182832330742656 0.6355834545072512 0.4182832330742656
0 0.7031029433005145 0.3527893289448003 0.7085045024039754 0.3527893289448003 0.7085045024039754 0.36156686248792463 0.7031029433005145 0.36156686248792463
0 0.7265096994155122 0.2825690605998065 0.7314611285936848 0.2825690605998065 0.7314611285936848 0.29067139925499813 0.7265096994155122 0.29067139925499813
0 0.8204532243328275 0.22974641418594635 0.8267944204780872 0.22974641418594635 0.8267944204780872 0.2352339877731903 0.8204532243328275 0.2352339877731903
0 0.19441859616358212 0.8316055705764179 0.2019645234119403 0.8316055705764179 0.2019645234119403 0.8385966502329849 0.19441859616358212 0.8385966502329849
0 0.2250461832304478 0.8242815823647761 0.22992884203820896 0.8242815823647761 0.22992884203820896 0.8302739363561195 0.2250461832304478 0.8302739363561195
0 0.2774237958955224 0.8242815823647761 0.2823064547032836 0.8242815823647761 0.2823064547032836 0.8322713876865672 0.2774237958955224 0.8322713876865672
0 0.28977272376626945 0.7100999281783928 0.2944753722972521 0.7100999281783928 0.2944753722972521 0.7179936596411138 0.28977272376626945 0.7179936596411138
0 0.41629636281413823 0.7324375087005609 0.42144688263378605 0.7324375087005609 0.42144688263378605 0.736468350298546 0.41629636281413823 0.736468350298546
0 0.49144312063345147 0.7710728841848735 0.4972469734128491 0.7710728841848735 0.4972469734128491 0.774990484810967 0.49144312063345147 0.774990484810967
0 0.6390041910116807 0.7763813863000231 0.6491028948478327 0.7763813863000231 0.6491028948478327 0.7800378135510435 0.6390041910116807 0.7800378135510435
0 0.5364717564251287 0.8237519203111323 0.5498604663531224 0.8237519203111323 0.5498604663531224 0.8279070371853373 0.5364717564251287 0.8279070371853373
0 0.6928272654692855 0.8171729852603079 0.6997524602596271 0.8171729852603079 0.6997524602596271 0.8253677990955454 0.6928272654692855 0.8253677990955454
0 0.7085243736607264 0.800898777503005 0.7136028498403103 0.800898777503005 0.7136028498403103 0.8065543532484507 0.7085243736607264 0.8065543532484507
0 0.4913353565400482 0.5025612973085202 0.4954199183887524 0.5025612973085202 0.4954199183887524 0.5065437451110069 0.4913353565400482 0.5065437451110069
0 0.4649752207538638 0.5639164200879837 0.46846133513530336 0.5639164200879837 0.46846133513530336 0.5685422257095093 0.4649752207538638 0.5685422257095093
0 0.510756235487412 0.6238050967035901 0.517260101564282 0.6238050967035901 0.517260101564282 0.6296992253357535 0.510756235487412 0.6296992253357535
0 0.5522183817274582 0.6177077222565245 0.5611611975831543 0.6177077222565245 0.5611611975831543 0.6225856218141771 0.5522183817274582 0.6225856218141771
0 0.8516082990553723 0.819318588579475 0.866309305450903 0.819318588579475 0.866309305450903 0.8250939839491478 0.8516082990553723 0.8250939839491478
0 0.9895177400039201 0.8327070051182617 0.9965182192398871 0.8327070051182617 0.9965182192398871 0.836907292659842 0.9895177400039201 0.836907292659842
0 0.8439077718958089 0.7592019731406093 0.8484580833991878 0.7592019731406093 0.8484580833991878 0.7676025482237697 0.8439077718958089 0.7676025482237697
0 0.8761099763812564 0.7481762183439613 0.8813603358082317 0.7481762183439613 0.8813603358082317 0.7544766496563317 0.8761099763812564 0.7544766496563317
0 0.8333080460052571 0.6814567776404837 0.8380013984131697 0.6792298298142797 0.8447150084170256 0.6871887061898166 0.840021656009113 0.6894156540160207
