0 0.19791963765116158 0.1431668423052536 0.20111532609547522 0.1431668423052536 0.20111532609547522 0.14652231517178296 0.19791963765116158 0.14652231517178296
0 0.21240675859871697 0.13629611214997914 0.21496330935416788 0.13629611214997914 0.21496330935416788 0.14029072270537127 0.21240675859871697 0.14029072270537127
0 0.23882444973837683 0.15179520110490058 0.24265927587155325 0.15179520110490058 0.24265927587155325 0.15610938050472406 0.23882444973837683 0.15610938050472406
0 0.2886771894696705 0.1567485181935868 0.2942163827731476 0.1567485181935868 0.2942163827731476 0.16138226643784165 0.2886771894696705 0.16138226643784165
0 0.769521777390738 0.13405913023895955 0.7727174658350515 0.13405913023895955 0.7727174658350515 0.13805374079435168 0.769521777390738 0.13805374079435168
0 0.8249137104255087 0.1313427950612929 0.8293876742475477 0.1313427950612929 0.8293876742475477 0.13485805235003795 0.8249137104255087 0.13485805235003795
0 0.8306659496252736 0.15387239859370444 0.8359920970324629 0.15387239859370444 0.8359920970324629 0.1577072247268809 0.8306659496252736 0.1577072247268809
0 0.8464313459505545 0.23600159161256645 0.8511183556688809 0.23600159161256645 0.8511183556688809 0.23887771121244877 0.8464313459505545 0.23887771121244877
0 0.1804498741555801 0.21491004788009604 0.18513688387390678 0.21491004788009604 0.18513688387390678 0.2197035805465666 0.1804498741555801 0.2197035805465666
0 0.19088912307367142 0.26220623685593875 0.19706745406601126 0.26220623685593875 0.19706745406601126 0.26763890721127204 0.19088912307367142 0.26763890721127204
0 0.5694716807767006 0.2583714107227623 0.5777804707319163 0.2583714107227623 0.5777804707319163 0.2609279614782133 0.5694716807767006 0.2609279614782133
0 0.8023308454190253 0.3063067373874677 0.805526533863339 0.3063067373874677 0.805526533863339 0.3111002700539382 0.8023308454190253 0.3111002700539382
0 0.49320124990574704 0.32516129920891856 0.49788825962407385 0.32516129920891856 0.49788825962407385 0.3299548318753891 0.49320124990574704 0.3299548318753891
0 0.1800237823630049 0.35488120174103593 0.1840716543924689 0.35488120174103593 0.1840716543924689 0.35807689018534966 0.1800237823630049 0.35807689018534966
0 0.8777195004333297 0.7332961196391363 0.8822516148933982 0.7332961196391363 0.8822516148933982 0.7416805313902637 0.8777195004333297 0.7416805313902637
0 0.8795323462173569 0.8053567395542306 0.8879922932094854 0.8053567395542306 0.8879922932094854 0.8087558253992823 0.8795323462173569 0.8087558253992823
0 0.8508289546369211 0.8513577013239292 0.8571739148810175 0.8513577013239292 0.8571739148810175 0.8597421130750565 0.8508289546369211 0.8597421130750565
0 0.13194901041481719 0.8506778841549189 0.13678326583889064 0.8506778841549189 0.13678326583889064 0.8586090844600393 0.13194901041481719 0.8586090844600393
0 0.1509838911471063 0.680270380456331 0.1591416971752302 0.680270380456331 0.1591416971752302 0.6868419464234309 0.1509838911471063 0.6868419464234309
0 0.33105990569384103 0.561075770156521 0.3358941611179144 0.561075770156521 0.3358941611179144 0.5665143075086034 0.33105990569384103 0.5665143075086034
0 0.307192059167307 0.2942217277802429 0.3115155029629951 0.2942217277802429 0.3115155029629951 0.29661099935154417 0.307192059167307 0.29661099935154417
