0 0.7112202876241185 0.26712032742456115 0.7138266245796889 0.26712032742456115 0.7138266245796889 0.2732017803208927 0.7112202876241185 0.2732017803208927
0 0.7262067251186489 0.1732921970240181 0.7297904384325585 0.1732921970240181 0.7297904384325585 0.18371754484630076 0.7262067251186489 0.18371754484630076
0 0.8229669845942095 0.13723786913862424 0.8298086191025824 0.13723786913862424 0.8298086191025824 0.14331932203495573 0.8229669845942095 0.14331932203495573
0 0.9123619198689371 0.1559166173202138 0.9192035543773102 0.1559166173202138 0.9192035543773102 0.16243245970914044 0.9123619198689371 0.16243245970914044
0 0.9117103356300446 0.34617921507687055 0.9162714253022933 0.34617921507687055 0.9162714253022933 0.35399822594358255 0.9117103356300446 0.35399822594358255
0 0.43866017819397335 0.9252850072736419 0.4432212678662219 0.9252850072736419 0.4432212678662219 0.9335384076329488 0.43866017819397335 0.9335384076329488
0 0.4397728195211962 0.42868037354957106 0.4433565328351058 0.42868037354957106 0.4433565328351058 0.4355064941474942 0.4397728195211962 0.4355064941474942
0 0.5170786352926754 0.5542809925513562 0.522710184785962 0.5542809925513562 0.522710184785962 0.5604245010894872 0.5170786352926754 0.5604245010894872
0 0.5741721858085268 0.5493608627945964 0.5808139861230251 0.5493608627945964 0.5808139861230251 0.5539414147356296 0.5741721858085268 0.5539414147356296
0 0.6339483886390116 0.44309205776262334 0.6408192165505615 0.44309205776262334 0.6408192165505615 0.4479779798330588 0.6339483886390116 0.4479779798330588
0 0.6076148120500661 0.7043733242418065 0.6133732330801767 0.7043733242418065 0.6133732330801767 0.7109921989890601 0.6076148120500661 0.7109921989890601
0 0.29496514400378554 0.13861559300315882 0.29880265622618807 0.13861559300315882 0.29880265622618807 0.14489515845799988 0.29496514400378554 0.14489515845799988
