0 0.42097752803553384 0.0 0.45338708537766803 0.0 0.45338708537766803 0.01215358400330033 0.42097752803553384 0.01215358400330033
0 0.5219747532412542 0.020350187168316835 0.5359184000047306 0.020350187168316835 0.5359184000047306 0.035330186056105606 0.5219747532412542 0.035330186056105606
0 0.4386897279783281 0.03787395945214521 0.4714761406383942 0.03787395945214521 0.4714761406383942 0.05285395833993399 0.4386897279783281 0.05285395833993399
0 0.4130334284532453 0.08027018271947195 0.43828273475467544 0.08027018271947195 0.43828273475467544 0.10401206774917492 0.4130334284532453 0.10401206774917492
0 0.4933036111727172 0.14499508357425742 0.5200603387458744 0.14499508357425742 0.5200603387458744 0.1599750824620462 0.4933036111727172 0.1599750824620462
0 0.48011367504510455 0.13227621659405941 0.4948110324444444 0.13227621659405941 0.4948110324444444 0.14951734738943895 0.48011367504510455 0.14951734738943895
0 0.5569921599031903 0.15262640376237624 0.570182096030803 0.15262640376237624 0.570182096030803 0.16534527074257427 0.5569921599031903 0.16534527074257427
0 0.3768553179317932 0.2662482821188119 0.40700374336633666 0.2662482821188119 0.40700374336633666 0.28801167672937295 0.3768553179317932 0.28801167672937295
0 0.47935996440924084 0.3465184648382838 0.5049861260286029 0.3465184648382838 0.5049861260286029 0.3575414828877888 0.47935996440924084 0.3575414828877888
0 0.48840449203960395 0.37873959452145217 0.5306122876479648 0.37873959452145217 0.5306122876479648 0.39569808382838284 0.48840449203960395 0.39569808382838284
0 0.5125232323872387 0.4598577017062706 0.5404105259141915 0.4598577017062706 0.5404105259141915 0.47172864422112204 0.5125232323872387 0.47172864422112204
0 0.3542439989957969 0.48614336013201315 0.3802470157931794 0.48614336013201315 0.3802470157931794 0.5025365664620463 0.3542439989957969 0.5025365664620463
0 0.3832618583366337 0.5062109058118812 0.4130334284532453 0.5062109058118812 0.4130334284532453 0.52119090469967 0.3832618583366337 0.52119090469967
0 0.4522263815181519 0.5339097716798681 0.4748377005940594 0.5339097716798681 0.4748377005940594 0.5469112801485149 0.4522263815181519 0.5469112801485149
0 0.5042324153927392 0.5926992012772277 0.5404105259141913 0.5926992012772277 0.5404105259141913 0.6099403320726073 0.5042324153927392 0.6099403320726073
0 0.5517161854521452 0.6079618416534653 0.5792266236611661 0.6079618416534653 0.5792266236611661 0.6218112745874587 0.5517161854521452 0.6218112745874587
0 0.26982840763916394 0.5748927875049504 0.2901785948074807 0.5748927875049504 0.2901785948074807 0.5963735406270627 0.26982840763916394 0.5963735406270627
0 0.3063833734785478 0.6297252362640263 0.3252261393751375 0.6297252362640263 0.3252261393751375 0.6562935361782177 0.3063833734785478 0.6562935361782177
0 0.42132424544774477 0.6506407064092409 0.4507189602464246 0.6506407064092409 0.4507189602464246 0.6596852340396041 0.42132424544774477 0.6596852340396041
0 0.5358882620990099 0.6726867426259253 0.5551078833135313 0.6726867426259253 0.5551078833135313 0.6955807030726073 0.5358882620990099 0.6955807030726073
0 0.5961851129680967 0.6791874967425743 0.6161584448184817 0.6791874967425743 0.6161584448184817 0.6950154200957096 0.5961851129680967 0.6950154200957096
0 0.420947390129813 0.6800354212079207 0.43979015602640265 0.6800354212079207 0.43979015602640265 0.6995376839108911 0.420947390129813 0.6995376839108911
0 0.482751662270627 0.6854056094884489 0.49481103244444435 0.6854056094884489 0.49481103244444435 0.6978418349801979 0.482751662270627 0.6978418349801979
0 0.4906656239471942 0.7905482429796052 0.5125232323872382 0.7905482429796052 0.5125232323872382 0.8027018271947187 0.4906656239471942 0.8027018271947187
0 0.6187964320440044 0.7778293762112212 0.6316095128536855 0.7778293762112212 0.6316095128536855 0.7933746580759076 0.6187964320440044 0.7933746580759076
0 0.6010842321012102 0.8205082409669966 0.6161584448184818 0.8205082409669966 0.6161584448184818 0.8380320132508251 0.6010842321012102 0.8380320132508251
0 0.6218112745874588 0.8250305047821782 0.6346243553971397 0.8250305047821782 0.6346243553971397 0.8391625792046203 0.6218112745874588 0.8391625792046203
0 0.5965619692654074 0.8660135205837223 0.6289715254322867 0.8660135205837223 0.6289715254322867 0.8959735183592997 0.5965619692654074 0.8959735183592997
0 0.1469318049183282 0.8356115363424249 0.16241032115045287 0.8356115363424249 0.16241032115045287 0.8562685267551502 0.1469318049183282 0.8562685267551502
0 0.2024723633827322 0.84790329936058 0.24116865374332286 0.84790329936058 0.24116865374332286 0.8612193758249811 0.2024723633827322 0.8612193758249811
0 0.5869516481244372 0.930417837694279 0.6188839272600861 0.930417837694279 0.6188839272600861 0.9475706497975498 0.5869516481244372 0.9475706497975498
0 0.6469325508251831 0.9634289100439699 0.6607411039649232 0.9634289100439699 0.6607411039649232 0.9789635323261774 0.6469325508251831 0.9789635323261774
