0 0.0002870611731273284 0.5440368452954218 0.008611835193819853 0.5440368452954218 0.008611835193819853 0.5522180887295507 0.0002870611731273284 0.5522180887295507
0 0.017223670387639705 0.506790658082151 0.029280239658987493 0.506790658082151 0.029280239658987493 0.5257366955085546 0.017223670387639705 0.5257366955085546
0 0.17252376504952438 0.4871987330162108 0.18429327314774482 0.4871987330162108 0.18429327314774482 0.5033459240046231 0.17252376504952438 0.5033459240046231
0 0.10075847176769226 0.46502325739212474 0.11482446925093133 0.46502325739212474 0.11482446925093133 0.47621864314409046 0.10075847176769226 0.47621864314409046
0 0.21960179744240624 0.36126648638074277 0.23797371252255525 0.36126648638074277 0.23797371252255525 0.3776289732490004 0.21960179744240624 0.3776289732490004
0 0.28907060133921963 0.3423204489543391 0.30371072116871345 0.3423204489543391 0.30371072116871345 0.35760645642336936 0.28907060133921963 0.35760645642336936
0 0.3522240594272319 0.3248814826868539 0.3677253627761077 0.3248814826868539 0.3677253627761077 0.3296179920434548 0.3522240594272319 0.3296179920434548
0 0.37030891333425364 0.3382298272372747 0.386384339029384 0.3382298272372747 0.386384339029384 0.3444734077527941 0.37030891333425364 0.3444734077527941
0 0.3743277697580363 0.3451192953923306 0.3904031954531666 0.3451192953923306 0.3904031954531666 0.36191237402027926 0.3743277697580363 0.36191237402027926
0 0.4202575574584088 0.33650746019851074 0.4346106161147752 0.33650746019851074 0.4346106161147752 0.35093228414815897 0.4202575574584088 0.35093228414815897
0 0.4400647784041943 0.321006156849635 0.45240840884866945 0.321006156849635 0.45240840884866945 0.33607686843881973 0.4400647784041943 0.33607686843881973
0 0.44264832896234035 0.3076578122992142 0.4584366934843435 0.3076578122992142 0.4584366934843435 0.31799201453179804 0.44264832896234035 0.31799201453179804
0 0.4871428107970763 0.29581653890771187 0.49604170716402346 0.29581653890771187 0.49604170716402346 0.3050742617410682 0.4871428107970763 0.3050742617410682
0 0.48427219906580304 0.320575565089944 0.5012088082803153 0.320575565089944 0.5012088082803153 0.33134035908221876 0.48427219906580304 0.33134035908221876
0 0.5439809230762873 0.2895729583921925 0.5548892476551257 0.2895729583921925 0.5548892476551257 0.2990459771053943 0.5439809230762873 0.2990459771053943
0 0.5861789155260045 0.28096112319837263 0.6025414023942622 0.28096112319837263 0.6025414023942622 0.290218846031729 0.5861789155260045 0.290218846031729
0 0.5922072001616785 0.292371804830184 0.6019672800480077 0.292371804830184 0.6019672800480077 0.30098364002400385 0.5922072001616785 0.30098364002400385
0 0.6183297669162653 0.320144973330253 0.6275157244563399 0.320144973330253 0.6275157244563399 0.3322015426016009 0.6183297669162653 0.3322015426016009
0 0.028818709065800353 0.4187447497864121 0.05158548922778264 0.4187447497864121 0.05158548922778264 0.4267419415521717 0.028818709065800353 0.4267419415521717
0 0.044380811961332554 0.45151712428842705 0.05533192140633669 0.45151712428842705 0.05533192140633669 0.4599465966901736 0.044380811961332554 0.4599465966901736
0 0.024649439353853955 0.6687972883508906 0.04277402711404069 0.6687972883508906 0.04277402711404069 0.679128303374197 0.024649439353853955 0.679128303374197
0 0.3015931401885854 0.6524851593667226 0.31246789298561944 0.6524851593667226 0.31246789298561944 0.6649911249212515 0.3015931401885854 0.6649911249212515
0 0.13845875671826718 0.8304931354058337 0.15358242500871286 0.8304931354058337 0.15358242500871286 0.8397735682204254 0.13845875671826718 0.8397735682204254
0 0.7786419017318126 0.8285896856020264 0.7919290018360668 0.8285896856020264 0.7919290018360668 0.8376207614541367 0.7786419017318126 0.8376207614541367
0 0.8051090101634975 0.692428255837518 0.8196766195048117 0.692428255837518 0.8196766195048117 0.7027633840864234 0.8051090101634975 0.7027633840864234
0 0.9397609667778083 0.7122126441997082 0.9570846103188307 0.7122126441997082 0.9570846103188307 0.7201854574202925 0.9397609667778083 0.7201854574202925
0 0.773623138162261 0.47296531120704693 0.7859262284795293 0.47296531120704693 0.7859262284795293 0.48957448313535934 0.773623138162261 0.48957448313535934
0 0.711938826359266 0.21407377152047055 0.7234217106553832 0.21407377152047055 0.7234217106553832 0.22576170732187553 0.711938826359266 0.22576170732187553
0 0.7857573682628768 0.20484645378251926 0.7931392224532376 0.20484645378251926 0.7931392224532376 0.21468892603633397 0.7857573682628768 0.21468892603633397
0 0.8726992065049067 0.22268593474255843 0.8850022968221752 0.22268593474255843 0.8850022968221752 0.24052541570259767 0.8726992065049067 0.24052541570259767
0 0.8489132318915211 0.25898005117850026 0.8571152921030333 0.25898005117850026 0.8571152921030333 0.2712831414957687 0.8489132318915211 0.2712831414957687
0 0.5648815247287956 0.3693867123149688 0.5745421076054925 0.3693867123149688 0.5745421076054925 0.3838775866300142 0.5648815247287956 0.3838775866300142
0 0.5867788459159753 0.4089951021094263 0.5990155842264582 0.4089951021094263 0.5990155842264582 0.4176896266984536 0.5867788459159753 0.4176896266984536
