0 0.539279959960396 0.08366188058085808 0.5622681343542354 0.08366188058085808 0.5622681343542354 0.11390451984488449 0.539279959960396 0.11390451984488449
0 0.5238288919251924 0.12577546235973597 0.5554847386314631 0.12577546235973597 0.5554847386314631 0.14471244208580858 0.5238288919251924 0.14471244208580858
0 0.2359114290253025 0.12125319854455445 0.2607838800088009 0.12125319854455445 0.2607838800088009 0.1399075367821782 0.2359114290253025 0.1399075367821782
0 0.31241305856545654 0.19247885363366335 0.34595318186138607 0.19247885363366335 0.34595318186138607 0.21169847484818483 0.31241305856545654 0.21169847484818483
0 0.4360216028470847 0.22328677587458745 0.4657931729636964 0.22328677587458745 0.4657931729636964 0.24420224601980198 0.4360216028470847 0.24420224601980198
0 0.33841607550275027 0.2563558300231023 0.36291167116831685 0.2563558300231023 0.36291167116831685 0.2851852618448845 0.33841607550275027 0.2851852618448845
0 0.26003016937293727 0.29903469477887784 0.2811340671771177 0.29903469477887784 0.2811340671771177 0.3256029946930693 0.26003016937293727 0.3256029946930693
0 0.21857608440044 0.29055545012541256 0.25249306301430147 0.29055545012541256 0.25249306301430147 0.31344941068976895 0.21857608440044 0.31344941068976895
0 0.16167093139273925 0.23826677476237626 0.19181935682728277 0.23826677476237626 0.19181935682728277 0.2563558300231023 0.16167093139273925 0.2563558300231023
0 0.10175093584158416 0.23289658648184822 0.12473911023542357 0.23289658648184822 0.12473911023542357 0.2546599810924093 0.10175093584158416 0.2546599810924093
0 0.154887535669967 0.2662482821188119 0.1925730674631463 0.2662482821188119 0.1925730674631463 0.28490262035643565 0.154887535669967 0.28490262035643565
0 0.07838590612981298 0.2987520532904291 0.10891118688228824 0.2987520532904291 0.10891118688228824 0.3117535617590759 0.07838590612981298 0.3117535617590759
0 0.11117231878987897 0.32164601385478553 0.13792904636303627 0.32164601385478553 0.13792904636303627 0.34651846483828386 0.11117231878987897 0.34651846483828386
0 0.1477272846292629 0.34510525739603964 0.1820211185610561 0.34510525739603964 0.1820211185610561 0.3694124254026403 0.1477272846292629 0.3694124254026403
0 0.14471244208580858 0.39004525405940604 0.17109231434103409 0.39004525405940604 0.17109231434103409 0.40728638485478547 0.14471244208580858 0.40728638485478547
0 0.17749885474587457 0.4669237389174917 0.20463243763696368 0.4669237389174917 0.20463243763696368 0.48049053036303635 0.17749885474587457 0.48049053036303635
0 0.21819922908250824 0.4787946814323432 0.25173935237843786 0.4787946814323432 0.25173935237843786 0.49660109520462054 0.21819922908250824 0.49660109520462054
0 0.18277482919691956 0.5081893962310234 0.223852058851485 0.5081893962310234 0.223852058851485 0.5302354321888237 0.18277482919691956 0.5302354321888237
0 0.008877384309600942 0.18677477347250918 0.043118723789490304 0.18677477347250918 0.043118723789490304 0.2042124926520824 0.008877384309600942 0.2042124926520824
0 0.22884073432037813 0.4330492376356581 0.23557499111017763 0.4452613572647342 0.20388706219341757 0.45509048558405507 0.1971528054036181 0.442878365954979
0 0.23085775593130864 0.4441764329514911 0.2493521636566672 0.449096127338826 0.2397363977824206 0.46942946674489705 0.22124199005706202 0.4645097723575622
0 0.1362476918676483 0.5783277535251781 0.16755567212659728 0.5783277535251781 0.16755567212659728 0.6105053999024311 0.1362476918676483 0.6105053999024311
0 0.1292903629212152 0.6302903040938502 0.19335576696962 0.6302903040938502 0.19335576696962 0.654640955406366 0.1292903629212152 0.654640955406366
0 0.09856216007446898 0.7372594517923331 0.11856448079546415 0.7372594517923331 0.11856448079546415 0.7529134419218076 0.09856216007446898 0.7529134419218076
0 0.2681470531437759 0.7253015426656514 0.29394714798679866 0.7253015426656514 0.29394714798679866 0.7455212799162223 0.2681470531437759 0.7455212799162223
0 0.14523424175679106 0.8172687346763139 0.17161411401201657 0.8172687346763139 0.17161411401201657 0.8466199661690785 0.14523424175679106 0.8466199661690785
0 0.06203618310569519 0.8455328835211984 0.07826995064737242 0.8455328835211984 0.07826995064737242 0.8603172075323687 0.06203618310569519 0.8603172075323687
0 0.09856216007446898 0.8831459431378523 0.13392858221883727 0.8831459431378523 0.13392858221883727 0.8990173497969027 0.09856216007446898 0.8990173497969027
0 0.16784556083269897 0.9167294689551346 0.20582098156875261 0.9167294689551346 0.20582098156875261 0.9358621238293818 0.16784556083269897 0.9358621238293818
0 0.16237757166667388 0.9656061280347055 0.1837315277977983 0.9656061280347055 0.1837315277977983 0.9942239298989582 0.16237757166667388 0.9942239298989582
