0 0.15416768979314346 0.27949148191593937 0.15681661917103254 0.27949148191593937 0.15681661917103254 0.2837297689205619 0.15416768979314346 0.2837297689205619
0 0.16882509901746295 0.30280206044136315 0.17112083781163348 0.30280206044136315 0.17112083781163348 0.3086885701700055 0.16882509901746295 0.3086885701700055
0 0.1765952918592709 0.2825524669748334 0.1788910306534414 0.2825524669748334 0.1788910306534414 0.28796805592518443 0.1765952918592709 0.28796805592518443
0 0.19019312933243473 0.27384043257644275 0.1928420587103238 0.27384043257644275 0.1928420587103238 0.27784325919191954 0.19019312933243473 0.27784325919191954
0 0.19584417867193143 0.2766659572461911 0.19796332217424267 0.2766659572461911 0.19796332217424267 0.281375165029105 0.19584417867193143 0.281375165029105
0 0.19072291520801254 0.23969867615031695 0.19266546341846452 0.23969867615031695 0.19266546341846452 0.24417242354408517 0.19072291520801254 0.24417242354408517
0 0.2279845217903187 0.24252420082006534 0.22975047470891138 0.24252420082006534 0.22975047470891138 0.2458206462681051 0.2279845217903187 0.2458206462681051
0 0.22992707000077067 0.27007306635011163 0.23381216642167457 0.27007306635011163 0.23381216642167457 0.2733695117981514 0.22992707000077067 0.2733695117981514
0 0.21738880427876248 0.27478227413302553 0.22021432894851078 0.27478227413302553 0.22021432894851078 0.28043332347252226 0.21738880427876248 0.28043332347252226
0 0.20361437151373932 0.29267726370809827 0.20573351501605058 0.29267726370809827 0.20573351501605058 0.29809285265844926 0.20361437151373932 0.29809285265844926
0 0.2191547571973552 0.3086885701700055 0.22233347245082205 0.3086885701700055 0.22233347245082205 0.3138686987312108 0.2191547571973552 0.3138686987312108
0 0.33040979106869584 0.2533553787207673 0.332528934571007 0.2533553787207673 0.332528934571007 0.2575936657253897 0.33040979106869584 0.2575936657253897
0 0.35372036959411957 0.2667766209020718 0.3568990848475865 0.2667766209020718 0.3568990848475865 0.2721922098524229 0.35372036959411957 0.2721922098524229
0 0.3564103669003638 0.2786796091707427 0.360120842365133 0.28141064838976165 0.3592066228375784 0.2836188035875866 0.35549614737280927 0.2808877643685677
0 0.35490508907634344 0.281691012347864 0.3568965285826834 0.28111793623093145 0.3576227543515547 0.2856043976475134 0.35563131484521476 0.28617747376444586
0 0.3813085833794709 0.28004146105520095 0.3836971345621575 0.28004146105520095 0.3836971345621575 0.28406921402992724 0.3813085833794709 0.28406921402992724
0 0.3994977550699417 0.2834209151119153 0.40219094778367187 0.2834209151119153 0.40219094778367187 0.2870118387302223 0.3994977550699417 0.2870118387302223
0 0.40283218414408384 0.30958335861672315 0.40539712958573165 0.30958335861672315 0.40539712958573165 0.31556823131390144 0.40283218414408384 0.31556823131390144
0 0.42719916583973827 0.296416638682931 0.42925112219305656 0.296416638682931 0.42925112219305656 0.2998365659384614 0.42719916583973827 0.2998365659384614
0 0.4302771003697156 0.2827369296608092 0.4328420458113635 0.2827369296608092 0.4328420458113635 0.2894057878090936 0.4302771003697156 0.2894057878090936
0 0.46669932564111494 0.2895767841718701 0.4695207656269274 0.2895767841718701 0.4695207656269274 0.29675863140848396 0.46669932564111494 0.29675863140848396
0 0.4549005766095348 0.312148304058371 0.45849150022784174 0.312148304058371 0.45849150022784174 0.3159102240394545 0.4549005766095348 0.3159102240394545
0 0.46644283109695 0.25657448615600137 0.4686230347223507 0.25657448615600137 0.4686230347223507 0.2620463697648501 0.46644283109695 0.2620463697648501
0 0.4920922855134283 0.28342091511191536 0.49375950005049934 0.28342091511191536 0.49375950005049934 0.2878668205441049 0.4920922855134283 0.2878668205441049
0 0.4956832091317353 0.26290135157873273 0.49927413275004223 0.26290135157873273 0.49927413275004223 0.269228217001464 0.4956832091317353 0.269228217001464
0 0.5065842272587386 0.261362384313744 0.5087644308841393 0.261362384313744 0.5087644308841393 0.2663212788342631 0.5065842272587386 0.2663212788342631
0 0.5188959653786481 0.284617889651351 0.5212044162761312 0.284617889651351 0.5212044162761312 0.2894057878090936 0.5188959653786481 0.2894057878090936
0 0.5308229616823106 0.2762390678753014 0.5331314125797937 0.2762390678753014 0.5331314125797937 0.280684973307491 0.5308229616823106 0.280684973307491
0 0.5533944815688114 0.25110260254715266 0.5553181906500472 0.25110260254715266 0.5553181906500472 0.253838544351577 0.5533944815688114 0.253838544351577
0 0.5612175651658373 0.2844468932885744 0.5636542633354028 0.2844468932885744 0.5636542633354028 0.2895767841718701 0.5612175651658373 0.2895767841718701
0 0.5880212450310571 0.2779490315030665 0.589944954112293 0.2779490315030665 0.589944954112293 0.2832499187491388 0.5880212450310571 0.2832499187491388
0 0.6144326805467377 0.2604274605086427 0.6160998950838086 0.2604274605086427 0.6160998950838086 0.2650443623036088 0.6144326805467377 0.2650443623036088
0 0.6134067023700784 0.30334754756555 0.6171258732604677 0.30334754756555 0.6171258732604677 0.30693847118385686 0.6134067023700784 0.30693847118385686
0 0.6902268183474309 0.26726731501970385 0.6927917637890787 0.26726731501970385 0.6927917637890787 0.27188421681466995 0.6902268183474309 0.27188421681466995
0 0.7142090582268381 0.2862479112878978 0.7167740036684861 0.2862479112878978 0.7167740036684861 0.2924037803478526 0.7142090582268381 0.2924037803478526
0 0.8189870795181521 0.3101509779808871 0.8214626690236861 0.3101509779808871 0.8214626690236861 0.313540043198615 0.8189870795181521 0.313540043198615
0 0.8181497713892486 0.31316632671460337 0.8201602799518042 0.31316632671460337 0.8201602799518042 0.31715755852767635 0.8181497713892486 0.31715755852767635
0 0.8463415692330816 0.3142385979479662 0.850049840581795 0.3142385979479662 0.850049840581795 0.31656185228691913 0.8463415692330816 0.31656185228691913
0 0.6694897617934017 0.3281231191547229 0.6740360459744611 0.3281231191547229 0.6740360459744611 0.3318128570408001 0.6694897617934017 0.3318128570408001
0 0.8594453747498405 0.4722864494178822 0.8620150136347872 0.4722864494178822 0.8620150136347872 0.4767668454224046 0.8594453747498405 0.4767668454224046
0 0.8380976055518223 0.534484888068898 0.8418532316144367 0.534484888068898 0.8418532316144367 0.5426550219594976 0.8380976055518223 0.5426550219594976
0 0.7985646996295666 0.5669018709251479 0.8007390094552906 0.5669018709251479 0.8007390094552906 0.5713822669296701 0.7985646996295666 0.5713822669296701
0 0.8216914495940861 0.6040628024920682 0.8242610884790328 0.6040628024920682 0.8242610884790328 0.6098609620273324 0.8216914495940861 0.6098609620273324
0 0.9531383617855868 0.915845653865592 0.9563009942593672 0.915845653865592 0.9563009942593672 0.9279690783484171 0.9531383617855868 0.9279690783484171
0 0.8975946289648173 0.9184811809270758 0.9035245648531557 0.9184811809270758 0.9035245648531557 0.9284961837607139 0.8975946289648173 0.9284961837607139
0 0.886723079836197 0.9161092065717403 0.8906763704284225 0.9161092065717403 0.8906763704284225 0.9279690783484171 0.886723079836197 0.9279690783484171
0 0.8641893234605112 0.9419373717742806 0.8693286012304045 0.9419373717742806 0.8693286012304045 0.9458906623665063 0.8641893234605112 0.9458906623665063
0 0.8272260564232019 0.9350850014144231 0.8315746760746501 0.9350850014144231 0.8315746760746501 0.9419373717742806 0.8272260564232019 0.9419373717742806
0 0.10513191796155037 0.878951732725055 0.11048019867180366 0.878951732725055 0.11048019867180366 0.883434101320315 0.10513191796155037 0.883434101320315
0 0.11399478313854154 0.8697832515074776 0.11995429592996663 0.8697832515074776 0.11995429592996663 0.876914292454482 0.11399478313854154 0.876914292454482
0 0.25656466607186496 0.88975016615909 0.2622185628227041 0.88975016615909 0.2622185628227041 0.8930100705920062 0.25656466607186496 0.8930100705920062
0 0.28880715835367765 0.8907688862943764 0.2949194791653957 0.8907688862943764 0.2949194791653957 0.8948437668355217 0.28880715835367765 0.8948437668355217
0 0.3516112546940805 0.8481863846394071 0.35741795946521265 0.8481863846394071 0.35741795946521265 0.8526687532346674 0.3516112546940805 0.8526687532346674
0 0.37560211388007386 0.8793592207791693 0.3806447785497412 0.8793592207791693 0.3806447785497412 0.8875089818614601 0.37560211388007386 0.8875089818614601
0 0.47294082280668376 0.8345355348265707 0.47553855915166393 0.8345355348265707 0.47553855915166393 0.8384066713406586 0.47294082280668376 0.8384066713406586
0 0.4697318543805318 0.9038085040260416 0.47232959072551195 0.9038085040260416 0.47232959072551195 0.9064571763777862 0.4697318543805318 0.9064571763777862
0 0.5413988158979258 0.8866940057532311 0.5453718244255427 0.8866940057532311 0.5453718244255427 0.8932138146190639 0.5413988158979258 0.8932138146190639
0 0.6217758345720182 0.8072338352008965 0.6275825393431503 0.8072338352008965 0.6275825393431503 0.8153835962831874 0.6217758345720182 0.8153835962831874
0 0.6621171519293573 0.8086600433902974 0.6691463208628331 0.8086600433902974 0.6691463208628331 0.8119199478232138 0.6621171519293573 0.8119199478232138
0 0.1783474397711003 0.3716580011322879 0.1804959936784333 0.3716580011322879 0.1804959936784333 0.37676566970079955 0.1783474397711003 0.37676566970079955
0 0.16303055350514556 0.38264149111927503 0.16579733233507143 0.38264149111927503 0.16579733233507143 0.3866379494291679 0.16303055350514556 0.3866379494291679
0 0.1822827228633794 0.40108668331878056 0.18631760865702127 0.40108668331878056 0.18631760865702127 0.4056979813686572 0.1822827228633794 0.4056979813686572
0 0.23173889444830423 0.35435886308003295 0.23542793288820535 0.35435886308003295 0.23542793288820535 0.3572793518449547 0.23173889444830423 0.3572793518449547
0 0.2539884075389576 0.3998570038388128 0.25721631617387125 0.3998570038388128 0.25721631617387125 0.403546042278714 0.2539884075389576 0.403546042278714
0 0.1648540558987782 0.4334496347368814 0.16836540484511536 0.4334496347368814 0.16836540484511536 0.43707425300406816 0.1648540558987782 0.43707425300406816
0 0.15681193411845762 0.4955212225624542 0.1603232830647948 0.4955212225624542 0.1603232830647948 0.5009581499632342 0.15681193411845762 0.5009581499632342
0 0.14487146136661963 0.5483745386731257 0.14702357846276173 0.5483745386731257 0.14702357846276173 0.5529053115071091 0.14487146136661963 0.5529053115071091
0 0.5607876322532035 0.32395385772075713 0.5675579612986295 0.32395385772075713 0.5675579612986295 0.32718998984309905 0.5607876322532035 0.32718998984309905
0 0.5615540845979686 0.3827152041527557 0.5643644098621077 0.3827152041527557 0.5643644098621077 0.38799520919447145 0.5615540845979686 0.38799520919447145
0 0.4270416980916763 0.41371394342992596 0.42997976541327615 0.41371394342992596 0.42997976541327615 0.418142334755236 0.4270416980916763 0.418142334755236
0 0.37645584333717325 0.4382404184624124 0.37939391065877326 0.4382404184624124 0.37939391065877326 0.4416468733280355 0.37645584333717325 0.4416468733280355
0 0.3348119326049308 0.48167271799910677 0.3414545195928959 0.48167271799910677 0.3414545195928959 0.4857604638378546 0.3348119326049308 0.4857604638378546
0 0.28550349842503636 0.5119901663031525 0.28984672837870584 0.5119901663031525 0.28984672837870584 0.5181217850612739 0.28550349842503636 0.5181217850612739
0 0.3265086988699744 0.5371979323087636 0.32893579796173084 0.5371979323087636 0.32893579796173084 0.5419669691206358 0.3265086988699744 0.5419669691206358
0 0.278222201149767 0.5811412000753016 0.28090478435644517 0.5811412000753016 0.28090478435644517 0.5853992686573304 0.278222201149767 0.5853992686573304
0 0.31884417542232246 0.5760315177768669 0.3225486950886876 0.5760315177768669 0.3225486950886876 0.5797786181290523 0.31884417542232246 0.5797786181290523
0 0.3519293683046868 0.5773940997231162 0.3549951776837477 0.5773940997231162 0.3549951776837477 0.5811412000753015 0.3519293683046868 0.5811412000753015
0 0.17637560492395102 0.7726009580116372 0.18000473259728336 0.7726009580116372 0.18000473259728336 0.7796979187950427 0.17637560492395102 0.7796979187950427
0 0.270007098895925 0.6816308243334404 0.2733942847243685 0.6816308243334404 0.2733942847243685 0.6858244829781799 0.270007098895925 0.6858244829781799
0 0.27557176132836786 0.686792250357735 0.2792008890017002 0.686792250357735 0.2792008890017002 0.6909859090024746 0.27557176132836786 0.6909859090024746
0 0.34098564348301236 0.6197949975240009 0.34368423372774526 0.6197949975240009 0.34368423372774526 0.6229933267029436 0.34098564348301236 0.6229933267029436
0 0.37246919633822967 0.5962073198292983 0.37536768215664656 0.5962073198292983 0.37536768215664656 0.600338495018766 0.37246919633822967 0.600338495018766
0 0.384263035185581 0.6213941621134721 0.3864618864961043 0.6213941621134721 0.3864618864961043 0.6253920735871507 0.384263035185581 0.6253920735871507
0 0.4167662077020961 0.5423864327598734 0.4204653160544816 0.5423864327598734 0.4204653160544816 0.5458239879964336 0.4167662077020961 0.5458239879964336
0 0.3791025590232623 0.5317748492035352 0.3810081602957033 0.5317748492035352 0.3810081602957033 0.5346145687467807 0.3791025590232623 0.5346145687467807
0 0.3373644136856347 0.673559163727981 0.33949487246448157 0.673559163727981 0.33949487246448157 0.6763997754331101 0.3373644136856347 0.6763997754331101
0 0.45867524297526857 0.7571065668200153 0.462058912800496 0.7571065668200153 0.462058912800496 0.7674664448034276 0.45867524297526857 0.7674664448034276
0 0.5806284964887795 0.5167266964181085 0.5856814343537926 0.5167266964181085 0.5856814343537926 0.5204015603199362 0.5806284964887795 0.5204015603199362
0 0.5820065704519648 0.5840992012849501 0.5849158377075785 0.5840992012849501 0.5849158377075785 0.5908364517716341 0.5820065704519648 0.5908364517716341
0 0.5565887617976565 0.6069650211185448 0.559651148382513 0.6069650211185448 0.559651148382513 0.6122731578656293 0.5565887617976565 0.6122731578656293
0 0.6812278958013133 0.5742995642134096 0.6836778050691984 0.5742995642134096 0.6836778050691984 0.5800160191718081 0.6812278958013133 0.5800160191718081
0 0.6866034564867226 0.6382122870586876 0.6898025782389112 0.6382122870586876 0.6898025782389112 0.6439178192424785 0.6866034564867226 0.6439178192424785
0 0.33296199581056063 0.40278364630818814 0.3353621150464166 0.40278364630818814 0.3353621150464166 0.4059838052893294 0.33296199581056063 0.4059838052893294
