0 0.7675525856942856 0.05663511099077862 0.770573124947127 0.05663511099077862 0.770573124947127 0.06041078505683053 0.7675525856942856 0.06041078505683053
0 0.7860114366838729 0.05965565024362014 0.7886963604641765 0.05965565024362014 0.7886963604641765 0.06317961270526859 0.7860114366838729 0.06317961270526859
0 0.802456594838232 0.06468988233168935 0.8064839805086875 0.06468988233168935 0.8064839805086875 0.06796213318893435 0.802456594838232 0.06796213318893435
0 0.8282989862236542 0.05713853419958555 0.8309839100039577 0.05713853419958555 0.8309839100039577 0.061165919870040907 0.8282989862236542 0.061165919870040907
0 0.829977063586344 0.0649415939360928 0.8346756802018752 0.0649415939360928 0.8346756802018752 0.06821384479333781 0.829977063586344 0.06821384479333781
0 0.8752851523789666 0.06972411441975856 0.8793125380494221 0.06972411441975856 0.8793125380494221 0.07324807688140703 0.8752851523789666 0.07324807688140703
0 0.8457509907956272 0.0936367168380873 0.8511208383562342 0.0936367168380873 0.8511208383562342 0.0969089676953323 0.8457509907956272 0.0969089676953323
0 0.7900388223543281 0.08130284822231776 0.7957442853874733 0.08130284822231776 0.7957442853874733 0.08457509907956273 0.7900388223543281 0.08457509907956273
0 0.6749227152738118 0.07828230896947622 0.6786144854717292 0.07828230896947622 0.6786144854717292 0.0810511366179143 0.6749227152738118 0.0810511366179143
0 0.7041212613846136 0.12736607182815105 0.7081486470550691 0.12736607182815105 0.7081486470550691 0.13164516910300986 0.7041212613846136 0.13164516910300986
0 0.6517652476686938 0.08130284822231776 0.6557926333391492 0.08130284822231776 0.6557926333391492 0.08558194549717658 0.6517652476686938 0.08558194549717658
0 0.6111557754916022 0.08331654105754543 0.6165256230522095 0.08331654105754543 0.6165256230522095 0.08709221512359734 0.6111557754916022 0.08709221512359734
0 0.1708282755218152 0.11805274246522299 0.1745200457197326 0.11805274246522299 0.1745200457197326 0.12208012813567835 0.1708282755218152 0.12208012813567835
0 0.28258822787695165 0.14297219130116556 0.28930053732771066 0.14297219130116556 0.28930053732771066 0.14674786536721746 0.28258822787695165 0.14674786536721746
0 0.36884140431920426 0.15933344558739052 0.3728687899896596 0.15933344558739052 0.3728687899896596 0.16537452409307357 0.36884140431920426 0.16537452409307357
0 0.6220745369263443 0.18211030499002775 0.6276564619835098 0.18211030499002775 0.6276564619835098 0.18536642794004105 0.6220745369263443 0.18536642794004105
0 0.6875071028742298 0.18629674878290195 0.6909182792980532 0.18629674878290195 0.6909182792980532 0.18955287173291524 0.6875071028742298 0.18955287173291524
0 0.8165115930842793 0.2111828313294319 0.8205429834033433 0.2111828313294319 0.8205429834033433 0.2165321761758823 0.8165115930842793 0.2165321761758823
0 0.6533953386359957 0.269095303797525 0.6568065150598191 0.269095303797525 0.6568065150598191 0.273049167379684 0.6533953386359957 0.273049167379684
0 0.6524650177931348 0.30584297709053193 0.6580469428503004 0.30584297709053193 0.6580469428503004 0.3090991000405452 0.6524650177931348 0.3090991000405452
0 0.6614581192741238 0.34980063691571106 0.6670400443312894 0.34980063691571106 0.6670400443312894 0.3532893400764396 0.6614581192741238 0.3532893400764396
0 0.6878172098218504 0.39143249463373786 0.6927789209837751 0.39143249463373786 0.6927789209837751 0.39794474053376433 0.6878172098218504 0.39794474053376433
0 0.5965595894449653 0.34939742432652404 0.6051728164112141 0.34939742432652404 0.6051728164112141 0.35417214797085755 0.5965595894449653 0.35417214797085755
0 0.5785841592545332 0.39208907102880025 0.584950457446978 0.39208907102880025 0.584950457446978 0.39714466076985927 0.5785841592545332 0.39714466076985927
0 0.5606087290641012 0.4218608772817034 0.5662260509986112 0.4218608772817034 0.5662260509986112 0.4252312704424093 0.5606087290641012 0.4252312704424093
0 0.6752020965281059 0.43253378895727246 0.6823173709784854 0.43253378895727246 0.6823173709784854 0.435061583827802 0.6752020965281059 0.435061583827802
0 0.6355063548575683 0.4600586664363717 0.6433706055658822 0.4600586664363717 0.6433706055658822 0.4637099256938032 0.6355063548575683 0.4637099256938032
0 0.5920657318973573 0.5937509284777105 0.6010534469925735 0.5937509284777105 0.6010534469925735 0.5959978572515144 0.5920657318973573 0.5959978572515144
0 0.7178937432303819 0.5645408544182582 0.724634529551794 0.5645408544182582 0.724634529551794 0.5687538458691408 0.7178937432303819 0.5687538458691408
0 0.9026330864684927 0.6513284783064384 0.9078759202740355 0.6513284783064384 0.9078759202740355 0.6555414697573207 0.9026330864684927 0.6555414697573207
0 0.8933194199359531 0.6654867051606809 0.8990449313796464 0.669108130638204 0.8965799607002044 0.6713002743342772 0.8908544492565111 0.6676788488567541
0 0.7025538901408476 0.824737175382734 0.7093418504320635 0.824737175382734 0.7093418504320635 0.8279190317692415 0.7025538901408476 0.8279190317692415
0 0.8811620953034666 0.8546466254159042 0.8862530655218784 0.8546466254159042 0.8862530655218784 0.8610103381889191 0.8811620953034666 0.8610103381889191
0 0.8913440357402904 0.8501920264747937 0.9015259761771143 0.8501920264747937 0.9015259761771143 0.8536920684999518 0.8913440357402904 0.8536920684999518
0 0.908738183986531 0.8521011403066981 0.9129806591685409 0.8521011403066981 0.9129806591685409 0.8546466254159042 0.908738183986531 0.8546466254159042
0 0.8800531377679793 0.9592750307005852 0.8840513665090466 0.9592750307005852 0.8840513665090466 0.9631733037231258 0.8800531377679793 0.9631733037231258
0 0.8336736843715982 0.9682710453679867 0.8376719131126654 0.9682710453679867 0.8376719131126654 0.9736686541684275 0.8336736843715982 0.9736686541684275
0 0.8790980007819472 0.41273713249147703 0.8840669956050199 0.41273713249147703 0.8840669956050199 0.4149110677265713 0.8790980007819472 0.4149110677265713
0 0.8935909023492424 0.4323025496073258 0.8969035655646241 0.4323025496073258 0.8969035655646241 0.43633985790107244 0.8935909023492424 0.43633985790107244
0 0.8985598971723151 0.47547069213277005 0.9035288919953879 0.47547069213277005 0.9035288919953879 0.4801291247794006 0.8985598971723151 0.4801291247794006
0 0.8911064049377059 0.5065269097769745 0.8952472339569332 0.5065269097769745 0.8952472339569332 0.5093219693649529 0.8911064049377059 0.5093219693649529
0 0.7813744359281835 0.4791974382500746 0.7859293478493333 0.4791974382500746 0.7859293478493333 0.4816819356616109 0.7813744359281835 0.4816819356616109
0 0.11002943579181224 0.30645522433564604 0.11467856688160712 0.30645522433564604 0.11467856688160712 0.31459120374278715 0.11002943579181224 0.31459120374278715
0 0.11261228639725383 0.3246643211040093 0.11622827724487207 0.3246643211040093 0.11622827724487207 0.33047573496625293 0.11261228639725383 0.33047573496625293
0 0.2102440392829464 0.3703807768203257 0.21540974049382958 0.3703807768203257 0.21540974049382958 0.3754173355009368 0.2102440392829464 0.3754173355009368
0 0.10796315530745897 0.41183552903766335 0.1115791461550772 0.41183552903766335 0.1115791461550772 0.4160972325366421 0.10796315530745897 0.4160972325366421
0 0.34248599028155646 0.30180609324585117 0.34610198112917456 0.30180609324585117 0.34610198112917456 0.30723007951727854 0.34248599028155646 0.30723007951727854
0 0.17460070092785238 0.5303883718274329 0.1777001216543823 0.5303883718274329 0.1777001216543823 0.5338752201447791 0.17460070092785238 0.5338752201447791
0 0.1549710363264961 0.6342189661661853 0.15910359729520265 0.6342189661661853 0.15910359729520265 0.6377058144835314 0.1549710363264961 0.6377058144835314
0 0.15755388693193767 0.6439046559365916 0.15962016741629095 0.6439046559365916 0.15962016741629095 0.6485537870263863 0.15755388693193767 0.6485537870263863
0 0.10899629554963558 0.6566897664335272 0.11416199676051879 0.6566897664335272 0.11416199676051879 0.6625011802957708 0.10899629554963558 0.6625011802957708
0 0.09608204252242757 0.6621137527049545 0.0991814632489575 0.6621137527049545 0.0991814632489575 0.6683125941580145 0.09608204252242757 0.6683125941580145
0 0.09058914706876338 0.7381791308441126 0.09426168005803759 0.7381791308441126 0.09426168005803759 0.7427697970807052 0.09058914706876338 0.7427697970807052
0 0.09181332473185481 0.745524196822661 0.0979342130473118 0.745524196822661 0.0979342130473118 0.7482785965646165 0.09181332473185481 0.7482785965646165
0 0.07100230445930104 0.8566183197482053 0.07651110394321232 0.8566183197482053 0.07651110394321232 0.861208985984798 0.07100230445930104 0.861208985984798
0 0.20350620941538544 0.7344666166341597 0.20787079367756137 0.7344666166341597 0.20787079367756137 0.7363628549598139 0.20350620941538544 0.7363628549598139
0 0.31478186971809247 0.7126532959346865 0.32122165124678964 0.7126532959346865 0.32122165124678964 0.7159463660345885 0.31478186971809247 0.7159463660345885
0 0.30629306679390067 0.7618298094265561 0.3092202402160358 0.7618298094265561 0.3092202402160358 0.7653424175331183 0.30629306679390067 0.7653424175331183
0 0.5846471764857825 0.9505816397562157 0.5894738819575456 0.9505816397562157 0.5894738819575456 0.9534259483377903 0.5846471764857825 0.9534259483377903
