0 0.0921547299784568 0.9426020361919271 0.11074384325720774 0.9426020361919271 0.11074384325720774 0.9889117569916225 0.0921547299784568 0.9889117569916225
0 0.12329964784022372 0.8695500822543792 0.14400857224601787 0.8695500822543792 0.14400857224601787 0.9134682207218332 0.12329964784022372 0.9134682207218332
0 0.050201608270793334 0.5510692296156613 0.06145369288321252 0.5510692296156613 0.06145369288321252 0.5903072682640976 0.050201608270793334 0.5903072682640976
0 0.13394308413629774 0.5796322136318024 0.1592602745142409 0.5796322136318024 0.1592602745142409 0.6162736173696802 0.13394308413629774 0.6162736173696802
0 0.3124617342371775 0.4942317765734397 0.32998901949783516 0.4942317765734397 0.32998901949783516 0.5481840802195431 0.3124617342371775 0.5481840802195431
0 0.2647134894642275 0.6064283003675687 0.2842108239806949 0.6064283003675687 0.2842108239806949 0.6538651142426853 0.2647134894642275 0.6538651142426853
0 0.256078393546181 0.6705475046075824 0.2753747246140251 0.6705475046075824 0.2753747246140251 0.6930598908534006 0.256078393546181 0.6930598908534006
0 0.23710920757358347 0.6708125074810782 0.24964893835936672 0.6630828248859572 0.26215707176679015 0.6991570100245131 0.24961734098100694 0.7068866926196341
0 0.43247136505806405 0.4784152763469693 0.44573001085049185 0.4887977068828217 0.42885537491717396 0.5271076951857107 0.41559672912474616 0.5167252646498582
0 0.4367318965734435 0.5497939918265833 0.4632814469276487 0.5089302614677511 0.4753281650558554 0.5228446902501874 0.4487786147016502 0.5637084206090196
0 0.4455288306158265 0.42321887627809013 0.46477475689001113 0.42321887627809013 0.46477475689001113 0.46917929723136687 0.4455288306158265 0.46917929723136687
0 0.438634767472835 0.36308732553088624 0.4571625621696247 0.36308732553088624 0.4571625621696247 0.40043016755542366 0.438634767472835 0.40043016755542366
0 0.4165163148890706 0.3351280694509764 0.44279993062172573 0.3351280694509764 0.44279993062172573 0.3594487922054186 0.4165163148890706 0.3594487922054186
0 0.45199201481238105 0.3244039712285451 0.4815790358010529 0.3244039712285451 0.4815790358010529 0.3473841817051834 0.45199201481238105 0.3473841817051834
0 0.5130331988909517 0.28131607658484814 0.5284012146472036 0.28131607658484814 0.5284012146472036 0.3213399431649933 0.5130331988909517 0.3213399431649933
0 0.4170377072263702 0.2406927471977479 0.43307891691668077 0.23469171964403024 0.44184765976456997 0.2763619884947221 0.4258064500742594 0.2823630160484398
0 0.4262074384239416 0.19936409696196755 0.44099303183355404 0.19519494707588966 0.4481548007227592 0.24034819820557576 0.43336920731314676 0.24451734809165368
0 0.45422846728820077 0.21786625460585643 0.46834906167524637 0.22212648222799192 0.46132128775590897 0.2635374547072628 0.44720069336886337 0.2592772270851273
0 0.2900546269078872 0.2878890061936992 0.301332394429531 0.2878890061936992 0.301332394429531 0.3263903956815089 0.2900546269078872 0.3263903956815089
0 0.6022534183339113 0.30142975097065566 0.6225715173571478 0.30142975097065566 0.6225715173571478 0.3357922903713572 0.6022534183339113 0.3357922903713572
0 0.6093247311801931 0.23948149654312276 0.6291845272179429 0.23948149654312276 0.6291845272179429 0.2723629170891408 0.6093247311801931 0.2723629170891408
0 0.5497453430669436 0.19525162111839048 0.5752793665440507 0.19525162111839048 0.5752793665440507 0.21474768462797636 0.5497453430669436 0.21474768462797636
0 0.5545466124387073 0.15684146614428085 0.5802988754327126 0.15684146614428085 0.5802988754327126 0.17633752965386681 0.5545466124387073 0.17633752965386681
0 0.5248660381405317 0.1670259769328705 0.5399245648065178 0.1670259769328705 0.5399245648065178 0.20223528565913765 0.5248660381405317 0.20223528565913765
0 0.49169363157198254 0.20660007599710464 0.5154817389139026 0.20660007599710464 0.5154817389139026 0.22376825132644151 0.49169363157198254 0.22376825132644151
0 0.5146087808463093 0.2156206426955698 0.5449440736951799 0.2156206426955698 0.5449440736951799 0.24617417506133876 0.5146087808463093 0.24617417506133876
0 0.5453805527289767 0.21591162871810096 0.5672045044188115 0.21591162871810096 0.5672045044188115 0.24297332881349631 0.5453805527289767 0.24297332881349631
0 0.6691223588103409 0.1501487876260648 0.6883274362973959 0.1501487876260648 0.6883274362973959 0.18215725010448944 0.6691223588103409 0.18215725010448944
0 0.6765425023848849 0.2109648663350717 0.7138614597745029 0.2109648663350717 0.7138614597745029 0.23860853847552935 0.6765425023848849 0.23860853847552935
0 0.7140796992914011 0.12425103162079393 0.7297929445080824 0.12425103162079393 0.7297929445080824 0.14083723490506853 0.7140796992914011 0.14083723490506853
0 0.6691079801370343 0.11850976722404112 0.6888218931941864 0.0978002044706127 0.6959801985806976 0.10991426118979024 0.6762662855235455 0.13062382394321867
0 0.42189599153968105 0.11326420510194364 0.4476007643113758 0.11326420510194364 0.4476007643113758 0.1547182513496291 0.42189599153968105 0.1547182513496291
0 0.42327192497390614 0.0310089322325206 0.443835743191262 0.0310089322325206 0.443835743191262 0.07899117473968408 0.42327192497390614 0.07899117473968408
0 0.4756795311119915 0.0 0.5022317141546504 0.0 0.5022317141546504 0.025861700566393697 0.4756795311119915 0.025861700566393697
0 0.5798168157140052 0.04419086684088543 0.5962000779140432 0.04419086684088543 0.5962000779140432 0.06201786473683487 0.5798168157140052 0.06201786473683487
0 0.3802657799135665 0.3275235127046694 0.39522120687404805 0.3275235127046694 0.39522120687404805 0.3743516883056614 0.3802657799135665 0.3743516883056614
0 0.39618607312956317 0.34823597498972353 0.415483398239862 0.34823597498972353 0.415483398239862 0.36573221642306125 0.39618607312956317 0.36573221642306125
0 0.39512472024849665 0.36586086525712985 0.41635177786982547 0.36586086525712985 0.41635177786982547 0.38194196951571224 0.39512472024849665 0.38194196951571224
0 0.7362234984290282 0.19919378022596282 0.7512040844514798 0.19919378022596282 0.7512040844514798 0.23758846736498695 0.7362234984290282 0.23758846736498695
0 0.7528685941331231 0.15747007397083865 0.7670169252529568 0.15747007397083865 0.7670169252529568 0.20074732248014326 0.7528685941331231 0.20074732248014326
0 0.7803330017173579 0.16967647739653968 0.7956464896514194 0.16967647739653968 0.7956464896514194 0.2089589029665239 0.7803330017173579 0.2089589029665239
0 0.774340767221862 0.14304432387637808 0.8028038807510369 0.14304432387637808 0.8028038807510369 0.15991135465597886 0.774340767221862 0.15991135465597886
0 0.8011393711929864 0.1554726626490179 0.8169522119944631 0.1554726626490179 0.8169522119944631 0.17189582347394006 0.8011393711929864 0.17189582347394006
0 0.8330979547075485 0.16146489691015883 0.8460811292603398 0.16146489691015883 0.8460811292603398 0.19453315346342234 0.8330979547075485 0.19453315346342234
0 0.7933324588505767 0.33751426278851976 0.8293120761541609 0.33751426278851976 0.8293120761541609 0.366994768586615 0.7933324588505767 0.366994768586615
0 0.8739348417485482 0.26622503967676237 0.9046883693879246 0.26622503967676237 0.9046883693879246 0.28444935192794263 0.8739348417485482 0.28444935192794263
0 0.8757720256520493 0.1878712233133155 0.886827215326335 0.1878712233133155 0.886827215326335 0.20421950380135004 0.8757720256520493 0.20421950380135004
0 0.8685359015016079 0.20582753139033705 0.9191887705546985 0.20582753139033705 0.9191887705546985 0.22271182107470058 0.8685359015016079 0.22271182107470058
0 0.8741639980630623 0.22297982567286512 0.8924553118877896 0.22297982567286512 0.8924553118877896 0.2462962257131768 0.8741639980630623 0.2462962257131768
0 0.8490780113903094 0.029702312860961172 0.8778032744861073 0.029702312860961172 0.8778032744861073 0.06565774421896681 0.8490780113903094 0.06565774421896681
0 0.6276059946017366 0.14614368912124082 0.6412144255594033 0.14614368912124082 0.6412144255594033 0.17424999096844793 0.6276059946017366 0.17424999096844793
0 0.6417480895185276 0.14632157681136945 0.6541557765681648 0.14632157681136945 0.6541557765681648 0.1714037831864522 0.6417480895185276 0.1714037831864522
0 0.5897158535039195 0.12995588236114053 0.6037245324309293 0.12995588236114053 0.6037245324309293 0.16019684004484436 0.5897158535039195 0.16019684004484436
0 0.6418815055083086 0.13333575410226037 0.6565572643842237 0.13333575410226037 0.6565572643842237 0.1454321371757419 0.6418815055083086 0.1454321371757419
0 0.6647584433871682 0.1106106343097592 0.6734765237772553 0.11787570048707839 0.6632776886872893 0.13963321778470839 0.6545596082972022 0.1323681516073892
0 0.6213583217517601 0.13954174724188967 0.6417243184574216 0.12132544594036199 0.6480434412098195 0.13388515945339244 0.627677444504158 0.15210146075492012
0 0.3765981644579393 0.9140204592138609 0.402750274647387 0.9140204592138609 0.402750274647387 0.9565325656505471 0.3765981644579393 0.9565325656505471
0 0.6413435004619251 0.8146663231943233 0.6642713780048956 0.8146663231943233 0.6642713780048956 0.8442814983539934 0.6413435004619251 0.8442814983539934
0 0.9685289573438692 0.25280398807461824 0.9833676354874333 0.25280398807461824 0.9833676354874333 0.28128555344907885 0.9685289573438692 0.28128555344907885
0 0.592341432197536 0.11555257241387211 0.611642965981369 0.1254630898649806 0.6081388901682986 0.13759548252910417 0.5888373563844655 0.12768496507799568
