0 0.031854638064438424 0.07865645245142103 0.039695779741838653 0.07865645245142103 0.039695779741838653 0.08453730870947121 0.031854638064438424 0.08453730870947121
0 0.10781569806425312 0.12018999977390035 0.11467669703197832 0.12018999977390035 0.11467669703197832 0.13011394470936 0.10781569806425312 0.13011394470936
0 0.08233198761270238 0.13599480096741018 0.0896830579352651 0.13599480096741018 0.0896830579352651 0.1400378896448197 0.08233198761270238 0.1400378896448197
0 0.07106034645143955 0.2073001830962685 0.07841141677400225 0.2073001830962685 0.07841141677400225 0.2128134858381905 0.07106034645143955 0.2128134858381905
0 0.27885060090254554 0.10070966341910918 0.2930626701928335 0.10070966341910918 0.2930626701928335 0.1051203056126468 0.27885060090254554 0.1051203056126468
0 0.3753946578055358 0.11357403648359393 0.3866662989667986 0.11357403648359393 0.3866662989667986 0.11761712516100341 0.3753946578055358 0.11761712516100341
0 0.42195143651509975 0.10806073374167187 0.42538193599896235 0.10806073374167187 0.42538193599896235 0.11283892945133762 0.42195143651509975 0.11283892945133762
0 0.4366535771602251 0.22420764483816272 0.44155429070860025 0.22420764483816272 0.44155429070860025 0.23229382219298175 0.4366535771602251 0.23229382219298175
0 0.5684827716115164 0.11320648296746577 0.5792643414179418 0.11320648296746577 0.5792643414179418 0.11835223219325967 0.5684827716115164 0.11835223219325967
0 0.6120991221920552 0.11320648296746577 0.6228806919984805 0.11320648296746577 0.6228806919984805 0.1176171251610034 0.6120991221920552 0.1176171251610034
0 0.6679672566435317 0.11320648296746577 0.6758083983209321 0.11320648296746577 0.6758083983209321 0.11908733922551595 0.6679672566435317 0.11908733922551595
0 0.7628054642586432 0.21024061122529358 0.7711366772908809 0.21024061122529358 0.7711366772908809 0.2142836999027031 0.7628054642586432 0.2142836999027031
0 0.982847502580687 0.159885779515739 0.9906886442580872 0.159885779515739 0.9906886442580872 0.16466397522540474 0.982847502580687 0.16466397522540474
0 0.9960794291612999 0.1062229661610312 1.0 0.1062229661610312 1.0 0.11217733200062267 0.9960794291612999 0.11217733200062267
0 0.7277559619337085 0.3366790207733723 0.7316765327724086 0.3366790207733723 0.7316765327724086 0.34145721648303806 0.7277559619337085 0.34145721648303806
0 0.7360871749659464 0.36167265987008546 0.7424581025788339 0.36167265987008546 0.7424581025788339 0.36571574854749506 0.7360871749659464 0.36571574854749506
0 0.8652532931398094 0.4072156289019509 0.8731340709523848 0.4053682011785111 0.8743881282253975 0.4083773351579887 0.8665073504128219 0.4102247628814285
0 0.8603320396631902 0.40921175805312626 0.8644323950201721 0.4079692261267681 0.8661719397170736 0.41119825597039145 0.8620715843600917 0.4124407878967496
0 0.8114287209697914 0.47302425438637413 0.8185837096916021 0.47302425438637413 0.8185837096916021 0.4773967474941473 0.8114287209697914 0.4773967474941473
0 0.9525650747702178 0.46706176378486547 0.9607800618211857 0.46706176378486547 0.9607800618211857 0.4706392581457707 0.9525650747702178 0.4706392581457707
0 0.7479853972428897 0.5197304307648606 0.7604403776104863 0.5197304307648606 0.7604403776104863 0.523109175439049 0.7479853972428897 0.523109175439049
0 0.6349389991651273 0.5519278800130089 0.6418289883046487 0.5519278800130089 0.6418289883046487 0.5572941215543669 0.6349389991651273 0.5572941215543669
0 0.643153986216095 0.6117515357148148 0.649513976191038 0.6117515357148148 0.649513976191038 0.6202977722436444 0.643153986216095 0.6202977722436444
0 0.72662885463722 0.6047952966797212 0.738818835422527 0.6047952966797212 0.738818835422527 0.6085715407273434 0.72662885463722 0.6085715407273434
0 0.5521768428695417 0.703824505611587 0.5585666243539605 0.703824505611587 0.5585666243539605 0.7082482004854153 0.5521768428695417 0.7082482004854153
0 0.4864037492927808 0.44795088615567197 0.49639150595177023 0.44795088615567197 0.49639150595177023 0.45419323406754025 0.4864037492927808 0.45419323406754025
0 0.5496595414663801 0.5330965116735561 0.5576497467935716 0.5330965116735561 0.5576497467935716 0.5375910021701013 0.5496595414663801 0.5375910021701013
0 0.4657623855308695 0.6092531561983497 0.47308674041412835 0.6092531561983497 0.47308674041412835 0.6149961162772686 0.4657623855308695 0.6149961162772686
0 0.08156667938174628 0.6507023463331555 0.08822518382107251 0.6507023463331555 0.08822518382107251 0.6549471429132258 0.08156667938174628 0.6549471429132258
0 0.05027170851691301 0.8297328844455394 0.05792898862213817 0.8297328844455394 0.05792898862213817 0.8349764566915088 0.05027170851691301 0.8349764566915088
0 0.08023497849388103 0.87143176849682 0.08656055771124094 0.87143176849682 0.08656055771124094 0.8784231981581124 0.08023497849388103 0.8784231981581124
0 0.3322593715223788 0.9358286634659934 0.33858495073973865 0.9358286634659934 0.33858495073973865 0.944567950542609 0.3322593715223788 0.944567950542609
0 0.4674270116407011 0.9458164201249828 0.47375259085806093 0.9458164201249828 0.47375259085806093 0.9553047889510227 0.4674270116407011 0.9553047889510227
0 0.5203621219333446 0.944817644459084 0.5273535515946371 0.944817644459084 0.5273535515946371 0.9543060132851239 0.5203621219333446 0.9543060132851239
0 0.596934922985595 0.9443182566261334 0.6040483375017536 0.9443182566261334 0.6040483375017536 0.9483133592897293 0.596934922985595 0.9483133592897293
0 0.6055879403763518 0.9443367457849243 0.6101578544144798 0.9458469684110057 0.6050566579886048 0.9545298050834489 0.6004867439504767 0.9530195824573675
0 0.6369985964865774 0.9458401070752768 0.6428140385151474 0.9458401070752768 0.6428140385151474 0.9502016885967043 0.6369985964865774 0.9502016885967043
0 0.7525438427772309 0.8696137104657854 0.7613351657743944 0.8696137104657854 0.7613351657743944 0.8770672234416412 0.7525438427772309 0.8770672234416412
